1: 0.0375 -0.2106 0.0313 -0.2300 0.0289 -0.2310 0.0267 -0.2319 0.0352 -0.2291 0.0357 -0.2297 0.0362 -0.2303 0.0154 -0.2258 0.0287 -0.2240 0.0316 -0.1962 0.0357 -0.1944 -0.0349 -0.1122 0.0335 -0.1436 -0.0448 0.0343 0.0386 0.0072 -0.0445 0.1515 0.0558 0.1547 -0.0498 0.1935 0.0567 0.1946 -0.0457 0.1980 0.0543 0.1962 -0.0416 0.1820 0.0526 0.1820 -0.0186 0.1282 0.0198 0.1277 -0.0348 0.3369 0.0360 0.3471 -0.0585 0.5284 0.0493 0.5558 -0.0663 0.5650 0.0398 0.5953 -0.0331 0.5533 0.0964 0.5888
2: 0.0381 -0.2094 0.0321 -0.2288 0.0298 -0.2299 0.0276 -0.2310 0.0358 -0.2283 0.0362 -0.2290 0.0367 -0.2297 0.0159 -0.2253 0.0292 -0.2236 0.0326 -0.1949 0.0362 -0.1934 -0.0347 -0.1121 0.0340 -0.1436 -0.0443 0.0345 0.0389 0.0074 -0.0443 0.1576 0.0562 0.1546 -0.0493 0.1979 0.0572 0.1947 -0.0452 0.2022 0.0548 0.1962 -0.0411 0.1877 0.0530 0.1818 -0.0191 0.1284 0.0197 0.1274 -0.0345 0.3381 0.0362 0.3473 -0.0582 0.5289 0.0495 0.5562 -0.0659 0.5651 0.0398 0.5945 -0.0318 0.5525 0.0971 0.5902
3: 0.0385 -0.2087 0.0326 -0.2280 0.0304 -0.2292 0.0281 -0.2303 0.0362 -0.2277 0.0366 -0.2285 0.0371 -0.2293 0.0163 -0.2250 0.0296 -0.2233 0.0333 -0.1941 0.0366 -0.1927 -0.0346 -0.1120 0.0341 -0.1438 -0.0440 0.0346 0.0388 0.0076 -0.0442 0.1603 0.0564 0.1545 -0.0489 0.2005 0.0575 0.1948 -0.0448 0.2047 0.0552 0.1962 -0.0407 0.1906 0.0534 0.1816 -0.0191 0.1286 0.0194 0.1270 -0.0341 0.3389 0.0360 0.3474 -0.0578 0.5296 0.0497 0.5566 -0.0655 0.5655 0.0397 0.5934 -0.0306 0.5516 0.0977 0.5911
4: 0.0387 -0.2083 0.0329 -0.2276 0.0307 -0.2287 0.0284 -0.2298 0.0365 -0.2273 0.0369 -0.2282 0.0373 -0.2290 0.0166 -0.2247 0.0299 -0.2230 0.0336 -0.1937 0.0369 -0.1924 -0.0344 -0.1121 0.0343 -0.1438 -0.0437 0.0345 0.0386 0.0076 -0.0439 0.1603 0.0564 0.1537 -0.0486 0.2006 0.0577 0.1944 -0.0444 0.2049 0.0555 0.1957 -0.0403 0.1908 0.0537 0.1808 -0.0193 0.1289 0.0192 0.1271 -0.0337 0.3396 0.0358 0.3475 -0.0576 0.5303 0.0498 0.5569 -0.0652 0.5658 0.0395 0.5934 -0.0298 0.5516 0.0981 0.5920
5: 0.0388 -0.2080 0.0331 -0.2273 0.0309 -0.2284 0.0286 -0.2296 0.0366 -0.2271 0.0370 -0.2279 0.0374 -0.2288 0.0167 -0.2245 0.0301 -0.2229 0.0338 -0.1934 0.0371 -0.1921 -0.0342 -0.1122 0.0345 -0.1438 -0.0435 0.0327 0.0386 0.0076 -0.0437 0.1567 0.0565 0.1533 -0.0484 0.1981 0.0579 0.1942 -0.0441 0.2023 0.0557 0.1955 -0.0399 0.1871 0.0539 0.1805 -0.0194 0.1290 0.0191 0.1270 -0.0333 0.3398 0.0354 0.3472 -0.0574 0.5307 0.0499 0.5571 -0.0650 0.5659 0.0395 0.5934 -0.0294 0.5518 0.0983 0.5924
6: 0.0390 -0.2074 0.0333 -0.2266 0.0311 -0.2278 0.0288 -0.2290 0.0368 -0.2265 0.0372 -0.2274 0.0376 -0.2283 0.0169 -0.2241 0.0303 -0.2225 0.0341 -0.1928 0.0373 -0.1915 -0.0340 -0.1122 0.0346 -0.1435 -0.0433 0.0317 0.0385 0.0077 -0.0435 0.1546 0.0567 0.1534 -0.0482 0.1963 0.0581 0.1943 -0.0437 0.2004 0.0559 0.1955 -0.0395 0.1847 0.0541 0.1806 -0.0194 0.1290 0.0189 0.1268 -0.0331 0.3401 0.0352 0.3469 -0.0573 0.5313 0.0501 0.5575 -0.0649 0.5663 0.0397 0.5938 -0.0292 0.5522 0.0985 0.5934
7: 0.0391 -0.2070 0.0334 -0.2262 0.0312 -0.2274 0.0289 -0.2286 0.0369 -0.2261 0.0373 -0.2270 0.0377 -0.2279 0.0170 -0.2239 0.0304 -0.2222 0.0342 -0.1924 0.0374 -0.1912 -0.0339 -0.1122 0.0346 -0.1434 -0.0432 0.0314 0.0383 0.0075 -0.0434 0.1535 0.0568 0.1534 -0.0480 0.1957 0.0582 0.1943 -0.0434 0.1999 0.0560 0.1956 -0.0391 0.1837 0.0542 0.1806 -0.0194 0.1289 0.0188 0.1267 -0.0331 0.3403 0.0351 0.3467 -0.0573 0.5317 0.0502 0.5577 -0.0648 0.5665 0.0397 0.5940 -0.0291 0.5525 0.0987 0.5940
8: 0.0392 -0.2064 0.0335 -0.2256 0.0313 -0.2268 0.0290 -0.2280 0.0370 -0.2255 0.0374 -0.2264 0.0378 -0.2274 0.0170 -0.2236 0.0305 -0.2219 0.0343 -0.1918 0.0375 -0.1906 -0.0339 -0.1120 0.0345 -0.1433 -0.0431 0.0315 0.0381 0.0075 -0.0433 0.1527 0.0568 0.1534 -0.0479 0.1952 0.0583 0.1945 -0.0433 0.1995 0.0561 0.1957 -0.0389 0.1831 0.0543 0.1807 -0.0193 0.1287 0.0186 0.1265 -0.0330 0.3405 0.0351 0.3465 -0.0573 0.5321 0.0503 0.5579 -0.0648 0.5667 0.0398 0.5941 -0.0290 0.5529 0.0988 0.5946
9: 0.0392 -0.2058 0.0336 -0.2250 0.0314 -0.2262 0.0292 -0.2275 0.0371 -0.2249 0.0375 -0.2259 0.0379 -0.2269 0.0171 -0.2233 0.0306 -0.2215 0.0344 -0.1913 0.0376 -0.1901 -0.0339 -0.1119 0.0345 -0.1432 -0.0430 0.0316 0.0378 0.0074 -0.0432 0.1528 0.0568 0.1534 -0.0478 0.1953 0.0583 0.1945 -0.0432 0.1996 0.0562 0.1957 -0.0388 0.1832 0.0543 0.1806 -0.0192 0.1287 0.0187 0.1265 -0.0329 0.3406 0.0351 0.3465 -0.0572 0.5323 0.0505 0.5579 -0.0647 0.5668 0.0399 0.5941 -0.0288 0.5531 0.0989 0.5950
10: 0.0392 -0.2054 0.0336 -0.2244 0.0314 -0.2257 0.0292 -0.2269 0.0371 -0.2244 0.0375 -0.2254 0.0379 -0.2264 0.0171 -0.2230 0.0306 -0.2212 0.0344 -0.1908 0.0376 -0.1896 -0.0339 -0.1116 0.0343 -0.1431 -0.0430 0.0318 0.0376 0.0074 -0.0433 0.1531 0.0567 0.1534 -0.0478 0.1956 0.0582 0.1946 -0.0432 0.2000 0.0561 0.1958 -0.0388 0.1836 0.0542 0.1807 -0.0191 0.1285 0.0186 0.1263 -0.0329 0.3409 0.0351 0.3466 -0.0572 0.5326 0.0505 0.5580 -0.0647 0.5669 0.0400 0.5941 -0.0287 0.5535 0.0989 0.5953
11: 0.0392 -0.2049 0.0337 -0.2240 0.0315 -0.2252 0.0293 -0.2265 0.0372 -0.2241 0.0376 -0.2251 0.0379 -0.2261 0.0172 -0.2227 0.0307 -0.2210 0.0345 -0.1902 0.0376 -0.1891 -0.0340 -0.1115 0.0343 -0.1430 -0.0427 0.0319 0.0375 0.0072 -0.0432 0.1533 0.0567 0.1533 -0.0477 0.1959 0.0582 0.1946 -0.0430 0.2002 0.0562 0.1958 -0.0387 0.1838 0.0543 0.1807 -0.0190 0.1285 0.0187 0.1262 -0.0329 0.3412 0.0351 0.3466 -0.0571 0.5328 0.0506 0.5581 -0.0647 0.5670 0.0401 0.5940 -0.0286 0.5538 0.0990 0.5955
12: 0.0392 -0.2046 0.0338 -0.2236 0.0316 -0.2249 0.0293 -0.2262 0.0372 -0.2237 0.0376 -0.2248 0.0379 -0.2258 0.0172 -0.2225 0.0307 -0.2208 0.0345 -0.1899 0.0376 -0.1888 -0.0340 -0.1114 0.0341 -0.1432 -0.0425 0.0320 0.0374 0.0070 -0.0432 0.1536 0.0565 0.1531 -0.0477 0.1963 0.0581 0.1945 -0.0430 0.2009 0.0561 0.1958 -0.0387 0.1846 0.0542 0.1807 -0.0190 0.1284 0.0187 0.1259 -0.0329 0.3414 0.0351 0.3466 -0.0572 0.5331 0.0506 0.5582 -0.0647 0.5671 0.0401 0.5940 -0.0283 0.5539 0.0991 0.5957
13: 0.0393 -0.2042 0.0339 -0.2231 0.0317 -0.2244 0.0295 -0.2257 0.0373 -0.2233 0.0377 -0.2244 0.0380 -0.2254 0.0173 -0.2221 0.0308 -0.2205 0.0347 -0.1895 0.0377 -0.1884 -0.0339 -0.1112 0.0341 -0.1431 -0.0422 0.0322 0.0375 0.0070 -0.0431 0.1539 0.0565 0.1531 -0.0476 0.1966 0.0582 0.1946 -0.0429 0.2013 0.0562 0.1959 -0.0386 0.1850 0.0542 0.1807 -0.0189 0.1285 0.0188 0.1259 -0.0328 0.3416 0.0352 0.3468 -0.0571 0.5333 0.0507 0.5584 -0.0646 0.5673 0.0402 0.5942 -0.0278 0.5541 0.0993 0.5959
14: 0.0393 -0.2041 0.0339 -0.2230 0.0317 -0.2242 0.0295 -0.2255 0.0373 -0.2232 0.0377 -0.2242 0.0380 -0.2253 0.0173 -0.2220 0.0308 -0.2204 0.0347 -0.1894 0.0377 -0.1883 -0.0339 -0.1111 0.0340 -0.1432 -0.0421 0.0323 0.0375 0.0070 -0.0431 0.1541 0.0565 0.1530 -0.0477 0.1968 0.0581 0.1944 -0.0429 0.2015 0.0561 0.1958 -0.0386 0.1852 0.0542 0.1806 -0.0189 0.1285 0.0187 0.1258 -0.0328 0.3418 0.0351 0.3468 -0.0571 0.5334 0.0507 0.5585 -0.0646 0.5674 0.0403 0.5944 -0.0276 0.5542 0.0993 0.5960
15: 0.0393 -0.2040 0.0339 -0.2229 0.0317 -0.2241 0.0295 -0.2254 0.0373 -0.2231 0.0377 -0.2241 0.0380 -0.2252 0.0173 -0.2219 0.0308 -0.2203 0.0347 -0.1893 0.0377 -0.1882 -0.0339 -0.1110 0.0340 -0.1431 -0.0420 0.0324 0.0375 0.0071 -0.0431 0.1548 0.0564 0.1530 -0.0477 0.1975 0.0581 0.1945 -0.0429 0.2024 0.0561 0.1958 -0.0385 0.1863 0.0542 0.1807 -0.0189 0.1285 0.0187 0.1256 -0.0329 0.3419 0.0351 0.3469 -0.0571 0.5335 0.0507 0.5587 -0.0647 0.5674 0.0403 0.5945 -0.0275 0.5545 0.0993 0.5961
16: 0.0393 -0.2040 0.0339 -0.2228 0.0317 -0.2240 0.0295 -0.2253 0.0372 -0.2230 0.0377 -0.2240 0.0380 -0.2251 0.0173 -0.2218 0.0308 -0.2202 0.0347 -0.1892 0.0377 -0.1881 -0.0339 -0.1109 0.0340 -0.1431 -0.0419 0.0326 0.0375 0.0072 -0.0431 0.1554 0.0563 0.1530 -0.0477 0.1981 0.0581 0.1946 -0.0429 0.2029 0.0561 0.1959 -0.0385 0.1870 0.0542 0.1808 -0.0189 0.1285 0.0187 0.1256 -0.0330 0.3421 0.0350 0.3469 -0.0571 0.5336 0.0507 0.5588 -0.0647 0.5674 0.0403 0.5945 -0.0275 0.5547 0.0993 0.5962
17: 0.0393 -0.2040 0.0339 -0.2228 0.0317 -0.2240 0.0295 -0.2253 0.0372 -0.2230 0.0376 -0.2240 0.0380 -0.2251 0.0173 -0.2218 0.0308 -0.2203 0.0347 -0.1892 0.0377 -0.1882 -0.0339 -0.1109 0.0341 -0.1431 -0.0418 0.0326 0.0375 0.0072 -0.0431 0.1555 0.0563 0.1529 -0.0477 0.1983 0.0581 0.1945 -0.0429 0.2030 0.0561 0.1959 -0.0385 0.1872 0.0541 0.1807 -0.0189 0.1285 0.0187 0.1254 -0.0330 0.3422 0.0349 0.3469 -0.0572 0.5336 0.0507 0.5588 -0.0647 0.5672 0.0403 0.5944 -0.0275 0.5549 0.0993 0.5962
18: 0.0392 -0.2040 0.0339 -0.2228 0.0317 -0.2240 0.0294 -0.2253 0.0372 -0.2229 0.0376 -0.2240 0.0380 -0.2250 0.0173 -0.2217 0.0308 -0.2202 0.0347 -0.1892 0.0377 -0.1881 -0.0339 -0.1109 0.0340 -0.1431 -0.0417 0.0326 0.0375 0.0072 -0.0431 0.1556 0.0563 0.1529 -0.0477 0.1984 0.0581 0.1946 -0.0429 0.2031 0.0561 0.1960 -0.0385 0.1873 0.0541 0.1808 -0.0189 0.1285 0.0186 0.1252 -0.0331 0.3424 0.0349 0.3470 -0.0572 0.5337 0.0507 0.5588 -0.0648 0.5672 0.0403 0.5944 -0.0275 0.5552 0.0993 0.5963
19: 0.0392 -0.2040 0.0339 -0.2228 0.0317 -0.2240 0.0295 -0.2252 0.0372 -0.2229 0.0376 -0.2239 0.0380 -0.2250 0.0173 -0.2217 0.0308 -0.2202 0.0347 -0.1892 0.0377 -0.1881 -0.0339 -0.1107 0.0340 -0.1431 -0.0416 0.0327 0.0375 0.0072 -0.0431 0.1560 0.0563 0.1529 -0.0477 0.1989 0.0581 0.1946 -0.0430 0.2036 0.0561 0.1960 -0.0387 0.1878 0.0541 0.1808 -0.0188 0.1286 0.0186 0.1251 -0.0331 0.3427 0.0348 0.3471 -0.0572 0.5338 0.0507 0.5589 -0.0648 0.5671 0.0404 0.5944 -0.0275 0.5555 0.0993 0.5964
20: 0.0392 -0.2038 0.0338 -0.2226 0.0316 -0.2238 0.0294 -0.2251 0.0372 -0.2227 0.0376 -0.2238 0.0379 -0.2248 0.0173 -0.2215 0.0308 -0.2200 0.0347 -0.1890 0.0377 -0.1880 -0.0339 -0.1105 0.0341 -0.1429 -0.0416 0.0329 0.0375 0.0073 -0.0432 0.1562 0.0563 0.1531 -0.0478 0.1991 0.0581 0.1948 -0.0430 0.2038 0.0561 0.1962 -0.0387 0.1881 0.0541 0.1810 -0.0188 0.1285 0.0186 0.1250 -0.0331 0.3430 0.0348 0.3473 -0.0572 0.5340 0.0507 0.5591 -0.0648 0.5673 0.0404 0.5945 -0.0275 0.5557 0.0993 0.5966
21: 0.0392 -0.2037 0.0338 -0.2225 0.0316 -0.2237 0.0294 -0.2250 0.0371 -0.2227 0.0375 -0.2237 0.0379 -0.2247 0.0173 -0.2214 0.0308 -0.2199 0.0347 -0.1890 0.0376 -0.1879 -0.0339 -0.1105 0.0341 -0.1429 -0.0415 0.0330 0.0375 0.0074 -0.0431 0.1563 0.0562 0.1531 -0.0478 0.1992 0.0580 0.1949 -0.0430 0.2039 0.0560 0.1963 -0.0386 0.1882 0.0540 0.1811 -0.0188 0.1284 0.0185 0.1248 -0.0331 0.3431 0.0347 0.3473 -0.0572 0.5342 0.0507 0.5592 -0.0648 0.5674 0.0404 0.5945 -0.0275 0.5558 0.0992 0.5967
22: 0.0392 -0.2036 0.0338 -0.2224 0.0317 -0.2236 0.0294 -0.2249 0.0371 -0.2226 0.0375 -0.2236 0.0379 -0.2246 0.0173 -0.2213 0.0308 -0.2198 0.0347 -0.1889 0.0376 -0.1878 -0.0339 -0.1104 0.0341 -0.1428 -0.0415 0.0331 0.0376 0.0075 -0.0431 0.1564 0.0562 0.1532 -0.0478 0.1993 0.0579 0.1950 -0.0430 0.2040 0.0559 0.1964 -0.0386 0.1883 0.0539 0.1812 -0.0188 0.1284 0.0185 0.1246 -0.0331 0.3432 0.0347 0.3474 -0.0572 0.5343 0.0507 0.5593 -0.0648 0.5675 0.0404 0.5946 -0.0275 0.5559 0.0992 0.5968
23: 0.0392 -0.2035 0.0339 -0.2222 0.0317 -0.2234 0.0295 -0.2247 0.0371 -0.2224 0.0375 -0.2234 0.0379 -0.2244 0.0173 -0.2211 0.0308 -0.2196 0.0347 -0.1887 0.0376 -0.1876 -0.0339 -0.1102 0.0340 -0.1427 -0.0415 0.0333 0.0376 0.0076 -0.0431 0.1566 0.0562 0.1534 -0.0478 0.1995 0.0579 0.1952 -0.0430 0.2042 0.0559 0.1966 -0.0386 0.1885 0.0538 0.1814 -0.0188 0.1284 0.0185 0.1244 -0.0331 0.3434 0.0347 0.3475 -0.0572 0.5346 0.0507 0.5595 -0.0648 0.5677 0.0405 0.5948 -0.0275 0.5562 0.0991 0.5970
24: 0.0392 -0.2032 0.0340 -0.2220 0.0318 -0.2231 0.0297 -0.2244 0.0372 -0.2221 0.0376 -0.2231 0.0379 -0.2241 0.0174 -0.2208 0.0308 -0.2194 0.0348 -0.1884 0.0377 -0.1873 -0.0338 -0.1100 0.0340 -0.1427 -0.0413 0.0333 0.0376 0.0078 -0.0431 0.1567 0.0561 0.1537 -0.0477 0.1998 0.0578 0.1954 -0.0430 0.2045 0.0557 0.1969 -0.0385 0.1887 0.0537 0.1817 -0.0187 0.1284 0.0183 0.1244 -0.0330 0.3438 0.0346 0.3478 -0.0572 0.5350 0.0507 0.5598 -0.0648 0.5680 0.0405 0.5951 -0.0275 0.5565 0.0991 0.5973
25: 0.0392 -0.2032 0.0340 -0.2219 0.0319 -0.2231 0.0297 -0.2244 0.0372 -0.2221 0.0376 -0.2231 0.0379 -0.2241 0.0175 -0.2207 0.0308 -0.2193 0.0348 -0.1884 0.0377 -0.1873 -0.0337 -0.1099 0.0340 -0.1427 -0.0411 0.0333 0.0377 0.0078 -0.0430 0.1568 0.0560 0.1538 -0.0477 0.1999 0.0575 0.1955 -0.0429 0.2047 0.0554 0.1970 -0.0384 0.1888 0.0535 0.1818 -0.0186 0.1284 0.0182 0.1243 -0.0329 0.3439 0.0345 0.3478 -0.0572 0.5351 0.0507 0.5599 -0.0648 0.5680 0.0405 0.5952 -0.0274 0.5566 0.0991 0.5974
26: 0.0392 -0.2034 0.0340 -0.2220 0.0319 -0.2232 0.0297 -0.2244 0.0372 -0.2222 0.0375 -0.2232 0.0379 -0.2242 0.0175 -0.2207 0.0308 -0.2194 0.0349 -0.1885 0.0377 -0.1875 -0.0336 -0.1099 0.0339 -0.1428 -0.0410 0.0333 0.0377 0.0078 -0.0430 0.1568 0.0558 0.1538 -0.0477 0.2000 0.0573 0.1955 -0.0429 0.2047 0.0551 0.1970 -0.0384 0.1888 0.0532 0.1818 -0.0185 0.1284 0.0181 0.1243 -0.0329 0.3440 0.0345 0.3479 -0.0573 0.5352 0.0507 0.5599 -0.0648 0.5680 0.0405 0.5952 -0.0274 0.5566 0.0991 0.5974
27: 0.0392 -0.2035 0.0340 -0.2221 0.0319 -0.2233 0.0297 -0.2245 0.0372 -0.2223 0.0375 -0.2233 0.0379 -0.2243 0.0175 -0.2207 0.0308 -0.2195 0.0349 -0.1885 0.0376 -0.1876 -0.0336 -0.1099 0.0339 -0.1429 -0.0410 0.0333 0.0377 0.0078 -0.0430 0.1568 0.0555 0.1538 -0.0477 0.2000 0.0570 0.1955 -0.0429 0.2047 0.0549 0.1969 -0.0384 0.1888 0.0530 0.1818 -0.0184 0.1284 0.0181 0.1243 -0.0329 0.3440 0.0345 0.3479 -0.0573 0.5352 0.0507 0.5599 -0.0649 0.5680 0.0405 0.5952 -0.0274 0.5567 0.0991 0.5974
28: 0.0392 -0.2036 0.0340 -0.2222 0.0319 -0.2233 0.0297 -0.2245 0.0372 -0.2224 0.0375 -0.2233 0.0379 -0.2243 0.0175 -0.2208 0.0308 -0.2195 0.0349 -0.1886 0.0376 -0.1876 -0.0336 -0.1099 0.0339 -0.1429 -0.0409 0.0335 0.0377 0.0077 -0.0429 0.1568 0.0552 0.1538 -0.0477 0.2000 0.0567 0.1955 -0.0428 0.2047 0.0545 0.1970 -0.0383 0.1888 0.0526 0.1819 -0.0183 0.1283 0.0180 0.1243 -0.0329 0.3441 0.0345 0.3479 -0.0573 0.5353 0.0506 0.5600 -0.0649 0.5680 0.0405 0.5953 -0.0274 0.5567 0.0991 0.5974
29: 0.0392 -0.2038 0.0340 -0.2223 0.0319 -0.2234 0.0297 -0.2246 0.0372 -0.2224 0.0375 -0.2234 0.0379 -0.2244 0.0175 -0.2207 0.0308 -0.2195 0.0349 -0.1887 0.0376 -0.1878 -0.0336 -0.1098 0.0339 -0.1429 -0.0409 0.0338 0.0376 0.0078 -0.0429 0.1571 0.0549 0.1538 -0.0477 0.2002 0.0564 0.1956 -0.0428 0.2048 0.0542 0.1971 -0.0382 0.1890 0.0524 0.1820 -0.0183 0.1284 0.0180 0.1244 -0.0329 0.3442 0.0345 0.3480 -0.0573 0.5355 0.0506 0.5601 -0.0649 0.5681 0.0405 0.5955 -0.0273 0.5570 0.0991 0.5975
30: 0.0392 -0.2039 0.0340 -0.2223 0.0319 -0.2234 0.0297 -0.2246 0.0372 -0.2225 0.0375 -0.2235 0.0379 -0.2245 0.0175 -0.2208 0.0308 -0.2196 0.0349 -0.1887 0.0377 -0.1879 -0.0336 -0.1097 0.0339 -0.1430 -0.0410 0.0342 0.0376 0.0078 -0.0429 0.1573 0.0548 0.1538 -0.0476 0.2003 0.0563 0.1956 -0.0427 0.2049 0.0540 0.1971 -0.0382 0.1892 0.0522 0.1820 -0.0182 0.1283 0.0180 0.1243 -0.0329 0.3442 0.0345 0.3481 -0.0573 0.5355 0.0506 0.5601 -0.0649 0.5681 0.0405 0.5955 -0.0273 0.5571 0.0991 0.5975
31: 0.0392 -0.2039 0.0340 -0.2223 0.0319 -0.2234 0.0297 -0.2245 0.0372 -0.2225 0.0375 -0.2235 0.0379 -0.2244 0.0175 -0.2207 0.0308 -0.2196 0.0349 -0.1887 0.0377 -0.1879 -0.0336 -0.1096 0.0339 -0.1430 -0.0409 0.0345 0.0376 0.0079 -0.0428 0.1574 0.0547 0.1539 -0.0476 0.2004 0.0562 0.1957 -0.0426 0.2050 0.0539 0.1972 -0.0379 0.1893 0.0521 0.1822 -0.0182 0.1283 0.0180 0.1243 -0.0329 0.3443 0.0345 0.3482 -0.0573 0.5356 0.0506 0.5602 -0.0650 0.5682 0.0405 0.5956 -0.0273 0.5572 0.0991 0.5976
32: 0.0392 -0.2040 0.0340 -0.2224 0.0318 -0.2234 0.0296 -0.2246 0.0371 -0.2226 0.0375 -0.2235 0.0378 -0.2245 0.0174 -0.2207 0.0308 -0.2197 0.0349 -0.1888 0.0376 -0.1880 -0.0336 -0.1095 0.0339 -0.1431 -0.0409 0.0349 0.0376 0.0078 -0.0426 0.1575 0.0546 0.1539 -0.0474 0.2004 0.0562 0.1957 -0.0424 0.2051 0.0539 0.1972 -0.0377 0.1893 0.0521 0.1822 -0.0182 0.1283 0.0180 0.1243 -0.0329 0.3443 0.0345 0.3482 -0.0573 0.5357 0.0506 0.5602 -0.0650 0.5681 0.0405 0.5956 -0.0273 0.5573 0.0991 0.5976
33: 0.0391 -0.2040 0.0338 -0.2224 0.0316 -0.2235 0.0295 -0.2246 0.0370 -0.2226 0.0374 -0.2236 0.0378 -0.2245 0.0173 -0.2207 0.0308 -0.2197 0.0347 -0.1889 0.0376 -0.1881 -0.0336 -0.1093 0.0339 -0.1433 -0.0408 0.0351 0.0376 0.0078 -0.0425 0.1576 0.0546 0.1540 -0.0474 0.2006 0.0561 0.1958 -0.0422 0.2052 0.0538 0.1974 -0.0375 0.1894 0.0520 0.1823 -0.0182 0.1284 0.0180 0.1244 -0.0330 0.3444 0.0345 0.3483 -0.0574 0.5358 0.0506 0.5603 -0.0651 0.5682 0.0405 0.5957 -0.0273 0.5574 0.0991 0.5976
34: 0.0389 -0.2042 0.0336 -0.2226 0.0314 -0.2236 0.0292 -0.2248 0.0369 -0.2228 0.0374 -0.2237 0.0377 -0.2247 0.0172 -0.2207 0.0308 -0.2198 0.0346 -0.1891 0.0375 -0.1883 -0.0335 -0.1093 0.0339 -0.1434 -0.0406 0.0351 0.0376 0.0078 -0.0423 0.1576 0.0545 0.1539 -0.0472 0.2006 0.0560 0.1958 -0.0420 0.2052 0.0536 0.1974 -0.0373 0.1894 0.0518 0.1823 -0.0181 0.1283 0.0180 0.1243 -0.0331 0.3444 0.0344 0.3483 -0.0574 0.5358 0.0505 0.5604 -0.0651 0.5682 0.0405 0.5957 -0.0273 0.5574 0.0992 0.5976
35: 0.0387 -0.2043 0.0334 -0.2227 0.0312 -0.2238 0.0290 -0.2249 0.0368 -0.2228 0.0372 -0.2238 0.0376 -0.2247 0.0170 -0.2208 0.0307 -0.2199 0.0344 -0.1892 0.0373 -0.1884 -0.0336 -0.1092 0.0338 -0.1434 -0.0406 0.0352 0.0375 0.0079 -0.0424 0.1577 0.0543 0.1540 -0.0473 0.2008 0.0558 0.1959 -0.0421 0.2054 0.0534 0.1975 -0.0373 0.1895 0.0516 0.1824 -0.0181 0.1284 0.0178 0.1244 -0.0332 0.3445 0.0343 0.3483 -0.0575 0.5359 0.0504 0.5605 -0.0652 0.5682 0.0404 0.5958 -0.0273 0.5575 0.0991 0.5977
36: 0.0386 -0.2045 0.0333 -0.2228 0.0310 -0.2239 0.0289 -0.2250 0.0367 -0.2230 0.0372 -0.2239 0.0376 -0.2249 0.0170 -0.2208 0.0307 -0.2199 0.0343 -0.1893 0.0372 -0.1885 -0.0336 -0.1092 0.0339 -0.1434 -0.0404 0.0352 0.0375 0.0079 -0.0424 0.1577 0.0543 0.1540 -0.0473 0.2008 0.0557 0.1959 -0.0421 0.2054 0.0534 0.1975 -0.0373 0.1895 0.0515 0.1824 -0.0181 0.1284 0.0179 0.1244 -0.0333 0.3445 0.0343 0.3483 -0.0575 0.5359 0.0504 0.5605 -0.0652 0.5681 0.0404 0.5958 -0.0273 0.5576 0.0992 0.5977
37: 0.0383 -0.2047 0.0329 -0.2230 0.0306 -0.2241 0.0284 -0.2252 0.0365 -0.2231 0.0370 -0.2240 0.0374 -0.2250 0.0167 -0.2209 0.0306 -0.2200 0.0339 -0.1896 0.0370 -0.1887 -0.0337 -0.1092 0.0340 -0.1435 -0.0404 0.0351 0.0375 0.0080 -0.0424 0.1577 0.0542 0.1540 -0.0474 0.2008 0.0556 0.1959 -0.0422 0.2054 0.0532 0.1976 -0.0374 0.1895 0.0513 0.1824 -0.0182 0.1283 0.0178 0.1244 -0.0335 0.3444 0.0342 0.3483 -0.0576 0.5359 0.0503 0.5605 -0.0653 0.5680 0.0403 0.5958 -0.0273 0.5576 0.0991 0.5977
38: 0.0381 -0.2050 0.0327 -0.2232 0.0304 -0.2243 0.0281 -0.2254 0.0365 -0.2233 0.0370 -0.2242 0.0374 -0.2251 0.0165 -0.2210 0.0306 -0.2201 0.0337 -0.1898 0.0369 -0.1889 -0.0338 -0.1091 0.0343 -0.1434 -0.0404 0.0352 0.0377 0.0081 -0.0429 0.1596 0.0542 0.1540 -0.0477 0.2019 0.0556 0.1959 -0.0426 0.2064 0.0532 0.1976 -0.0379 0.1915 0.0513 0.1824 -0.0183 0.1283 0.0179 0.1244 -0.0336 0.3443 0.0342 0.3483 -0.0576 0.5359 0.0503 0.5605 -0.0653 0.5680 0.0403 0.5958 -0.0273 0.5576 0.0992 0.5976
39: 0.0379 -0.2054 0.0324 -0.2236 0.0301 -0.2246 0.0278 -0.2257 0.0363 -0.2236 0.0368 -0.2245 0.0373 -0.2254 0.0163 -0.2211 0.0305 -0.2203 0.0335 -0.1901 0.0368 -0.1893 -0.0339 -0.1092 0.0344 -0.1435 -0.0405 0.0352 0.0377 0.0082 -0.0434 0.1618 0.0541 0.1539 -0.0481 0.2031 0.0555 0.1958 -0.0432 0.2077 0.0531 0.1975 -0.0387 0.1938 0.0512 0.1823 -0.0185 0.1282 0.0179 0.1244 -0.0338 0.3441 0.0341 0.3482 -0.0578 0.5358 0.0502 0.5603 -0.0654 0.5679 0.0402 0.5957 -0.0274 0.5575 0.0991 0.5975
40: 0.0379 -0.2056 0.0324 -0.2238 0.0300 -0.2248 0.0277 -0.2258 0.0363 -0.2238 0.0368 -0.2246 0.0373 -0.2255 0.0162 -0.2212 0.0305 -0.2203 0.0334 -0.1903 0.0368 -0.1895 -0.0339 -0.1092 0.0347 -0.1435 -0.0405 0.0351 0.0378 0.0084 -0.0435 0.1620 0.0541 0.1539 -0.0484 0.2033 0.0555 0.1959 -0.0435 0.2080 0.0532 0.1976 -0.0389 0.1940 0.0512 0.1823 -0.0187 0.1282 0.0179 0.1244 -0.0339 0.3440 0.0342 0.3483 -0.0578 0.5358 0.0502 0.5603 -0.0655 0.5678 0.0402 0.5957 -0.0274 0.5575 0.0992 0.5975
