1: -0.0806 -0.2209 -0.0767 -0.2394 -0.0756 -0.2394 -0.0746 -0.2394 -0.0762 -0.2410 -0.0746 -0.2421 -0.0729 -0.2432 -0.0599 -0.2339 -0.0567 -0.2387 -0.0758 -0.2055 -0.0754 -0.2058 -0.0482 -0.1400 -0.0154 -0.1507 -0.0987 -0.0298 -0.0714 -0.0404 -0.1672 -0.0638 -0.1542 -0.0524 -0.1824 -0.0681 -0.1707 -0.0596 -0.1814 -0.0827 -0.1734 -0.0712 -0.1752 -0.0797 -0.1676 -0.0681 0.0229 0.1431 0.0407 0.1476 -0.0130 0.3795 0.0000 0.3692 0.0029 0.6219 0.0167 0.5969 0.0155 0.6426 0.0308 0.6228 -0.0462 0.6345 -0.0301 0.6147
2: -0.0886 -0.2164 -0.0835 -0.2365 -0.0824 -0.2369 -0.0813 -0.2372 -0.0824 -0.2382 -0.0805 -0.2397 -0.0786 -0.2412 -0.0682 -0.2311 -0.0633 -0.2361 -0.0828 -0.2015 -0.0816 -0.2013 -0.0528 -0.1389 -0.0170 -0.1431 -0.1088 -0.0338 -0.0349 -0.0527 -0.1690 -0.0789 -0.0845 -0.0866 -0.1842 -0.0888 -0.0901 -0.1072 -0.1820 -0.1008 -0.0956 -0.1145 -0.1760 -0.0971 -0.0957 -0.1047 0.0274 0.1401 0.0426 0.1421 -0.0153 0.3726 -0.0026 0.3614 0.0008 0.6160 0.0146 0.5909 0.0134 0.6369 0.0289 0.6168 -0.0492 0.6314 -0.0321 0.6087
3: -0.0955 -0.1999 -0.0915 -0.2202 -0.0903 -0.2210 -0.0891 -0.2218 -0.0908 -0.2212 -0.0891 -0.2227 -0.0873 -0.2245 -0.0758 -0.2167 -0.0718 -0.2212 -0.0899 -0.1868 -0.0894 -0.1857 -0.0563 -0.1383 -0.0196 -0.1336 -0.1174 -0.0324 -0.0355 -0.0622 -0.1698 -0.0971 -0.0829 -0.1039 -0.1847 -0.1111 -0.0878 -0.1279 -0.1788 -0.1239 -0.0932 -0.1353 -0.1729 -0.1205 -0.0936 -0.1239 0.0321 0.1361 0.0439 0.1358 -0.0179 0.3602 -0.0063 0.3481 -0.0018 0.6029 0.0121 0.5779 0.0107 0.6240 0.0266 0.6037 -0.0525 0.6202 -0.0342 0.5958
4: -0.1031 -0.1921 -0.1012 -0.2095 -0.1005 -0.2098 -0.0999 -0.2099 -0.1002 -0.2109 -0.0985 -0.2122 -0.0968 -0.2135 -0.0876 -0.2049 -0.0812 -0.2123 -0.0980 -0.1787 -0.0970 -0.1786 -0.0647 -0.1220 -0.0222 -0.1363 -0.1298 -0.0364 -0.0255 -0.0864 -0.1748 -0.1193 -0.0738 -0.1598 -0.1877 -0.1379 -0.0791 -0.1867 -0.1798 -0.1489 -0.0854 -0.1918 -0.1744 -0.1438 -0.0857 -0.1793 0.0363 0.1321 0.0508 0.1263 -0.0262 0.3378 -0.0152 0.3238 -0.0068 0.5794 0.0064 0.5529 0.0070 0.6015 0.0216 0.5801 -0.0584 0.5998 -0.0400 0.5735
5: -0.1042 -0.1861 -0.1036 -0.2044 -0.1036 -0.2042 -0.1038 -0.2037 -0.1014 -0.2075 -0.0996 -0.2097 -0.0977 -0.2118 -0.0954 -0.2002 -0.0832 -0.2140 -0.0995 -0.1720 -0.0983 -0.1737 -0.0747 -0.1174 -0.0191 -0.1440 -0.1413 -0.0401 -0.0289 -0.1088 -0.1770 -0.1410 -0.0876 -0.1770 -0.1893 -0.1619 -0.0976 -0.1945 -0.1815 -0.1735 -0.1018 -0.2016 -0.1753 -0.1659 -0.1004 -0.1932 0.0371 0.1366 0.0566 0.1250 -0.0334 0.3121 -0.0201 0.2977 -0.0089 0.5430 0.0036 0.5237 0.0050 0.5680 0.0192 0.5552 -0.0591 0.5771 -0.0406 0.5508
6: -0.1058 -0.1660 -0.1072 -0.1845 -0.1073 -0.1851 -0.1075 -0.1853 -0.1052 -0.1865 -0.1036 -0.1884 -0.1017 -0.1904 -0.0990 -0.1851 -0.0884 -0.1950 -0.1012 -0.1545 -0.0993 -0.1558 -0.0795 -0.1081 -0.0200 -0.1335 -0.1543 -0.0340 -0.0400 -0.0753 -0.1786 -0.1448 -0.1033 -0.1387 -0.1899 -0.1681 -0.1143 -0.1618 -0.1820 -0.1807 -0.1185 -0.1687 -0.1763 -0.1719 -0.1159 -0.1581 0.0399 0.1241 0.0598 0.1175 -0.0406 0.2946 -0.0257 0.2835 -0.0089 0.5268 0.0022 0.5053 0.0064 0.5549 0.0178 0.5421 -0.0579 0.5680 -0.0398 0.5412
7: -0.1077 -0.1620 -0.1099 -0.1796 -0.1103 -0.1795 -0.1108 -0.1791 -0.1074 -0.1822 -0.1055 -0.1842 -0.1037 -0.1858 -0.1036 -0.1743 -0.0913 -0.1859 -0.1035 -0.1503 -0.1007 -0.1516 -0.0838 -0.1022 -0.0243 -0.1239 -0.1568 -0.0308 -0.0459 -0.0630 -0.1790 -0.1431 -0.1103 -0.1137 -0.1886 -0.1760 -0.1214 -0.1293 -0.1807 -0.1819 -0.1252 -0.1377 -0.1754 -0.1690 -0.1227 -0.1309 0.0474 0.1167 0.0608 0.1093 -0.0450 0.2763 -0.0295 0.2576 -0.0093 0.4950 -0.0004 0.4765 0.0060 0.5264 0.0136 0.5134 -0.0587 0.5530 -0.0426 0.5247
8: -0.1150 -0.1438 -0.1173 -0.1613 -0.1175 -0.1617 -0.1179 -0.1620 -0.1153 -0.1630 -0.1137 -0.1647 -0.1119 -0.1664 -0.1087 -0.1612 -0.0983 -0.1699 -0.1098 -0.1342 -0.1070 -0.1348 -0.0831 -0.0969 -0.0316 -0.1174 -0.1567 -0.0190 -0.0520 -0.0581 -0.1798 -0.1319 -0.1147 -0.1204 -0.1889 -0.1636 -0.1336 -0.1368 -0.1805 -0.1704 -0.1297 -0.1450 -0.1758 -0.1583 -0.1269 -0.1377 0.0523 0.1105 0.0625 0.1040 -0.0513 0.2505 -0.0329 0.2326 -0.0105 0.4849 -0.0018 0.4647 0.0072 0.5191 0.0126 0.5002 -0.0615 0.5323 -0.0489 0.5075
9: -0.1153 -0.1277 -0.1176 -0.1473 -0.1179 -0.1479 -0.1184 -0.1480 -0.1156 -0.1495 -0.1139 -0.1519 -0.1123 -0.1536 -0.1112 -0.1477 -0.1006 -0.1581 -0.1107 -0.1195 -0.1078 -0.1201 -0.0851 -0.0879 -0.0331 -0.1091 -0.1533 -0.0179 -0.0543 -0.0483 -0.1784 -0.1229 -0.1178 -0.1095 -0.1855 -0.1541 -0.1326 -0.1302 -0.1772 -0.1612 -0.1326 -0.1375 -0.1728 -0.1505 -0.1302 -0.1285 0.0515 0.1021 0.0667 0.0950 -0.0569 0.2278 -0.0366 0.2081 -0.0151 0.4618 -0.0033 0.4404 0.0057 0.5001 0.0118 0.4779 -0.0685 0.5126 -0.0502 0.4801
10: -0.1194 -0.1215 -0.1211 -0.1425 -0.1210 -0.1433 -0.1211 -0.1436 -0.1200 -0.1434 -0.1188 -0.1447 -0.1176 -0.1457 -0.1116 -0.1431 -0.1045 -0.1493 -0.1142 -0.1126 -0.1123 -0.1120 -0.0842 -0.0812 -0.0394 -0.1050 -0.1508 -0.0041 -0.0910 -0.0027 -0.1737 -0.1148 -0.1211 -0.0968 -0.1831 -0.1439 -0.1500 -0.1292 -0.1735 -0.1549 -0.1413 -0.1409 -0.1675 -0.1445 -0.1337 -0.1293 0.0598 0.0994 0.0639 0.0868 -0.0542 0.2085 -0.0379 0.1915 -0.0147 0.4441 -0.0018 0.4125 0.0067 0.4811 0.0170 0.4470 -0.0679 0.4925 -0.0394 0.4601
11: -0.1222 -0.1259 -0.1240 -0.1464 -0.1238 -0.1466 -0.1238 -0.1464 -0.1230 -0.1482 -0.1218 -0.1498 -0.1205 -0.1513 -0.1137 -0.1436 -0.1067 -0.1529 -0.1170 -0.1137 -0.1150 -0.1145 -0.0839 -0.0700 -0.0427 -0.1085 -0.1501 0.0058 -0.0888 0.0002 -0.1675 -0.0987 -0.1379 -0.0945 -0.1781 -0.1292 -0.1542 -0.1250 -0.1661 -0.1420 -0.1445 -0.1397 -0.1589 -0.1299 -0.1365 -0.1283 0.0633 0.0994 0.0633 0.0792 -0.0555 0.1886 -0.0387 0.1743 -0.0117 0.4232 -0.0002 0.3922 0.0103 0.4590 0.0189 0.4249 -0.0689 0.4680 -0.0419 0.4271
12: -0.1259 -0.1192 -0.1274 -0.1404 -0.1269 -0.1401 -0.1267 -0.1394 -0.1264 -0.1430 -0.1248 -0.1448 -0.1234 -0.1467 -0.1168 -0.1377 -0.1094 -0.1519 -0.1218 -0.1090 -0.1189 -0.1106 -0.0884 -0.0575 -0.0418 -0.1134 -0.1551 0.0066 -0.0177 -0.0265 -0.1674 -0.0962 -0.0469 -0.0636 -0.1782 -0.1232 -0.0471 -0.0779 -0.1663 -0.1352 -0.0517 -0.0835 -0.1596 -0.1255 -0.0536 -0.0771 0.0641 0.0923 0.0663 0.0785 -0.0622 0.1698 -0.0425 0.1565 -0.0159 0.4012 -0.0031 0.3714 0.0084 0.4373 0.0182 0.4058 -0.0756 0.4501 -0.0444 0.4059
13: -0.1312 -0.1139 -0.1322 -0.1334 -0.1319 -0.1339 -0.1317 -0.1341 -0.1308 -0.1348 -0.1291 -0.1362 -0.1275 -0.1375 -0.1212 -0.1341 -0.1132 -0.1421 -0.1251 -0.1063 -0.1222 -0.1069 -0.0839 -0.0757 -0.0470 -0.1027 -0.1569 0.0112 -0.0878 0.0034 -0.1717 -0.0881 -0.1295 -0.0631 -0.1827 -0.1155 -0.1345 -0.0979 -0.1698 -0.1278 -0.1268 -0.1132 -0.1639 -0.1181 -0.1141 -0.0963 0.0604 0.0921 0.0704 0.0862 -0.0671 0.1566 -0.0442 0.1453 -0.0213 0.3858 -0.0077 0.3532 0.0031 0.4212 0.0139 0.3867 -0.0789 0.4286 -0.0489 0.3896
14: -0.1207 -0.1197 -0.1232 -0.1377 -0.1232 -0.1384 -0.1236 -0.1390 -0.1225 -0.1385 -0.1214 -0.1403 -0.1207 -0.1416 -0.1167 -0.1390 -0.1120 -0.1446 -0.1162 -0.1123 -0.1140 -0.1122 -0.0786 -0.0711 -0.0511 -0.1025 -0.1522 0.0091 -0.0943 -0.0139 -0.1719 -0.0873 -0.1412 -0.0800 -0.1853 -0.1137 -0.1515 -0.1054 -0.1721 -0.1281 -0.1368 -0.1179 -0.1643 -0.1187 -0.1292 -0.1040 0.0600 0.0885 0.0698 0.0850 -0.0701 0.1394 -0.0481 0.1290 -0.0233 0.3705 -0.0109 0.3337 0.0017 0.4062 0.0101 0.3684 -0.0813 0.4125 -0.0533 0.3711
15: -0.1186 -0.1256 -0.1214 -0.1424 -0.1214 -0.1423 -0.1217 -0.1421 -0.1203 -0.1451 -0.1191 -0.1471 -0.1182 -0.1488 -0.1131 -0.1423 -0.1083 -0.1526 -0.1133 -0.1158 -0.1108 -0.1180 -0.0781 -0.0669 -0.0525 -0.1094 -0.1520 0.0163 -0.0974 -0.0407 -0.1726 -0.0808 -0.1470 -0.0943 -0.1863 -0.1103 -0.1586 -0.1235 -0.1720 -0.1290 -0.1475 -0.1331 -0.1635 -0.1176 -0.1402 -0.1242 0.0563 0.0912 0.0741 0.0849 -0.0710 0.1318 -0.0465 0.1191 -0.0248 0.3570 -0.0115 0.3229 -0.0004 0.3943 0.0102 0.3615 -0.0790 0.3991 -0.0553 0.3624
16: -0.1196 -0.1202 -0.1226 -0.1387 -0.1225 -0.1389 -0.1227 -0.1391 -0.1216 -0.1414 -0.1204 -0.1439 -0.1194 -0.1462 -0.1138 -0.1400 -0.1085 -0.1516 -0.1139 -0.1122 -0.1116 -0.1139 -0.0792 -0.0651 -0.0502 -0.1165 -0.1495 0.0117 -0.0938 -0.0384 -0.1748 -0.0851 -0.1433 -0.0819 -0.1868 -0.1153 -0.1593 -0.1183 -0.1752 -0.1303 -0.1492 -0.1267 -0.1674 -0.1213 -0.1422 -0.1179 0.0571 0.0947 0.0724 0.0870 -0.0725 0.1349 -0.0478 0.1193 -0.0268 0.3580 -0.0108 0.3262 -0.0023 0.3966 0.0111 0.3656 -0.0802 0.4005 -0.0559 0.3654
17: -0.1192 -0.1204 -0.1225 -0.1417 -0.1225 -0.1421 -0.1226 -0.1421 -0.1215 -0.1444 -0.1204 -0.1468 -0.1193 -0.1490 -0.1139 -0.1408 -0.1078 -0.1533 -0.1137 -0.1119 -0.1113 -0.1134 -0.0812 -0.0655 -0.0501 -0.1156 -0.1513 0.0060 -0.0928 -0.0278 -0.1765 -0.0945 -0.1270 -0.0843 -0.1882 -0.1231 -0.1299 -0.1072 -0.1768 -0.1349 -0.1295 -0.1187 -0.1690 -0.1253 -0.1392 -0.1149 0.0630 0.0978 0.0684 0.0831 -0.0725 0.1366 -0.0502 0.1143 -0.0227 0.3627 -0.0111 0.3264 0.0019 0.3973 0.0101 0.3619 -0.0793 0.4061 -0.0601 0.3699
18: -0.1169 -0.1250 -0.1204 -0.1455 -0.1202 -0.1457 -0.1202 -0.1456 -0.1195 -0.1481 -0.1182 -0.1502 -0.1169 -0.1519 -0.1117 -0.1447 -0.1050 -0.1555 -0.1125 -0.1155 -0.1096 -0.1173 -0.0870 -0.0650 -0.0468 -0.1065 -0.1523 0.0045 -0.0638 -0.0591 -0.1748 -0.0937 -0.1082 -0.1058 -0.1888 -0.1219 -0.1103 -0.1145 -0.1763 -0.1342 -0.1224 -0.1202 -0.1685 -0.1245 -0.1269 -0.1176 0.0655 0.1009 0.0684 0.0705 -0.0698 0.1394 -0.0484 0.1141 -0.0142 0.3618 -0.0088 0.3267 0.0078 0.3987 0.0124 0.3620 -0.0761 0.4121 -0.0600 0.3708
19: -0.1187 -0.1346 -0.1215 -0.1551 -0.1213 -0.1551 -0.1212 -0.1547 -0.1205 -0.1564 -0.1191 -0.1574 -0.1177 -0.1584 -0.1117 -0.1481 -0.1049 -0.1568 -0.1141 -0.1205 -0.1111 -0.1213 -0.0859 -0.0703 -0.0489 -0.1022 -0.1507 -0.0066 -0.0865 -0.0356 -0.1789 -0.0890 -0.1340 -0.0930 -0.1933 -0.1119 -0.1281 -0.1178 -0.1854 -0.1284 -0.1401 -0.1276 -0.1790 -0.1205 -0.1313 -0.1169 0.0678 0.1005 0.0669 0.0718 -0.0684 0.1495 -0.0506 0.1308 -0.0125 0.3768 -0.0102 0.3468 0.0077 0.4109 0.0112 0.3788 -0.0773 0.4283 -0.0641 0.3877
20: -0.1187 -0.1337 -0.1213 -0.1514 -0.1211 -0.1514 -0.1210 -0.1513 -0.1201 -0.1525 -0.1187 -0.1536 -0.1171 -0.1548 -0.1116 -0.1471 -0.1039 -0.1566 -0.1142 -0.1210 -0.1115 -0.1209 -0.0873 -0.0753 -0.0477 -0.1122 -0.1510 0.0012 -0.0574 -0.0345 -0.1880 -0.0724 -0.1009 -0.0766 -0.2029 -0.0926 -0.1011 -0.0933 -0.1982 -0.1097 -0.1074 -0.1060 -0.1929 -0.1054 -0.1086 -0.0974 0.0666 0.1045 0.0685 0.0832 -0.0674 0.1760 -0.0503 0.1622 -0.0129 0.4028 -0.0099 0.3808 0.0070 0.4361 0.0107 0.4111 -0.0764 0.4513 -0.0637 0.4195
21: -0.1175 -0.1388 -0.1197 -0.1556 -0.1194 -0.1555 -0.1192 -0.1551 -0.1182 -0.1577 -0.1165 -0.1595 -0.1146 -0.1614 -0.1100 -0.1525 -0.1010 -0.1655 -0.1128 -0.1278 -0.1103 -0.1288 -0.0881 -0.0717 -0.0454 -0.1258 -0.1531 -0.0094 -0.0385 -0.0543 -0.2032 -0.0783 -0.0862 -0.0748 -0.2153 -0.0908 -0.0884 -0.0829 -0.2117 -0.1040 -0.0955 -0.0926 -0.2069 -0.1007 -0.0977 -0.0865 0.0666 0.1125 0.0669 0.0848 -0.0679 0.1979 -0.0510 0.1742 -0.0146 0.4268 -0.0116 0.4024 0.0057 0.4635 0.0090 0.4347 -0.0772 0.4766 -0.0659 0.4409
22: -0.1170 -0.1538 -0.1185 -0.1697 -0.1181 -0.1693 -0.1176 -0.1688 -0.1170 -0.1718 -0.1152 -0.1732 -0.1132 -0.1748 -0.1078 -0.1637 -0.0995 -0.1747 -0.1117 -0.1421 -0.1095 -0.1436 -0.0852 -0.0820 -0.0477 -0.1153 -0.1520 0.0023 -0.0658 -0.0484 -0.2143 -0.0622 -0.1400 -0.0782 -0.2265 -0.0714 -0.1675 -0.0649 -0.2228 -0.0822 -0.1727 -0.0754 -0.2186 -0.0799 -0.1795 -0.0652 0.0659 0.1111 0.0670 0.0861 -0.0667 0.2206 -0.0514 0.1939 -0.0148 0.4559 -0.0125 0.4257 0.0065 0.4948 0.0079 0.4598 -0.0788 0.5073 -0.0669 0.4658
23: -0.1155 -0.1681 -0.1160 -0.1854 -0.1152 -0.1850 -0.1143 -0.1844 -0.1147 -0.1869 -0.1128 -0.1879 -0.1106 -0.1890 -0.1032 -0.1771 -0.0968 -0.1868 -0.1097 -0.1535 -0.1081 -0.1547 -0.0819 -0.0901 -0.0489 -0.1137 -0.1490 0.0138 -0.1073 -0.0074 -0.2181 -0.0351 -0.1967 -0.0347 -0.2334 -0.0415 -0.2059 -0.0374 -0.2308 -0.0531 -0.2063 -0.0474 -0.2247 -0.0504 -0.2049 -0.0373 0.0659 0.1126 0.0649 0.0912 -0.0636 0.2357 -0.0518 0.2127 -0.0140 0.4796 -0.0138 0.4473 0.0072 0.5192 0.0057 0.4812 -0.0776 0.5294 -0.0660 0.4868
24: -0.1127 -0.1826 -0.1110 -0.1987 -0.1100 -0.1978 -0.1091 -0.1969 -0.1099 -0.2017 -0.1079 -0.2030 -0.1058 -0.2045 -0.0990 -0.1896 -0.0931 -0.2003 -0.1074 -0.1660 -0.1061 -0.1686 -0.0820 -0.0905 -0.0437 -0.1260 -0.1415 0.0217 -0.0294 -0.0252 -0.2167 -0.0043 -0.0822 -0.0290 -0.2335 -0.0112 -0.0875 -0.0372 -0.2340 -0.0215 -0.0963 -0.0443 -0.2272 -0.0249 -0.0969 -0.0392 0.0642 0.1185 0.0615 0.0980 -0.0623 0.2626 -0.0516 0.2350 -0.0139 0.5055 -0.0141 0.4719 0.0076 0.5413 0.0057 0.5050 -0.0783 0.5534 -0.0679 0.5112
25: -0.1074 -0.1867 -0.1041 -0.2027 -0.1031 -0.2023 -0.1021 -0.2019 -0.1036 -0.2053 -0.1020 -0.2066 -0.1003 -0.2080 -0.0924 -0.1976 -0.0876 -0.2044 -0.1029 -0.1713 -0.1022 -0.1732 -0.0771 -0.1096 -0.0387 -0.1237 -0.1074 0.0212 -0.0344 0.0017 -0.2092 0.0275 -0.1242 0.0196 -0.2273 0.0418 -0.1407 0.0128 -0.2233 0.0376 -0.1512 0.0126 -0.2167 0.0336 -0.1469 0.0174 0.0532 0.1190 0.0628 0.1143 -0.0592 0.2874 -0.0426 0.2660 -0.0151 0.5311 -0.0122 0.4977 0.0081 0.5665 0.0095 0.5347 -0.0782 0.5799 -0.0678 0.5527
26: -0.0997 -0.2061 -0.0963 -0.2232 -0.0955 -0.2230 -0.0947 -0.2230 -0.0950 -0.2249 -0.0931 -0.2257 -0.0912 -0.2268 -0.0852 -0.2165 -0.0794 -0.2227 -0.0948 -0.1901 -0.0933 -0.1912 -0.0687 -0.1276 -0.0349 -0.1210 -0.1010 0.0184 -0.0659 0.0116 -0.1922 0.0643 -0.1322 0.0724 -0.2159 0.0869 -0.1486 0.0859 -0.2170 0.0848 -0.1551 0.0864 -0.2079 0.0796 -0.1516 0.0831 0.0452 0.1258 0.0583 0.1227 -0.0519 0.2988 -0.0351 0.2805 -0.0125 0.5437 -0.0084 0.5181 0.0108 0.5811 0.0135 0.5551 -0.0755 0.6007 -0.0649 0.5718
27: -0.1000 -0.2198 -0.0946 -0.2366 -0.0934 -0.2362 -0.0922 -0.2360 -0.0940 -0.2378 -0.0922 -0.2383 -0.0904 -0.2390 -0.0810 -0.2283 -0.0772 -0.2338 -0.0943 -0.2018 -0.0933 -0.2024 -0.0629 -0.1356 -0.0326 -0.1327 -0.0868 0.0101 -0.0594 0.0158 -0.1694 0.1040 -0.1198 0.1019 -0.1953 0.1368 -0.1295 0.1224 -0.1973 0.1315 -0.1353 0.1207 -0.1854 0.1222 -0.1334 0.1157 0.0410 0.1393 0.0545 0.1288 -0.0462 0.3232 -0.0303 0.3041 -0.0123 0.5700 -0.0026 0.5433 0.0101 0.6093 0.0168 0.5816 -0.0736 0.6239 -0.0598 0.5869
28: -0.0922 -0.2292 -0.0856 -0.2465 -0.0844 -0.2459 -0.0832 -0.2455 -0.0849 -0.2481 -0.0831 -0.2486 -0.0813 -0.2493 -0.0722 -0.2361 -0.0668 -0.2427 -0.0872 -0.2105 -0.0860 -0.2118 -0.0590 -0.1379 -0.0275 -0.1354 -0.0702 0.0150 -0.0551 0.0187 -0.1228 0.1337 -0.0909 0.1249 -0.1391 0.1667 -0.1029 0.1529 -0.1407 0.1630 -0.1089 0.1525 -0.1326 0.1532 -0.1046 0.1455 0.0372 0.1434 0.0495 0.1300 -0.0387 0.3377 -0.0232 0.3172 -0.0103 0.5902 -0.0024 0.5555 0.0124 0.6329 0.0172 0.5917 -0.0713 0.6318 -0.0590 0.5940
29: -0.0818 -0.2227 -0.0774 -0.2411 -0.0767 -0.2407 -0.0761 -0.2405 -0.0755 -0.2433 -0.0734 -0.2442 -0.0711 -0.2454 -0.0659 -0.2341 -0.0564 -0.2414 -0.0775 -0.2062 -0.0749 -0.2074 -0.0569 -0.1431 -0.0177 -0.1456 -0.0548 -0.0004 -0.0302 0.0091 -0.0893 0.1381 -0.0645 0.1253 -0.0965 0.1656 -0.0774 0.1516 -0.0993 0.1625 -0.0849 0.1531 -0.0964 0.1555 -0.0829 0.1489 0.0287 0.1479 0.0460 0.1407 -0.0376 0.3557 -0.0177 0.3416 -0.0109 0.6140 0.0036 0.5738 0.0113 0.6527 0.0199 0.6138 -0.0714 0.6484 -0.0525 0.6051
30: -0.0780 -0.2257 -0.0744 -0.2427 -0.0732 -0.2431 -0.0719 -0.2433 -0.0742 -0.2430 -0.0728 -0.2434 -0.0712 -0.2438 -0.0600 -0.2420 -0.0566 -0.2443 -0.0722 -0.2135 -0.0717 -0.2129 -0.0420 -0.1586 -0.0168 -0.1438 -0.0269 -0.0036 -0.0227 0.0114 -0.0396 0.1496 -0.0426 0.1492 -0.0385 0.1883 -0.0500 0.1842 -0.0448 0.1847 -0.0550 0.1861 -0.0436 0.1744 -0.0553 0.1949 0.0245 0.1538 0.0342 0.1485 -0.0273 0.3696 -0.0123 0.3584 -0.0056 0.6199 0.0074 0.5796 0.0155 0.6616 0.0235 0.6201 -0.0647 0.6578 -0.0451 0.6159
31: -0.0721 -0.2224 -0.0686 -0.2353 -0.0672 -0.2352 -0.0658 -0.2346 -0.0686 -0.2345 -0.0673 -0.2336 -0.0657 -0.2328 -0.0542 -0.2300 -0.0526 -0.2293 -0.0663 -0.2131 -0.0662 -0.2110 -0.0318 -0.1587 -0.0126 -0.1362 -0.0127 0.0069 -0.0063 0.0124 -0.0119 0.1645 -0.0054 0.1636 -0.0078 0.2025 -0.0070 0.1983 -0.0113 0.2052 -0.0061 0.2004 -0.0123 0.1914 -0.0068 0.1945 0.0192 0.1483 0.0254 0.1467 -0.0134 0.3842 -0.0067 0.3693 0.0014 0.6386 0.0133 0.5998 0.0193 0.6806 0.0276 0.6401 -0.0608 0.6775 -0.0416 0.6400
32: -0.0682 -0.2330 -0.0648 -0.2514 -0.0634 -0.2513 -0.0619 -0.2512 -0.0651 -0.2514 -0.0640 -0.2512 -0.0626 -0.2510 -0.0485 -0.2443 -0.0494 -0.2453 -0.0622 -0.2188 -0.0626 -0.2167 -0.0204 -0.1607 -0.0119 -0.1440 0.0118 -0.0061 -0.0013 0.0123 0.0273 0.1606 0.0045 0.1599 0.0342 0.1982 0.0100 0.2018 0.0263 0.1979 0.0043 0.1990 0.0230 0.1872 0.0046 0.1849 0.0178 0.1526 0.0144 0.1518 -0.0066 0.3960 -0.0020 0.3786 0.0035 0.6451 0.0187 0.6064 0.0209 0.6866 0.0315 0.6423 -0.0592 0.6843 -0.0339 0.6436
33: -0.0632 -0.2391 -0.0587 -0.2581 -0.0574 -0.2582 -0.0562 -0.2582 -0.0590 -0.2583 -0.0577 -0.2586 -0.0564 -0.2590 -0.0432 -0.2511 -0.0438 -0.2528 -0.0574 -0.2230 -0.0581 -0.2212 -0.0150 -0.1611 -0.0106 -0.1464 0.0263 -0.0172 0.0077 0.0071 0.0452 0.1522 0.0133 0.1552 0.0564 0.1872 0.0168 0.1989 0.0486 0.1916 0.0112 0.2058 0.0439 0.1815 0.0065 0.1884 0.0136 0.1546 0.0119 0.1531 -0.0020 0.4033 0.0047 0.3910 0.0091 0.6496 0.0220 0.6129 0.0242 0.6866 0.0354 0.6510 -0.0507 0.6822 -0.0321 0.6491
34: -0.0600 -0.2406 -0.0543 -0.2586 -0.0532 -0.2585 -0.0521 -0.2584 -0.0545 -0.2593 -0.0533 -0.2597 -0.0520 -0.2602 -0.0404 -0.2498 -0.0397 -0.2531 -0.0557 -0.2239 -0.0564 -0.2231 -0.0130 -0.1568 -0.0089 -0.1454 0.0330 -0.0229 0.0237 0.0052 0.0606 0.1427 0.0241 0.1452 0.0741 0.1752 0.0306 0.1806 0.0643 0.1806 0.0191 0.1900 0.0577 0.1707 0.0177 0.1760 0.0090 0.1523 0.0129 0.1498 -0.0020 0.4048 0.0057 0.3975 0.0079 0.6447 0.0232 0.6113 0.0217 0.6799 0.0356 0.6512 -0.0523 0.6765 -0.0313 0.6417
35: -0.0588 -0.2344 -0.0522 -0.2519 -0.0509 -0.2518 -0.0497 -0.2518 -0.0524 -0.2528 -0.0511 -0.2534 -0.0498 -0.2541 -0.0380 -0.2443 -0.0372 -0.2478 -0.0540 -0.2191 -0.0546 -0.2186 -0.0097 -0.1535 -0.0013 -0.1486 0.0374 -0.0165 0.0286 -0.0121 0.0777 0.1388 0.0312 0.1425 0.0939 0.1704 0.0367 0.1716 0.0851 0.1783 0.0309 0.1788 0.0779 0.1682 0.0302 0.1674 0.0009 0.1536 0.0100 0.1485 -0.0018 0.4152 0.0061 0.4055 0.0084 0.6495 0.0230 0.6065 0.0197 0.6845 0.0371 0.6482 -0.0516 0.6747 -0.0269 0.6359
36: -0.0537 -0.2396 -0.0465 -0.2562 -0.0452 -0.2562 -0.0440 -0.2562 -0.0467 -0.2574 -0.0453 -0.2580 -0.0438 -0.2589 -0.0320 -0.2486 -0.0306 -0.2522 -0.0489 -0.2245 -0.0492 -0.2246 -0.0030 -0.1548 0.0011 -0.1489 0.0418 -0.0177 0.0321 -0.0117 0.0888 0.1313 0.0447 0.1330 0.1048 0.1631 0.0420 0.1654 0.0984 0.1727 0.0379 0.1739 0.0900 0.1622 0.0339 0.1591 -0.0022 0.1522 0.0042 0.1516 -0.0012 0.4074 0.0074 0.3991 0.0116 0.6426 0.0257 0.6055 0.0216 0.6767 0.0403 0.6475 -0.0485 0.6764 -0.0234 0.6387
37: -0.0532 -0.2428 -0.0462 -0.2600 -0.0447 -0.2599 -0.0433 -0.2600 -0.0462 -0.2614 -0.0447 -0.2621 -0.0430 -0.2631 -0.0304 -0.2522 -0.0293 -0.2560 -0.0483 -0.2265 -0.0484 -0.2267 -0.0018 -0.1558 0.0033 -0.1500 0.0416 -0.0190 0.0373 -0.0132 0.0890 0.1272 0.0529 0.1299 0.1068 0.1578 0.0534 0.1615 0.0989 0.1667 0.0525 0.1796 0.0888 0.1579 0.0467 0.1563 -0.0033 0.1527 0.0017 0.1530 -0.0002 0.4076 0.0091 0.3989 0.0124 0.6421 0.0273 0.6054 0.0206 0.6719 0.0397 0.6464 -0.0496 0.6753 -0.0220 0.6389
38: -0.0525 -0.2446 -0.0457 -0.2622 -0.0443 -0.2619 -0.0429 -0.2618 -0.0456 -0.2638 -0.0440 -0.2645 -0.0421 -0.2655 -0.0301 -0.2538 -0.0280 -0.2581 -0.0476 -0.2272 -0.0475 -0.2276 -0.0033 -0.1566 0.0057 -0.1518 0.0385 -0.0195 0.0374 -0.0139 0.0857 0.1272 0.0576 0.1271 0.1034 0.1572 0.0624 0.1574 0.0967 0.1654 0.0472 0.1720 0.0878 0.1570 0.0462 0.1541 -0.0065 0.1543 0.0042 0.1539 0.0011 0.4046 0.0091 0.3973 0.0109 0.6429 0.0253 0.6085 0.0193 0.6738 0.0379 0.6482 -0.0479 0.6735 -0.0208 0.6400
39: -0.0495 -0.2445 -0.0428 -0.2615 -0.0413 -0.2610 -0.0397 -0.2607 -0.0428 -0.2631 -0.0413 -0.2636 -0.0395 -0.2645 -0.0267 -0.2516 -0.0252 -0.2560 -0.0446 -0.2264 -0.0447 -0.2271 -0.0017 -0.1565 0.0085 -0.1512 0.0383 -0.0189 0.0358 -0.0152 0.0783 0.1300 0.0458 0.1262 0.0937 0.1628 0.0540 0.1614 0.0848 0.1695 0.0477 0.1710 0.0770 0.1605 0.0424 0.1526 -0.0083 0.1545 0.0017 0.1532 0.0002 0.4046 0.0076 0.3969 0.0090 0.6451 0.0250 0.6083 0.0188 0.6719 0.0360 0.6469 -0.0445 0.6769 -0.0174 0.6432
40: -0.0470 -0.2445 -0.0403 -0.2603 -0.0388 -0.2596 -0.0374 -0.2591 -0.0404 -0.2623 -0.0390 -0.2629 -0.0373 -0.2638 -0.0251 -0.2497 -0.0235 -0.2550 -0.0423 -0.2260 -0.0425 -0.2273 0.0007 -0.1535 0.0105 -0.1522 0.0360 -0.0008 0.0332 -0.0129 0.0664 0.1523 0.0356 0.1271 0.0787 0.1878 0.0485 0.1618 0.0711 0.1913 0.0493 0.1703 0.0650 0.1799 0.0363 0.1548 -0.0109 0.1545 -0.0004 0.1512 -0.0012 0.4037 0.0061 0.3956 0.0111 0.6432 0.0255 0.6085 0.0221 0.6727 0.0363 0.6462 -0.0410 0.6774 -0.0164 0.6495
