1: 0.0629 -0.1580 0.0627 -0.1770 0.0618 -0.1784 0.0607 -0.1801 0.0619 -0.1777 0.0605 -0.1794 0.0589 -0.1815 0.0461 -0.1869 0.0450 -0.1881 0.0543 -0.1480 0.0533 -0.1490 0.0103 -0.1114 0.0022 -0.1266 0.0000 -0.0025 -0.0221 -0.0570 -0.0059 0.0140 -0.0141 -0.1554 -0.0097 0.0281 -0.0133 -0.1820 -0.0059 0.0127 -0.0122 -0.1801 -0.0046 0.0063 -0.0148 -0.1783 -0.0096 0.1202 -0.0028 0.1179 0.0072 0.2962 0.0455 0.2844 -0.0222 0.4638 -0.0162 0.4501 -0.0352 0.4931 -0.0296 0.4724 0.0120 0.5058 0.0111 0.4991
2: 0.0623 -0.1573 0.0621 -0.1755 0.0612 -0.1770 0.0600 -0.1787 0.0614 -0.1763 0.0600 -0.1780 0.0584 -0.1801 0.0455 -0.1858 0.0446 -0.1870 0.0542 -0.1474 0.0532 -0.1484 0.0086 -0.1131 0.0021 -0.1260 0.0039 0.0082 -0.0242 -0.0386 0.0085 0.0618 -0.0158 -0.1472 0.0105 0.0841 -0.0141 -0.1814 0.0125 0.0733 -0.0125 -0.1833 0.0111 0.0637 -0.0142 -0.1778 -0.0095 0.1208 -0.0012 0.1184 0.0077 0.2974 0.0483 0.2821 -0.0231 0.4665 -0.0148 0.4509 -0.0359 0.4942 -0.0291 0.4736 0.0122 0.5069 0.0118 0.4998
3: 0.0619 -0.1566 0.0615 -0.1746 0.0606 -0.1761 0.0594 -0.1778 0.0607 -0.1754 0.0594 -0.1771 0.0578 -0.1792 0.0450 -0.1849 0.0440 -0.1860 0.0542 -0.1468 0.0533 -0.1478 0.0078 -0.1139 0.0023 -0.1263 0.0060 0.0152 -0.0247 -0.0388 0.0156 0.0838 -0.0164 -0.1458 0.0199 0.1081 -0.0150 -0.1821 0.0215 0.1010 -0.0133 -0.1839 0.0186 0.0908 -0.0140 -0.1770 -0.0091 0.1214 -0.0010 0.1188 0.0131 0.2982 0.0506 0.2791 -0.0228 0.4674 -0.0139 0.4525 -0.0355 0.4950 -0.0282 0.4755 0.0144 0.5074 0.0160 0.5007
4: 0.0610 -0.1560 0.0604 -0.1736 0.0595 -0.1751 0.0583 -0.1768 0.0595 -0.1744 0.0582 -0.1762 0.0567 -0.1783 0.0441 -0.1838 0.0431 -0.1850 0.0535 -0.1462 0.0526 -0.1471 0.0073 -0.1133 0.0019 -0.1271 0.0068 0.0178 -0.0256 -0.0390 0.0162 0.0884 -0.0170 -0.1440 0.0205 0.1130 -0.0157 -0.1813 0.0220 0.1063 -0.0139 -0.1831 0.0192 0.0962 -0.0141 -0.1760 -0.0075 0.1214 -0.0016 0.1192 0.0282 0.2866 0.0497 0.2782 -0.0205 0.4661 -0.0147 0.4569 -0.0328 0.4929 -0.0292 0.4835 0.0187 0.5061 0.0208 0.5020
5: 0.0605 -0.1555 0.0598 -0.1730 0.0589 -0.1744 0.0577 -0.1761 0.0589 -0.1737 0.0576 -0.1755 0.0561 -0.1776 0.0438 -0.1831 0.0427 -0.1842 0.0532 -0.1459 0.0523 -0.1466 0.0070 -0.1130 0.0020 -0.1273 0.0078 0.0190 -0.0264 -0.0334 0.0174 0.0892 -0.0174 -0.1402 0.0219 0.1137 -0.0162 -0.1788 0.0233 0.1070 -0.0142 -0.1823 0.0204 0.0970 -0.0142 -0.1720 -0.0068 0.1214 -0.0021 0.1191 0.0332 0.2868 0.0491 0.2761 -0.0195 0.4658 -0.0143 0.4583 -0.0324 0.4930 -0.0295 0.4869 0.0207 0.5045 0.0249 0.5027
6: 0.0598 -0.1558 0.0591 -0.1731 0.0581 -0.1745 0.0570 -0.1763 0.0582 -0.1738 0.0569 -0.1756 0.0554 -0.1777 0.0432 -0.1831 0.0421 -0.1843 0.0526 -0.1462 0.0517 -0.1469 0.0064 -0.1131 0.0016 -0.1275 0.0086 0.0222 -0.0276 -0.0353 0.0177 0.1013 -0.0182 -0.1401 0.0222 0.1279 -0.0170 -0.1783 0.0233 0.1225 -0.0149 -0.1824 0.0202 0.1117 -0.0147 -0.1722 -0.0050 0.1214 -0.0031 0.1192 0.0457 0.2778 0.0337 0.2764 -0.0151 0.4625 -0.0165 0.4609 -0.0321 0.4912 -0.0334 0.4908 0.0238 0.5039 0.0239 0.5035
7: 0.0591 -0.1560 0.0584 -0.1732 0.0574 -0.1746 0.0562 -0.1763 0.0575 -0.1739 0.0561 -0.1757 0.0546 -0.1778 0.0424 -0.1831 0.0414 -0.1843 0.0519 -0.1464 0.0510 -0.1470 0.0061 -0.1131 0.0009 -0.1275 0.0092 0.0237 -0.0296 -0.0320 0.0175 0.1019 -0.0193 -0.1390 0.0217 0.1281 -0.0181 -0.1782 0.0228 0.1224 -0.0158 -0.1824 0.0198 0.1118 -0.0154 -0.1710 -0.0015 0.1215 -0.0052 0.1192 0.0564 0.2714 -0.0004 0.2899 -0.0044 0.4558 -0.0261 0.4676 -0.0290 0.4888 -0.0398 0.4969 0.0304 0.5024 0.0227 0.5052
8: 0.0592 -0.1562 0.0585 -0.1733 0.0576 -0.1747 0.0564 -0.1765 0.0576 -0.1741 0.0563 -0.1759 0.0548 -0.1780 0.0426 -0.1832 0.0415 -0.1845 0.0520 -0.1466 0.0511 -0.1473 0.0063 -0.1132 0.0010 -0.1274 0.0106 0.0269 -0.0303 -0.0312 0.0215 0.1129 -0.0197 -0.1390 0.0270 0.1408 -0.0182 -0.1784 0.0275 0.1371 -0.0159 -0.1826 0.0236 0.1261 -0.0152 -0.1705 -0.0023 0.1214 -0.0050 0.1191 0.0465 0.2712 0.0369 0.2739 -0.0078 0.4587 0.0047 0.4517 -0.0370 0.4938 -0.0107 0.4684 0.0194 0.5094 0.0420 0.4988
9: 0.0593 -0.1567 0.0586 -0.1737 0.0576 -0.1752 0.0564 -0.1769 0.0577 -0.1745 0.0563 -0.1763 0.0549 -0.1784 0.0427 -0.1836 0.0416 -0.1849 0.0521 -0.1471 0.0512 -0.1478 0.0064 -0.1134 0.0010 -0.1274 0.0108 0.0293 -0.0307 -0.0307 0.0225 0.1177 -0.0196 -0.1397 0.0285 0.1457 -0.0182 -0.1788 0.0288 0.1426 -0.0159 -0.1831 0.0246 0.1317 -0.0151 -0.1710 -0.0028 0.1215 -0.0047 0.1193 0.0438 0.2711 0.0472 0.2675 -0.0135 0.4626 0.0167 0.4452 -0.0429 0.4994 -0.0020 0.4669 0.0158 0.5156 0.0535 0.4919
10: 0.0592 -0.1568 0.0586 -0.1736 0.0576 -0.1750 0.0564 -0.1767 0.0577 -0.1744 0.0564 -0.1762 0.0549 -0.1783 0.0427 -0.1835 0.0417 -0.1848 0.0520 -0.1472 0.0512 -0.1479 0.0061 -0.1132 0.0011 -0.1274 0.0104 0.0284 -0.0309 -0.0303 0.0219 0.1105 -0.0198 -0.1400 0.0278 0.1369 -0.0181 -0.1788 0.0283 0.1328 -0.0158 -0.1832 0.0243 0.1224 -0.0150 -0.1712 -0.0029 0.1215 -0.0043 0.1192 0.0407 0.2851 0.0521 0.2620 -0.0246 0.4688 0.0254 0.4439 -0.0481 0.5040 0.0116 0.4646 0.0067 0.5146 0.0634 0.4867
11: 0.0590 -0.1568 0.0585 -0.1734 0.0575 -0.1748 0.0563 -0.1765 0.0576 -0.1742 0.0562 -0.1760 0.0548 -0.1781 0.0426 -0.1834 0.0416 -0.1848 0.0516 -0.1472 0.0509 -0.1480 0.0054 -0.1130 0.0010 -0.1275 0.0107 0.0297 -0.0311 -0.0298 0.0229 0.1152 -0.0192 -0.1406 0.0291 0.1420 -0.0182 -0.1784 0.0295 0.1389 -0.0159 -0.1829 0.0253 0.1285 -0.0149 -0.1696 -0.0032 0.1215 -0.0034 0.1190 0.0350 0.2904 0.0557 0.2570 -0.0356 0.4768 0.0340 0.4417 -0.0512 0.5076 0.0212 0.4629 0.0028 0.5144 0.0731 0.4825
12: 0.0589 -0.1571 0.0584 -0.1736 0.0574 -0.1750 0.0562 -0.1767 0.0575 -0.1744 0.0562 -0.1762 0.0547 -0.1783 0.0425 -0.1835 0.0415 -0.1849 0.0515 -0.1474 0.0508 -0.1482 0.0050 -0.1125 0.0009 -0.1276 0.0115 0.0313 -0.0312 -0.0299 0.0245 0.1207 -0.0190 -0.1412 0.0310 0.1478 -0.0185 -0.1785 0.0312 0.1459 -0.0160 -0.1830 0.0268 0.1355 -0.0150 -0.1692 -0.0035 0.1214 -0.0025 0.1187 0.0304 0.2930 0.0643 0.2532 -0.0453 0.4843 0.0435 0.4408 -0.0549 0.5099 0.0303 0.4628 -0.0026 0.5146 0.0826 0.4781
13: 0.0588 -0.1572 0.0583 -0.1737 0.0573 -0.1751 0.0561 -0.1768 0.0574 -0.1745 0.0561 -0.1763 0.0546 -0.1784 0.0424 -0.1836 0.0414 -0.1849 0.0514 -0.1475 0.0507 -0.1483 0.0044 -0.1124 0.0009 -0.1271 0.0125 0.0327 -0.0312 -0.0295 0.0256 0.1249 -0.0188 -0.1414 0.0324 0.1523 -0.0186 -0.1776 0.0325 0.1510 -0.0161 -0.1816 0.0280 0.1403 -0.0151 -0.1675 -0.0050 0.1213 -0.0003 0.1184 -0.0088 0.3030 0.0721 0.2497 -0.0478 0.4844 0.0524 0.4412 -0.0565 0.5092 0.0422 0.4639 -0.0063 0.5142 0.0940 0.4724
14: 0.0590 -0.1574 0.0585 -0.1739 0.0575 -0.1753 0.0562 -0.1770 0.0576 -0.1747 0.0562 -0.1765 0.0547 -0.1786 0.0426 -0.1836 0.0416 -0.1849 0.0515 -0.1476 0.0508 -0.1485 0.0040 -0.1125 0.0013 -0.1268 0.0127 0.0335 -0.0311 -0.0290 0.0263 0.1242 -0.0185 -0.1416 0.0335 0.1511 -0.0185 -0.1769 0.0337 0.1495 -0.0160 -0.1809 0.0292 0.1388 -0.0150 -0.1665 -0.0066 0.1211 0.0012 0.1181 -0.0141 0.3061 0.0754 0.2476 -0.0486 0.4833 0.0578 0.4414 -0.0573 0.5082 0.0483 0.4645 -0.0075 0.5135 0.0998 0.4691
15: 0.0594 -0.1577 0.0588 -0.1741 0.0578 -0.1755 0.0565 -0.1772 0.0579 -0.1749 0.0565 -0.1767 0.0550 -0.1788 0.0429 -0.1837 0.0419 -0.1850 0.0518 -0.1478 0.0512 -0.1487 0.0039 -0.1124 0.0017 -0.1265 0.0117 0.0284 -0.0306 -0.0295 0.0248 0.0891 -0.0181 -0.1418 0.0313 0.1098 -0.0182 -0.1771 0.0325 0.1015 -0.0157 -0.1809 0.0293 0.0925 -0.0147 -0.1668 -0.0073 0.1210 0.0018 0.1180 -0.0153 0.3089 0.0778 0.2448 -0.0493 0.4831 0.0656 0.4391 -0.0584 0.5076 0.0562 0.4643 -0.0076 0.5129 0.1083 0.4646
16: 0.0598 -0.1577 0.0593 -0.1741 0.0582 -0.1755 0.0569 -0.1772 0.0583 -0.1749 0.0569 -0.1767 0.0553 -0.1788 0.0430 -0.1836 0.0422 -0.1850 0.0521 -0.1478 0.0514 -0.1487 0.0036 -0.1126 0.0018 -0.1261 0.0089 0.0207 -0.0305 -0.0295 0.0207 0.0615 -0.0180 -0.1423 0.0259 0.0783 -0.0182 -0.1775 0.0279 0.0674 -0.0158 -0.1812 0.0262 0.0600 -0.0147 -0.1680 -0.0072 0.1209 0.0018 0.1179 -0.0160 0.3101 0.0797 0.2453 -0.0502 0.4827 0.0734 0.4388 -0.0597 0.5069 0.0627 0.4646 -0.0084 0.5117 0.1163 0.4611
17: 0.0600 -0.1580 0.0596 -0.1744 0.0585 -0.1758 0.0572 -0.1775 0.0586 -0.1752 0.0572 -0.1770 0.0556 -0.1791 0.0433 -0.1840 0.0425 -0.1853 0.0522 -0.1479 0.0515 -0.1488 0.0031 -0.1133 0.0022 -0.1263 -0.0087 0.0076 -0.0302 -0.0275 0.0137 0.0257 -0.0180 -0.1427 0.0173 0.0357 -0.0181 -0.1776 0.0207 0.0237 -0.0157 -0.1813 0.0199 0.0191 -0.0146 -0.1680 -0.0072 0.1212 0.0021 0.1182 -0.0165 0.3115 0.0813 0.2453 -0.0510 0.4825 0.0830 0.4378 -0.0607 0.5060 0.0727 0.4642 -0.0108 0.5108 0.1279 0.4543
18: 0.0597 -0.1576 0.0593 -0.1740 0.0583 -0.1754 0.0569 -0.1771 0.0584 -0.1748 0.0569 -0.1766 0.0554 -0.1787 0.0431 -0.1838 0.0424 -0.1851 0.0518 -0.1475 0.0511 -0.1485 0.0019 -0.1136 0.0028 -0.1262 -0.0192 -0.0017 -0.0300 -0.0253 0.0043 -0.0219 -0.0183 -0.1423 0.0061 -0.0221 -0.0184 -0.1769 0.0109 -0.0339 -0.0161 -0.1800 0.0108 -0.0343 -0.0150 -0.1668 -0.0082 0.1216 0.0035 0.1183 -0.0172 0.3126 0.0826 0.2449 -0.0524 0.4820 0.0892 0.4376 -0.0622 0.5055 0.0806 0.4641 -0.0126 0.5104 0.1341 0.4520
19: 0.0595 -0.1570 0.0594 -0.1734 0.0584 -0.1747 0.0571 -0.1764 0.0585 -0.1741 0.0570 -0.1759 0.0554 -0.1781 0.0432 -0.1835 0.0425 -0.1848 0.0517 -0.1469 0.0509 -0.1480 0.0014 -0.1138 0.0029 -0.1261 -0.0205 -0.0032 -0.0299 -0.0257 0.0016 -0.0250 -0.0186 -0.1423 0.0033 -0.0246 -0.0186 -0.1767 0.0081 -0.0366 -0.0164 -0.1798 0.0079 -0.0373 -0.0152 -0.1666 -0.0086 0.1217 0.0044 0.1182 -0.0178 0.3135 0.0833 0.2444 -0.0535 0.4824 0.0947 0.4377 -0.0642 0.5053 0.0877 0.4652 -0.0138 0.5102 0.1409 0.4545
20: 0.0591 -0.1565 0.0590 -0.1731 0.0580 -0.1745 0.0567 -0.1762 0.0581 -0.1739 0.0566 -0.1757 0.0550 -0.1779 0.0428 -0.1834 0.0420 -0.1846 0.0513 -0.1466 0.0505 -0.1476 0.0009 -0.1142 0.0030 -0.1255 -0.0208 -0.0052 -0.0298 -0.0261 -0.0015 -0.0418 -0.0190 -0.1425 -0.0005 -0.0447 -0.0187 -0.1767 0.0046 -0.0567 -0.0166 -0.1799 0.0046 -0.0560 -0.0156 -0.1667 -0.0092 0.1216 0.0053 0.1180 -0.0185 0.3134 0.0835 0.2446 -0.0549 0.4822 0.1005 0.4373 -0.0664 0.5049 0.0939 0.4652 -0.0165 0.5099 0.1478 0.4548
21: 0.0589 -0.1562 0.0589 -0.1730 0.0579 -0.1743 0.0566 -0.1760 0.0580 -0.1737 0.0565 -0.1755 0.0548 -0.1777 0.0427 -0.1832 0.0419 -0.1843 0.0511 -0.1461 0.0503 -0.1472 0.0005 -0.1145 0.0029 -0.1248 -0.0202 -0.0107 -0.0297 -0.0267 -0.0037 -0.0543 -0.0193 -0.1424 -0.0034 -0.0590 -0.0188 -0.1758 0.0017 -0.0705 -0.0168 -0.1790 0.0020 -0.0691 -0.0158 -0.1660 -0.0096 0.1215 0.0062 0.1177 -0.0189 0.3133 0.0843 0.2447 -0.0565 0.4816 0.1061 0.4365 -0.0682 0.5045 0.1006 0.4652 -0.0180 0.5094 0.1543 0.4522
22: 0.0584 -0.1558 0.0585 -0.1728 0.0575 -0.1741 0.0562 -0.1757 0.0576 -0.1734 0.0562 -0.1751 0.0546 -0.1772 0.0424 -0.1827 0.0418 -0.1836 0.0505 -0.1456 0.0497 -0.1469 -0.0002 -0.1151 0.0030 -0.1254 -0.0212 -0.0142 -0.0280 -0.0280 -0.0088 -0.0844 -0.0201 -0.1384 -0.0091 -0.0945 -0.0191 -0.1724 -0.0036 -0.1047 -0.0171 -0.1765 -0.0029 -0.1010 -0.0186 -0.1630 -0.0102 0.1223 0.0075 0.1180 -0.0200 0.3143 0.0849 0.2451 -0.0577 0.4809 0.1142 0.4359 -0.0703 0.5034 0.1079 0.4648 -0.0196 0.5076 0.1597 0.4487
23: 0.0589 -0.1561 0.0589 -0.1731 0.0579 -0.1744 0.0567 -0.1760 0.0582 -0.1737 0.0568 -0.1754 0.0554 -0.1774 0.0426 -0.1826 0.0425 -0.1834 0.0507 -0.1457 0.0500 -0.1470 -0.0007 -0.1154 0.0037 -0.1255 -0.0220 -0.0150 -0.0258 -0.0295 -0.0102 -0.0783 -0.0201 -0.1343 -0.0104 -0.0862 -0.0190 -0.1711 -0.0047 -0.0964 -0.0181 -0.1686 -0.0039 -0.0936 -0.0191 -0.1589 -0.0108 0.1226 0.0076 0.1182 -0.0212 0.3148 0.0849 0.2446 -0.0595 0.4803 0.1190 0.4354 -0.0724 0.5028 0.1130 0.4647 -0.0221 0.5050 0.1658 0.4472
24: 0.0588 -0.1568 0.0591 -0.1741 0.0581 -0.1755 0.0568 -0.1770 0.0585 -0.1747 0.0573 -0.1764 0.0559 -0.1783 0.0427 -0.1837 0.0431 -0.1842 0.0504 -0.1463 0.0498 -0.1478 -0.0014 -0.1171 0.0037 -0.1260 -0.0214 -0.0194 -0.0230 -0.0319 -0.0114 -0.0773 -0.0191 -0.1327 -0.0112 -0.0834 -0.0198 -0.1570 -0.0060 -0.0932 -0.0190 -0.1658 -0.0052 -0.0912 -0.0198 -0.1576 -0.0099 0.1233 0.0076 0.1199 -0.0221 0.3141 0.0844 0.2449 -0.0613 0.4781 0.1221 0.4334 -0.0750 0.5008 0.1170 0.4636 -0.0246 0.5009 0.1721 0.4441
25: 0.0587 -0.1565 0.0591 -0.1740 0.0581 -0.1755 0.0569 -0.1771 0.0586 -0.1747 0.0574 -0.1764 0.0561 -0.1783 0.0429 -0.1841 0.0435 -0.1846 0.0501 -0.1461 0.0496 -0.1477 -0.0021 -0.1180 0.0032 -0.1264 -0.0218 -0.0217 -0.0220 -0.0337 -0.0105 -0.0583 -0.0185 -0.1345 -0.0098 -0.0595 -0.0192 -0.1598 -0.0049 -0.0697 -0.0202 -0.1682 -0.0047 -0.0697 -0.0205 -0.1599 -0.0078 0.1237 0.0066 0.1209 -0.0233 0.3136 0.0832 0.2442 -0.0643 0.4764 0.1244 0.4318 -0.0782 0.4992 0.1202 0.4624 -0.0268 0.4990 0.1749 0.4410
26: 0.0586 -0.1570 0.0592 -0.1745 0.0582 -0.1759 0.0569 -0.1776 0.0587 -0.1752 0.0576 -0.1768 0.0564 -0.1787 0.0431 -0.1848 0.0440 -0.1852 0.0499 -0.1466 0.0496 -0.1481 -0.0027 -0.1191 0.0023 -0.1272 -0.0228 -0.0216 -0.0229 -0.0347 -0.0109 -0.0684 -0.0192 -0.1369 -0.0105 -0.0735 -0.0187 -0.1637 -0.0055 -0.0846 -0.0179 -0.1704 -0.0050 -0.0832 -0.0216 -0.1623 -0.0049 0.1247 0.0052 0.1215 -0.0207 0.3114 0.0553 0.2575 0.0026 0.4584 0.0826 0.4344 -0.0083 0.4883 0.0791 0.4718 0.0365 0.4922 0.1219 0.4535
27: 0.0586 -0.1564 0.0596 -0.1736 0.0586 -0.1750 0.0574 -0.1766 0.0592 -0.1744 0.0581 -0.1761 0.0568 -0.1780 0.0438 -0.1844 0.0443 -0.1851 0.0499 -0.1462 0.0497 -0.1478 -0.0020 -0.1189 0.0016 -0.1277 -0.0215 -0.0219 -0.0230 -0.0399 -0.0120 -0.0617 -0.0198 -0.1381 -0.0112 -0.0669 -0.0190 -0.1655 -0.0063 -0.0751 -0.0175 -0.1725 -0.0063 -0.0741 -0.0226 -0.1634 -0.0037 0.1252 0.0043 0.1215 -0.0221 0.3110 0.0704 0.2566 -0.0136 0.4585 0.1190 0.4295 -0.0254 0.4880 0.1101 0.4696 0.0063 0.4952 0.1226 0.4537
28: 0.0578 -0.1560 0.0589 -0.1731 0.0579 -0.1744 0.0567 -0.1761 0.0583 -0.1740 0.0570 -0.1757 0.0557 -0.1777 0.0429 -0.1842 0.0429 -0.1854 0.0489 -0.1458 0.0486 -0.1475 -0.0011 -0.1178 -0.0005 -0.1279 -0.0240 -0.0226 -0.0252 -0.0398 -0.0144 -0.0582 -0.0220 -0.1393 -0.0138 -0.0599 -0.0205 -0.1675 -0.0089 -0.0705 -0.0190 -0.1740 -0.0087 -0.0708 -0.0199 -0.1649 0.0019 0.1245 -0.0003 0.1211 0.0772 0.2648 -0.0227 0.3043 0.1309 0.4298 -0.0696 0.4650 0.1260 0.4646 -0.0818 0.4912 0.1803 0.4376 -0.0317 0.4947
29: 0.0585 -0.1573 0.0591 -0.1748 0.0581 -0.1762 0.0569 -0.1778 0.0584 -0.1756 0.0571 -0.1773 0.0557 -0.1793 0.0429 -0.1856 0.0427 -0.1868 0.0496 -0.1470 0.0491 -0.1487 -0.0014 -0.1185 -0.0001 -0.1274 -0.0204 -0.0215 -0.0230 -0.0404 -0.0102 -0.0395 -0.0200 -0.1420 -0.0090 -0.0345 -0.0193 -0.1704 -0.0046 -0.0460 -0.0177 -0.1775 -0.0039 -0.0484 -0.0205 -0.1676 -0.0005 0.1244 0.0019 0.1214 0.0357 0.2740 0.0181 0.2839 0.0484 0.4354 0.0136 0.4532 0.0403 0.4681 0.0052 0.4822 0.0911 0.4545 0.0501 0.4804
30: 0.0585 -0.1575 0.0595 -0.1749 0.0586 -0.1763 0.0574 -0.1780 0.0589 -0.1757 0.0576 -0.1773 0.0562 -0.1793 0.0429 -0.1863 0.0430 -0.1874 0.0495 -0.1471 0.0491 -0.1488 -0.0024 -0.1196 -0.0005 -0.1267 -0.0222 -0.0327 -0.0238 -0.0404 -0.0119 -0.0573 -0.0214 -0.1427 -0.0109 -0.0539 -0.0198 -0.1738 -0.0064 -0.0667 -0.0183 -0.1801 -0.0055 -0.0686 -0.0224 -0.1690 0.0020 0.1244 0.0008 0.1220 0.0815 0.2601 -0.0265 0.3078 0.1375 0.4248 -0.0752 0.4663 0.1342 0.4600 -0.0882 0.4907 0.1884 0.4309 -0.0373 0.4939
31: 0.0582 -0.1580 0.0593 -0.1756 0.0583 -0.1769 0.0571 -0.1787 0.0587 -0.1762 0.0574 -0.1778 0.0560 -0.1798 0.0427 -0.1870 0.0429 -0.1880 0.0491 -0.1478 0.0489 -0.1493 -0.0036 -0.1213 0.0000 -0.1267 -0.0238 -0.0361 -0.0245 -0.0383 -0.0143 -0.1033 -0.0224 -0.1447 -0.0143 -0.1123 -0.0197 -0.1762 -0.0089 -0.1223 -0.0182 -0.1822 -0.0075 -0.1194 -0.0185 -0.1716 0.0017 0.1249 0.0017 0.1233 0.0493 0.2661 -0.0282 0.3093 0.0835 0.4275 -0.0272 0.4573 0.0786 0.4623 -0.0401 0.4852 0.1320 0.4393 0.0056 0.4904
32: 0.0568 -0.1576 0.0580 -0.1751 0.0570 -0.1764 0.0559 -0.1781 0.0573 -0.1758 0.0560 -0.1774 0.0546 -0.1794 0.0415 -0.1866 0.0414 -0.1879 0.0479 -0.1472 0.0476 -0.1488 -0.0034 -0.1216 -0.0018 -0.1270 -0.0238 -0.0558 -0.0264 -0.0370 -0.0170 -0.1084 -0.0240 -0.1442 -0.0179 -0.1160 -0.0205 -0.1768 -0.0123 -0.1261 -0.0191 -0.1815 -0.0105 -0.1240 -0.0218 -0.1711 0.0043 0.1251 0.0007 0.1236 0.0847 0.2618 -0.0321 0.3091 0.1402 0.4242 -0.0802 0.4597 0.1372 0.4578 -0.0942 0.4873 0.1925 0.4291 -0.0463 0.4971
33: 0.0562 -0.1570 0.0574 -0.1750 0.0565 -0.1763 0.0553 -0.1780 0.0567 -0.1756 0.0554 -0.1772 0.0539 -0.1792 0.0407 -0.1871 0.0406 -0.1883 0.0475 -0.1471 0.0472 -0.1487 -0.0030 -0.1231 -0.0035 -0.1260 -0.0212 -0.0735 -0.0282 -0.0326 -0.0181 -0.1270 -0.0258 -0.1460 -0.0197 -0.1348 -0.0219 -0.1782 -0.0143 -0.1443 -0.0207 -0.1820 -0.0123 -0.1423 -0.0210 -0.1725 0.0055 0.1252 0.0009 0.1238 0.0874 0.2607 -0.0333 0.3077 0.1443 0.4234 -0.0857 0.4596 0.1429 0.4562 -0.0996 0.4871 0.1978 0.4227 -0.0502 0.4982
34: 0.0541 -0.1582 0.0552 -0.1765 0.0543 -0.1778 0.0531 -0.1796 0.0545 -0.1773 0.0533 -0.1789 0.0519 -0.1808 0.0383 -0.1888 0.0382 -0.1899 0.0457 -0.1480 0.0453 -0.1496 -0.0024 -0.1233 -0.0067 -0.1248 -0.0187 -0.0805 -0.0297 -0.0330 -0.0170 -0.1265 -0.0259 -0.1482 -0.0183 -0.1317 -0.0216 -0.1804 -0.0142 -0.1413 -0.0202 -0.1843 -0.0123 -0.1405 -0.0193 -0.1748 0.0123 0.1240 -0.0034 0.1241 0.0864 0.2587 -0.0352 0.3056 0.1437 0.4217 -0.0914 0.4586 0.1427 0.4549 -0.1050 0.4845 0.1980 0.4201 -0.0552 0.4993
35: 0.0546 -0.1580 0.0558 -0.1765 0.0551 -0.1778 0.0539 -0.1794 0.0551 -0.1773 0.0539 -0.1789 0.0525 -0.1809 0.0388 -0.1888 0.0386 -0.1899 0.0461 -0.1478 0.0455 -0.1494 -0.0027 -0.1229 -0.0064 -0.1249 -0.0201 -0.0792 -0.0299 -0.0303 -0.0162 -0.1228 -0.0243 -0.1469 -0.0174 -0.1308 -0.0202 -0.1789 -0.0132 -0.1406 -0.0187 -0.1830 -0.0115 -0.1384 -0.0174 -0.1740 0.0125 0.1240 -0.0035 0.1239 0.0881 0.2594 -0.0352 0.3059 0.1449 0.4223 -0.0929 0.4575 0.1441 0.4549 -0.1074 0.4820 0.1989 0.4185 -0.0585 0.4979
36: 0.0551 -0.1580 0.0566 -0.1767 0.0559 -0.1779 0.0549 -0.1795 0.0558 -0.1776 0.0546 -0.1792 0.0531 -0.1811 0.0394 -0.1891 0.0388 -0.1902 0.0466 -0.1479 0.0458 -0.1495 -0.0027 -0.1227 -0.0052 -0.1251 -0.0216 -0.0513 -0.0304 -0.0290 -0.0157 -0.1168 -0.0212 -0.1411 -0.0167 -0.1231 -0.0198 -0.1761 -0.0125 -0.1332 -0.0181 -0.1792 -0.0109 -0.1315 -0.0165 -0.1660 0.0095 0.1247 -0.0015 0.1231 0.0879 0.2584 -0.0340 0.3049 0.1470 0.4208 -0.0965 0.4552 0.1453 0.4565 -0.1124 0.4791 0.1987 0.4184 -0.0590 0.4959
37: 0.0544 -0.1596 0.0559 -0.1787 0.0552 -0.1799 0.0542 -0.1814 0.0551 -0.1797 0.0539 -0.1813 0.0525 -0.1832 0.0388 -0.1908 0.0387 -0.1919 0.0464 -0.1493 0.0455 -0.1511 -0.0024 -0.1230 -0.0061 -0.1273 -0.0215 -0.0457 -0.0310 -0.0312 -0.0140 -0.1151 -0.0214 -0.1433 -0.0153 -0.1232 -0.0210 -0.1780 -0.0115 -0.1348 -0.0190 -0.1810 -0.0098 -0.1324 -0.0173 -0.1700 0.0112 0.1263 -0.0028 0.1240 0.0879 0.2560 -0.0353 0.3031 0.1457 0.4198 -0.0993 0.4512 0.1447 0.4585 -0.1152 0.4753 0.1981 0.4166 -0.0633 0.4903
38: 0.0539 -0.1604 0.0552 -0.1797 0.0545 -0.1809 0.0536 -0.1824 0.0544 -0.1806 0.0532 -0.1821 0.0519 -0.1840 0.0387 -0.1910 0.0385 -0.1921 0.0465 -0.1497 0.0455 -0.1514 -0.0018 -0.1231 -0.0058 -0.1286 -0.0214 -0.0401 -0.0321 -0.0304 -0.0118 -0.1039 -0.0208 -0.1459 -0.0124 -0.1120 -0.0207 -0.1808 -0.0087 -0.1244 -0.0183 -0.1831 -0.0073 -0.1217 -0.0167 -0.1728 0.0099 0.1274 -0.0025 0.1243 0.0889 0.2555 -0.0365 0.3021 0.1455 0.4239 -0.1034 0.4487 0.1436 0.4634 -0.1191 0.4706 0.1956 0.4166 -0.0685 0.4888
39: 0.0554 -0.1620 0.0565 -0.1815 0.0557 -0.1826 0.0548 -0.1842 0.0556 -0.1822 0.0543 -0.1837 0.0530 -0.1855 0.0397 -0.1920 0.0400 -0.1928 0.0480 -0.1505 0.0469 -0.1519 -0.0039 -0.1223 -0.0037 -0.1285 -0.0237 -0.0376 -0.0292 -0.0329 -0.0133 -0.0994 -0.0199 -0.1452 -0.0134 -0.1102 -0.0202 -0.1794 -0.0088 -0.1204 -0.0182 -0.1808 -0.0077 -0.1167 -0.0165 -0.1714 0.0055 0.1270 0.0020 0.1239 0.0886 0.2530 -0.0366 0.3000 0.1302 0.4377 -0.1052 0.4457 0.1185 0.4780 -0.1207 0.4664 0.1795 0.4429 -0.0713 0.4883
40: 0.0546 -0.1637 0.0557 -0.1831 0.0550 -0.1842 0.0540 -0.1858 0.0549 -0.1837 0.0537 -0.1851 0.0524 -0.1869 0.0388 -0.1933 0.0394 -0.1939 0.0475 -0.1519 0.0464 -0.1533 -0.0026 -0.1251 -0.0048 -0.1281 -0.0224 -0.0445 -0.0295 -0.0331 -0.0106 -0.1167 -0.0197 -0.1491 -0.0102 -0.1266 -0.0212 -0.1847 -0.0064 -0.1359 -0.0188 -0.1858 -0.0053 -0.1327 -0.0167 -0.1760 0.0085 0.1275 -0.0011 0.1256 0.0909 0.2523 -0.0389 0.2980 0.1412 0.4323 -0.1087 0.4410 0.1375 0.4707 -0.1241 0.4598 0.1890 0.4348 -0.0763 0.4851
