1: -0.0486 -0.2179 -0.0437 -0.2391 -0.0416 -0.2404 -0.0393 -0.2418 -0.0457 -0.2386 -0.0452 -0.2395 -0.0445 -0.2406 -0.0222 -0.2402 -0.0284 -0.2397 -0.0410 -0.2022 -0.0437 -0.2009 0.0108 -0.1467 -0.0171 -0.1202 0.0232 -0.0163 -0.0108 0.0201 0.0070 0.1096 -0.0363 0.1282 0.0071 0.1554 -0.0430 0.1649 -0.0045 0.1524 -0.0453 0.1644 -0.0057 0.1398 -0.0413 0.1533 0.0117 0.1317 -0.0055 0.1352 0.0003 0.3514 -0.0058 0.3441 0.0098 0.5615 -0.0005 0.5351 0.0217 0.5997 0.0109 0.5778 -0.0444 0.5967 -0.0550 0.5697
2: -0.0486 -0.2166 -0.0435 -0.2377 -0.0413 -0.2390 -0.0390 -0.2404 -0.0454 -0.2373 -0.0448 -0.2382 -0.0441 -0.2393 -0.0222 -0.2389 -0.0282 -0.2380 -0.0406 -0.2010 -0.0433 -0.1999 0.0102 -0.1454 -0.0162 -0.1202 0.0235 -0.0150 -0.0112 0.0208 0.0069 0.1113 -0.0377 0.1299 0.0049 0.1588 -0.0452 0.1662 -0.0068 0.1557 -0.0469 0.1658 -0.0074 0.1427 -0.0433 0.1550 0.0110 0.1309 -0.0051 0.1346 -0.0008 0.3523 -0.0088 0.3434 0.0101 0.5674 -0.0009 0.5367 0.0221 0.6019 0.0088 0.5763 -0.0440 0.5983 -0.0545 0.5698
3: -0.0492 -0.2156 -0.0439 -0.2367 -0.0418 -0.2380 -0.0395 -0.2394 -0.0457 -0.2363 -0.0450 -0.2371 -0.0441 -0.2383 -0.0232 -0.2378 -0.0286 -0.2368 -0.0406 -0.2000 -0.0433 -0.1989 0.0097 -0.1452 -0.0155 -0.1201 0.0241 -0.0141 -0.0107 0.0215 0.0065 0.1129 -0.0383 0.1311 0.0031 0.1617 -0.0459 0.1672 -0.0088 0.1586 -0.0474 0.1669 -0.0090 0.1457 -0.0439 0.1564 0.0105 0.1308 -0.0048 0.1343 -0.0022 0.3534 -0.0107 0.3437 0.0107 0.5709 -0.0005 0.5377 0.0228 0.6038 0.0086 0.5751 -0.0435 0.5996 -0.0532 0.5705
4: -0.0488 -0.2151 -0.0435 -0.2361 -0.0414 -0.2373 -0.0392 -0.2387 -0.0452 -0.2356 -0.0445 -0.2365 -0.0436 -0.2375 -0.0232 -0.2371 -0.0285 -0.2357 -0.0400 -0.1996 -0.0426 -0.1986 0.0102 -0.1452 -0.0147 -0.1201 0.0252 -0.0140 -0.0136 0.0238 0.0075 0.1129 -0.0403 0.1349 0.0044 0.1619 -0.0473 0.1702 -0.0075 0.1591 -0.0485 0.1705 -0.0078 0.1460 -0.0451 0.1604 0.0111 0.1310 -0.0066 0.1344 -0.0024 0.3537 -0.0163 0.3436 0.0119 0.5724 -0.0000 0.5375 0.0244 0.6044 0.0092 0.5712 -0.0421 0.6008 -0.0520 0.5703
5: -0.0489 -0.2166 -0.0433 -0.2374 -0.0413 -0.2386 -0.0390 -0.2399 -0.0450 -0.2369 -0.0442 -0.2377 -0.0433 -0.2387 -0.0235 -0.2380 -0.0285 -0.2365 -0.0400 -0.2010 -0.0426 -0.1999 0.0105 -0.1469 -0.0145 -0.1212 0.0261 -0.0151 -0.0134 0.0243 0.0066 0.1114 -0.0404 0.1377 0.0039 0.1603 -0.0482 0.1724 -0.0076 0.1572 -0.0500 0.1730 -0.0081 0.1442 -0.0465 0.1629 0.0117 0.1321 -0.0079 0.1359 -0.0040 0.3525 -0.0245 0.3421 0.0131 0.5707 -0.0001 0.5357 0.0261 0.6028 0.0103 0.5694 -0.0396 0.6009 -0.0509 0.5690
6: -0.0494 -0.2196 -0.0436 -0.2403 -0.0416 -0.2416 -0.0395 -0.2430 -0.0450 -0.2395 -0.0441 -0.2403 -0.0430 -0.2412 -0.0241 -0.2410 -0.0282 -0.2389 -0.0409 -0.2035 -0.0435 -0.2014 0.0110 -0.1507 -0.0156 -0.1228 0.0284 -0.0201 -0.0159 0.0218 0.0040 0.1035 -0.0392 0.1296 0.0014 0.1517 -0.0501 0.1644 -0.0080 0.1476 -0.0536 0.1653 -0.0085 0.1341 -0.0481 0.1551 0.0124 0.1342 -0.0080 0.1393 -0.0115 0.3451 -0.0286 0.3381 0.0144 0.5629 -0.0019 0.5288 0.0281 0.5951 0.0112 0.5635 -0.0375 0.5932 -0.0503 0.5652
7: -0.0460 -0.2223 -0.0401 -0.2427 -0.0379 -0.2443 -0.0357 -0.2461 -0.0419 -0.2414 -0.0412 -0.2419 -0.0402 -0.2427 -0.0208 -0.2445 -0.0259 -0.2415 -0.0376 -0.2062 -0.0407 -0.2035 0.0127 -0.1544 -0.0157 -0.1246 0.0318 -0.0252 -0.0180 0.0288 -0.0002 0.0936 -0.0474 0.1227 -0.0048 0.1414 -0.0596 0.1547 -0.0138 0.1359 -0.0628 0.1535 -0.0136 0.1222 -0.0579 0.1434 0.0113 0.1368 -0.0081 0.1420 -0.0159 0.3400 -0.0249 0.3383 0.0124 0.5496 -0.0021 0.5217 0.0304 0.5836 0.0160 0.5628 -0.0394 0.5819 -0.0470 0.5655
8: -0.0449 -0.2190 -0.0390 -0.2396 -0.0370 -0.2414 -0.0347 -0.2432 -0.0407 -0.2383 -0.0401 -0.2390 -0.0392 -0.2399 -0.0197 -0.2416 -0.0247 -0.2389 -0.0365 -0.2030 -0.0396 -0.2002 0.0127 -0.1538 -0.0153 -0.1221 0.0319 -0.0245 -0.0143 0.0274 -0.0126 0.0904 -0.0504 0.1188 -0.0216 0.1377 -0.0635 0.1490 -0.0307 0.1292 -0.0681 0.1423 -0.0282 0.1162 -0.0629 0.1343 0.0104 0.1368 -0.0078 0.1391 -0.0156 0.3375 -0.0457 0.3339 0.0191 0.5473 -0.0195 0.5109 0.0366 0.5869 -0.0065 0.5540 -0.0359 0.5821 -0.0681 0.5621
9: -0.0450 -0.2141 -0.0389 -0.2346 -0.0370 -0.2362 -0.0347 -0.2380 -0.0405 -0.2334 -0.0396 -0.2342 -0.0386 -0.2353 -0.0196 -0.2360 -0.0240 -0.2339 -0.0369 -0.1981 -0.0395 -0.1957 0.0102 -0.1512 -0.0123 -0.1226 0.0291 -0.0185 -0.0068 0.0245 -0.0300 0.0895 -0.0393 0.1131 -0.0477 0.1310 -0.0511 0.1390 -0.0547 0.1191 -0.0562 0.1313 -0.0479 0.1063 -0.0520 0.1210 0.0091 0.1364 -0.0071 0.1374 -0.0127 0.3430 -0.0533 0.3271 0.0244 0.5516 -0.0425 0.5107 0.0417 0.5912 -0.0344 0.5486 -0.0233 0.5870 -0.0915 0.5618
10: -0.0459 -0.2190 -0.0398 -0.2397 -0.0379 -0.2411 -0.0358 -0.2426 -0.0411 -0.2389 -0.0400 -0.2398 -0.0388 -0.2408 -0.0209 -0.2395 -0.0240 -0.2382 -0.0387 -0.2035 -0.0408 -0.2018 0.0071 -0.1521 -0.0097 -0.1262 0.0258 -0.0250 -0.0080 0.0153 -0.0380 0.0589 -0.0529 0.0868 -0.0577 0.0865 -0.0675 0.1086 -0.0663 0.0771 -0.0756 0.0984 -0.0558 0.0604 -0.0677 0.0927 0.0070 0.1383 -0.0045 0.1400 -0.0122 0.3441 -0.0537 0.3195 0.0307 0.5548 -0.0674 0.5064 0.0472 0.5892 -0.0580 0.5456 -0.0181 0.5870 -0.1136 0.5537
11: -0.0443 -0.2203 -0.0375 -0.2407 -0.0355 -0.2419 -0.0334 -0.2429 -0.0390 -0.2402 -0.0383 -0.2409 -0.0372 -0.2418 -0.0189 -0.2377 -0.0220 -0.2373 -0.0379 -0.2042 -0.0404 -0.2031 0.0079 -0.1529 -0.0136 -0.1289 0.0221 -0.0248 -0.0079 0.0069 -0.0500 0.0399 -0.0610 0.0488 -0.0748 0.0613 -0.0799 0.0678 -0.0786 0.0516 -0.0820 0.0597 -0.0701 0.0418 -0.0758 0.0538 0.0125 0.1400 -0.0067 0.1420 -0.0032 0.3508 -0.0615 0.3197 0.0403 0.5608 -0.0866 0.5179 0.0560 0.5969 -0.0791 0.5579 -0.0110 0.5959 -0.1468 0.5521
12: -0.0446 -0.2215 -0.0385 -0.2420 -0.0365 -0.2432 -0.0344 -0.2443 -0.0400 -0.2415 -0.0392 -0.2421 -0.0382 -0.2430 -0.0197 -0.2390 -0.0226 -0.2382 -0.0380 -0.2056 -0.0405 -0.2047 0.0082 -0.1515 -0.0156 -0.1281 0.0126 -0.0232 -0.0159 0.0084 -0.0655 0.0226 -0.0750 0.0352 -0.0891 0.0360 -0.0942 0.0455 -0.0912 0.0231 -0.0963 0.0328 -0.0838 0.0179 -0.0888 0.0286 0.0138 0.1382 -0.0064 0.1415 -0.0011 0.3542 -0.0613 0.3259 0.0465 0.5590 -0.1031 0.5188 0.0618 0.5945 -0.0977 0.5616 -0.0062 0.5988 -0.1604 0.5462
13: -0.0466 -0.2235 -0.0403 -0.2434 -0.0383 -0.2445 -0.0363 -0.2455 -0.0417 -0.2428 -0.0409 -0.2434 -0.0399 -0.2442 -0.0218 -0.2394 -0.0247 -0.2389 -0.0398 -0.2072 -0.0422 -0.2065 0.0088 -0.1509 -0.0171 -0.1262 0.0076 -0.0210 -0.0207 0.0086 -0.0659 -0.0034 -0.0808 0.0085 -0.0882 -0.0031 -0.0964 0.0089 -0.0888 -0.0184 -0.0983 -0.0046 -0.0828 -0.0191 -0.0919 -0.0048 0.0157 0.1372 -0.0072 0.1398 0.0013 0.3505 -0.0589 0.3273 0.0524 0.5551 -0.1069 0.5170 0.0673 0.5897 -0.1033 0.5621 0.0008 0.5990 -0.1627 0.5356
14: -0.0467 -0.2257 -0.0403 -0.2455 -0.0384 -0.2463 -0.0364 -0.2471 -0.0416 -0.2451 -0.0408 -0.2457 -0.0398 -0.2464 -0.0221 -0.2406 -0.0246 -0.2404 -0.0403 -0.2093 -0.0423 -0.2084 0.0098 -0.1505 -0.0202 -0.1246 0.0027 -0.0183 -0.0278 0.0091 -0.0708 -0.0268 -0.0844 -0.0173 -0.0903 -0.0334 -0.0993 -0.0262 -0.0894 -0.0491 -0.0991 -0.0401 -0.0836 -0.0485 -0.0933 -0.0381 0.0179 0.1362 -0.0073 0.1389 0.0021 0.3476 -0.0560 0.3292 0.0590 0.5528 -0.1024 0.5209 0.0736 0.5865 -0.0993 0.5670 0.0086 0.5999 -0.1598 0.5325
15: -0.0458 -0.2270 -0.0390 -0.2468 -0.0370 -0.2475 -0.0349 -0.2483 -0.0408 -0.2464 -0.0401 -0.2470 -0.0392 -0.2477 -0.0210 -0.2412 -0.0242 -0.2411 -0.0403 -0.2106 -0.0426 -0.2097 0.0076 -0.1518 -0.0226 -0.1232 -0.0009 -0.0215 -0.0272 0.0079 -0.0717 -0.0521 -0.0784 -0.0267 -0.0894 -0.0609 -0.0891 -0.0429 -0.0885 -0.0763 -0.0893 -0.0549 -0.0831 -0.0738 -0.0840 -0.0505 0.0169 0.1347 -0.0021 0.1404 -0.0000 0.3462 -0.0541 0.3349 0.0663 0.5511 -0.0984 0.5246 0.0818 0.5847 -0.0931 0.5691 0.0166 0.5991 -0.1558 0.5354
16: -0.0475 -0.2270 -0.0397 -0.2466 -0.0377 -0.2473 -0.0356 -0.2479 -0.0413 -0.2464 -0.0405 -0.2469 -0.0394 -0.2476 -0.0211 -0.2406 -0.0247 -0.2406 -0.0419 -0.2105 -0.0441 -0.2095 0.0051 -0.1514 -0.0256 -0.1216 -0.0044 -0.0242 -0.0362 0.0081 -0.0730 -0.0711 -0.0813 -0.0478 -0.0893 -0.0823 -0.0929 -0.0639 -0.0883 -0.0972 -0.0933 -0.0785 -0.0835 -0.0951 -0.0886 -0.0744 0.0195 0.1340 0.0010 0.1392 0.0022 0.3456 -0.0537 0.3343 0.0725 0.5437 -0.0940 0.5264 0.0884 0.5759 -0.0877 0.5706 0.0250 0.5992 -0.1516 0.5419
17: -0.0493 -0.2270 -0.0412 -0.2466 -0.0394 -0.2474 -0.0374 -0.2480 -0.0423 -0.2461 -0.0413 -0.2466 -0.0401 -0.2473 -0.0237 -0.2402 -0.0269 -0.2409 -0.0444 -0.2104 -0.0459 -0.2095 0.0031 -0.1518 -0.0273 -0.1197 -0.0064 -0.0319 -0.0337 0.0081 -0.0688 -0.0851 -0.0759 -0.0431 -0.0850 -0.0945 -0.0878 -0.0610 -0.0849 -0.1081 -0.0897 -0.0767 -0.0793 -0.1063 -0.0841 -0.0715 0.0215 0.1332 0.0027 0.1384 0.0046 0.3424 -0.0549 0.3283 0.0782 0.5378 -0.0876 0.5279 0.0956 0.5668 -0.0797 0.5712 0.0340 0.5999 -0.1457 0.5513
18: -0.0527 -0.2266 -0.0450 -0.2460 -0.0429 -0.2465 -0.0409 -0.2469 -0.0467 -0.2461 -0.0459 -0.2468 -0.0448 -0.2476 -0.0272 -0.2383 -0.0312 -0.2405 -0.0464 -0.2081 -0.0482 -0.2075 0.0018 -0.1510 -0.0279 -0.1190 -0.0154 -0.0332 -0.0375 0.0046 -0.0733 -0.0890 -0.0778 -0.0558 -0.0873 -0.1029 -0.0874 -0.0763 -0.0858 -0.1173 -0.0882 -0.0896 -0.0803 -0.1128 -0.0833 -0.0833 0.0244 0.1319 0.0017 0.1381 0.0095 0.3412 -0.0608 0.3206 0.0853 0.5228 -0.0847 0.5275 0.1080 0.5480 -0.0763 0.5683 0.0526 0.5986 -0.1414 0.5576
19: -0.0558 -0.2247 -0.0484 -0.2450 -0.0464 -0.2453 -0.0445 -0.2456 -0.0501 -0.2454 -0.0493 -0.2461 -0.0484 -0.2468 -0.0301 -0.2369 -0.0348 -0.2391 -0.0492 -0.2062 -0.0508 -0.2058 -0.0013 -0.1490 -0.0266 -0.1169 -0.0267 -0.0359 -0.0456 0.0011 -0.0776 -0.0959 -0.0807 -0.0698 -0.0898 -0.1165 -0.0905 -0.0971 -0.0852 -0.1307 -0.0882 -0.1083 -0.0802 -0.1233 -0.0835 -0.0993 0.0225 0.1302 0.0054 0.1358 0.0118 0.3376 -0.0636 0.3047 0.1003 0.5030 -0.0820 0.5225 0.1281 0.5212 -0.0726 0.5628 0.0778 0.5934 -0.1371 0.5550
20: -0.0603 -0.2208 -0.0533 -0.2424 -0.0514 -0.2430 -0.0495 -0.2437 -0.0546 -0.2426 -0.0535 -0.2434 -0.0524 -0.2442 -0.0340 -0.2372 -0.0378 -0.2382 -0.0533 -0.2040 -0.0545 -0.2036 -0.0036 -0.1457 -0.0243 -0.1169 -0.0428 -0.0314 -0.0531 -0.0050 -0.0797 -0.1016 -0.0843 -0.0817 -0.0897 -0.1254 -0.0922 -0.1118 -0.0837 -0.1381 -0.0890 -0.1224 -0.0788 -0.1296 -0.0840 -0.1129 0.0227 0.1289 0.0051 0.1337 0.0149 0.3377 -0.0724 0.2919 0.1226 0.4809 -0.0817 0.5160 0.1464 0.4904 -0.0704 0.5562 0.1051 0.5859 -0.1356 0.5497
21: -0.0624 -0.2228 -0.0555 -0.2439 -0.0536 -0.2446 -0.0516 -0.2455 -0.0567 -0.2438 -0.0556 -0.2444 -0.0543 -0.2451 -0.0358 -0.2390 -0.0397 -0.2394 -0.0551 -0.2064 -0.0562 -0.2059 -0.0060 -0.1476 -0.0248 -0.1195 -0.0494 -0.0362 -0.0553 -0.0126 -0.0791 -0.1029 -0.0831 -0.0859 -0.0890 -0.1285 -0.0906 -0.1147 -0.0815 -0.1400 -0.0865 -0.1244 -0.0769 -0.1312 -0.0823 -0.1165 0.0241 0.1311 0.0067 0.1358 0.0345 0.3339 -0.0768 0.2809 0.1441 0.4705 -0.0765 0.5062 0.1670 0.4719 -0.0644 0.5453 0.1359 0.5761 -0.1311 0.5402
22: -0.0626 -0.2195 -0.0554 -0.2409 -0.0537 -0.2418 -0.0518 -0.2428 -0.0561 -0.2408 -0.0549 -0.2416 -0.0535 -0.2425 -0.0368 -0.2372 -0.0398 -0.2375 -0.0559 -0.2049 -0.0567 -0.2042 -0.0072 -0.1481 -0.0243 -0.1238 -0.0493 -0.0408 -0.0516 -0.0187 -0.0763 -0.1075 -0.0803 -0.0877 -0.0845 -0.1358 -0.0881 -0.1181 -0.0775 -0.1442 -0.0837 -0.1281 -0.0734 -0.1353 -0.0799 -0.1201 0.0244 0.1339 0.0073 0.1380 0.0567 0.3335 -0.0801 0.2691 0.1667 0.4633 -0.0726 0.4958 0.1907 0.4633 -0.0613 0.5343 0.1603 0.5664 -0.1272 0.5298
23: -0.0631 -0.2122 -0.0569 -0.2318 -0.0552 -0.2334 -0.0534 -0.2349 -0.0576 -0.2315 -0.0563 -0.2328 -0.0549 -0.2342 -0.0384 -0.2335 -0.0408 -0.2324 -0.0557 -0.1997 -0.0565 -0.1987 -0.0088 -0.1492 -0.0246 -0.1233 -0.0495 -0.0423 -0.0527 -0.0149 -0.0787 -0.1159 -0.0802 -0.0950 -0.0854 -0.1407 -0.0868 -0.1225 -0.0776 -0.1486 -0.0822 -0.1330 -0.0741 -0.1404 -0.0783 -0.1243 0.0257 0.1358 0.0077 0.1366 0.0697 0.3328 -0.0839 0.2532 0.1834 0.4526 -0.0717 0.4754 0.2104 0.4475 -0.0615 0.5129 0.1794 0.5526 -0.1261 0.5153
24: -0.0652 -0.2129 -0.0588 -0.2328 -0.0571 -0.2341 -0.0553 -0.2354 -0.0594 -0.2325 -0.0582 -0.2336 -0.0567 -0.2348 -0.0406 -0.2332 -0.0428 -0.2323 -0.0580 -0.2002 -0.0587 -0.1993 -0.0109 -0.1500 -0.0249 -0.1251 -0.0523 -0.0381 -0.0497 -0.0094 -0.0803 -0.1182 -0.0792 -0.0926 -0.0856 -0.1559 -0.0856 -0.1335 -0.0777 -0.1551 -0.0822 -0.1449 -0.0748 -0.1449 -0.0778 -0.1341 0.0278 0.1371 0.0081 0.1380 0.0792 0.3326 -0.0857 0.2362 0.1943 0.4402 -0.0720 0.4572 0.2219 0.4366 -0.0622 0.4939 0.1874 0.5379 -0.1270 0.4976
25: -0.0683 -0.2109 -0.0625 -0.2317 -0.0609 -0.2328 -0.0590 -0.2338 -0.0633 -0.2314 -0.0621 -0.2323 -0.0608 -0.2334 -0.0441 -0.2316 -0.0468 -0.2316 -0.0607 -0.1979 -0.0617 -0.1973 -0.0127 -0.1453 -0.0274 -0.1252 -0.0554 -0.0443 -0.0511 -0.0181 -0.0815 -0.1131 -0.0818 -0.0854 -0.0876 -0.1455 -0.0895 -0.1201 -0.0806 -0.1465 -0.0839 -0.1270 -0.0775 -0.1350 -0.0810 -0.1177 0.0305 0.1357 0.0098 0.1348 0.0811 0.3313 -0.0890 0.2135 0.1960 0.4195 -0.0760 0.4293 0.2225 0.4196 -0.0623 0.4673 0.1861 0.5169 -0.1287 0.4734
26: -0.0690 -0.2023 -0.0640 -0.2226 -0.0624 -0.2241 -0.0606 -0.2256 -0.0647 -0.2221 -0.0636 -0.2232 -0.0623 -0.2245 -0.0453 -0.2262 -0.0481 -0.2256 -0.0611 -0.1888 -0.0621 -0.1874 -0.0139 -0.1416 -0.0294 -0.1262 -0.0527 -0.0356 -0.0511 -0.0149 -0.0811 -0.1033 -0.0785 -0.0770 -0.0884 -0.1295 -0.0863 -0.1101 -0.0821 -0.1341 -0.0795 -0.1191 -0.0787 -0.1247 -0.0739 -0.1067 0.0324 0.1347 0.0108 0.1330 0.0778 0.3336 -0.0909 0.1995 0.1968 0.4086 -0.0750 0.4119 0.2254 0.4063 -0.0589 0.4489 0.1892 0.5022 -0.1260 0.4542
27: -0.0707 -0.1980 -0.0660 -0.2193 -0.0645 -0.2209 -0.0628 -0.2224 -0.0665 -0.2188 -0.0654 -0.2201 -0.0641 -0.2215 -0.0479 -0.2234 -0.0500 -0.2229 -0.0626 -0.1848 -0.0634 -0.1834 -0.0155 -0.1381 -0.0296 -0.1283 -0.0511 -0.0169 -0.0473 -0.0133 -0.0807 -0.0699 -0.0761 -0.0668 -0.0902 -0.1021 -0.0863 -0.0981 -0.0828 -0.1037 -0.0787 -0.1059 -0.0780 -0.0933 -0.0739 -0.0970 0.0343 0.1354 0.0109 0.1309 0.0741 0.3419 -0.0919 0.1841 0.1966 0.3936 -0.0746 0.3942 0.2251 0.3867 -0.0574 0.4317 0.1911 0.4866 -0.1249 0.4362
28: -0.0714 -0.2011 -0.0666 -0.2216 -0.0650 -0.2229 -0.0634 -0.2244 -0.0672 -0.2215 -0.0661 -0.2227 -0.0648 -0.2241 -0.0485 -0.2239 -0.0506 -0.2237 -0.0633 -0.1875 -0.0642 -0.1867 -0.0151 -0.1308 -0.0305 -0.1282 -0.0515 -0.0094 -0.0485 -0.0077 -0.0758 -0.0701 -0.0750 -0.0705 -0.0878 -0.1069 -0.0848 -0.1003 -0.0768 -0.1071 -0.0750 -0.1055 -0.0705 -0.0971 -0.0700 -0.0965 0.0359 0.1320 0.0096 0.1270 0.0691 0.3472 -0.0940 0.1660 0.1918 0.3764 -0.0731 0.3743 0.2182 0.3654 -0.0556 0.4102 0.1892 0.4677 -0.1212 0.4180
29: -0.0721 -0.1971 -0.0670 -0.2178 -0.0655 -0.2192 -0.0637 -0.2207 -0.0678 -0.2178 -0.0667 -0.2191 -0.0655 -0.2208 -0.0488 -0.2200 -0.0512 -0.2199 -0.0641 -0.1837 -0.0649 -0.1827 -0.0125 -0.1322 -0.0318 -0.1258 -0.0398 -0.0146 -0.0461 -0.0154 -0.0676 -0.0618 -0.0742 -0.0691 -0.0825 -0.1007 -0.0843 -0.0979 -0.0721 -0.0997 -0.0766 -0.1071 -0.0659 -0.0920 -0.0714 -0.0929 0.0360 0.1318 0.0082 0.1263 0.0654 0.3596 -0.0949 0.1513 0.1890 0.3620 -0.0725 0.3578 0.2136 0.3453 -0.0549 0.3920 0.1929 0.4524 -0.1191 0.4004
30: -0.0736 -0.1966 -0.0685 -0.2184 -0.0669 -0.2197 -0.0651 -0.2210 -0.0692 -0.2189 -0.0682 -0.2203 -0.0670 -0.2220 -0.0502 -0.2183 -0.0527 -0.2198 -0.0659 -0.1828 -0.0666 -0.1829 -0.0109 -0.1281 -0.0314 -0.1237 -0.0402 -0.0164 -0.0413 -0.0094 -0.0707 -0.0862 -0.0726 -0.0651 -0.0836 -0.1097 -0.0834 -0.0882 -0.0718 -0.1161 -0.0762 -0.0996 -0.0658 -0.1125 -0.0687 -0.0875 0.0347 0.1280 0.0078 0.1237 0.0615 0.3653 -0.0963 0.1348 0.1850 0.3487 -0.0716 0.3421 0.2072 0.3282 -0.0551 0.3748 0.1949 0.4371 -0.1190 0.3831
31: -0.0742 -0.2012 -0.0690 -0.2232 -0.0674 -0.2240 -0.0657 -0.2249 -0.0699 -0.2239 -0.0689 -0.2250 -0.0677 -0.2263 -0.0508 -0.2210 -0.0534 -0.2228 -0.0664 -0.1864 -0.0673 -0.1858 -0.0064 -0.1298 -0.0343 -0.1163 -0.0389 -0.0226 -0.0432 -0.0054 -0.0722 -0.0840 -0.0742 -0.0616 -0.0816 -0.1092 -0.0843 -0.0895 -0.0711 -0.1172 -0.0779 -0.1007 -0.0663 -0.1092 -0.0713 -0.0880 0.0343 0.1250 0.0065 0.1211 0.0594 0.3673 -0.0967 0.1223 0.1834 0.3354 -0.0702 0.3302 0.2042 0.3119 -0.0533 0.3643 0.1949 0.4200 -0.1196 0.3691
32: -0.0745 -0.2040 -0.0693 -0.2261 -0.0676 -0.2269 -0.0657 -0.2278 -0.0704 -0.2269 -0.0695 -0.2281 -0.0684 -0.2294 -0.0506 -0.2241 -0.0537 -0.2252 -0.0664 -0.1881 -0.0676 -0.1878 -0.0053 -0.1320 -0.0349 -0.1138 -0.0388 -0.0219 -0.0430 -0.0002 -0.0725 -0.0887 -0.0746 -0.0621 -0.0823 -0.1154 -0.0835 -0.0866 -0.0715 -0.1234 -0.0784 -0.0989 -0.0676 -0.1160 -0.0723 -0.0888 0.0341 0.1234 0.0062 0.1223 0.0589 0.3653 -0.0964 0.1132 0.1825 0.3254 -0.0699 0.3189 0.2040 0.2996 -0.0531 0.3543 0.1945 0.4071 -0.1197 0.3571
33: -0.0750 -0.2006 -0.0694 -0.2226 -0.0676 -0.2235 -0.0657 -0.2243 -0.0708 -0.2233 -0.0698 -0.2247 -0.0686 -0.2260 -0.0505 -0.2220 -0.0540 -0.2227 -0.0663 -0.1853 -0.0678 -0.1854 -0.0022 -0.1335 -0.0373 -0.1176 -0.0363 -0.0194 -0.0470 -0.0120 -0.0723 -0.0789 -0.0746 -0.0676 -0.0820 -0.1032 -0.0835 -0.0898 -0.0723 -0.1116 -0.0784 -0.1011 -0.0680 -0.1038 -0.0726 -0.0915 0.0339 0.1259 0.0054 0.1254 0.0587 0.3645 -0.0960 0.1132 0.1810 0.3209 -0.0695 0.3176 0.2036 0.2921 -0.0529 0.3534 0.1936 0.4063 -0.1201 0.3531
34: -0.0733 -0.2032 -0.0678 -0.2232 -0.0660 -0.2242 -0.0642 -0.2251 -0.0691 -0.2236 -0.0681 -0.2248 -0.0670 -0.2260 -0.0486 -0.2220 -0.0524 -0.2225 -0.0643 -0.1884 -0.0659 -0.1890 -0.0009 -0.1302 -0.0381 -0.1213 -0.0345 -0.0171 -0.0502 -0.0148 -0.0710 -0.0840 -0.0758 -0.0707 -0.0801 -0.1082 -0.0855 -0.0919 -0.0722 -0.1175 -0.0824 -0.1035 -0.0680 -0.1104 -0.0761 -0.0953 0.0356 0.1287 0.0036 0.1229 0.0607 0.3614 -0.0960 0.1176 0.1830 0.3225 -0.0675 0.3191 0.2053 0.2917 -0.0510 0.3540 0.1946 0.4037 -0.1182 0.3544
35: -0.0725 -0.2033 -0.0668 -0.2233 -0.0650 -0.2244 -0.0633 -0.2255 -0.0678 -0.2234 -0.0667 -0.2247 -0.0654 -0.2260 -0.0478 -0.2223 -0.0511 -0.2233 -0.0629 -0.1884 -0.0645 -0.1887 -0.0037 -0.1292 -0.0350 -0.1238 -0.0348 -0.0083 -0.0456 -0.0082 -0.0742 -0.0845 -0.0754 -0.0696 -0.0840 -0.1100 -0.0862 -0.0936 -0.0775 -0.1181 -0.0809 -0.1023 -0.0726 -0.1109 -0.0765 -0.0954 0.0350 0.1302 0.0036 0.1228 0.0648 0.3569 -0.0957 0.1232 0.1883 0.3268 -0.0639 0.3209 0.2104 0.3001 -0.0472 0.3564 0.1953 0.4119 -0.1154 0.3570
36: -0.0697 -0.1976 -0.0643 -0.2168 -0.0627 -0.2182 -0.0610 -0.2195 -0.0650 -0.2170 -0.0638 -0.2182 -0.0625 -0.2195 -0.0459 -0.2164 -0.0479 -0.2176 -0.0612 -0.1840 -0.0624 -0.1846 -0.0092 -0.1260 -0.0291 -0.1300 -0.0360 -0.0115 -0.0344 -0.0070 -0.0749 -0.0816 -0.0704 -0.0657 -0.0867 -0.1057 -0.0805 -0.0891 -0.0783 -0.1123 -0.0753 -0.0974 -0.0730 -0.1082 -0.0714 -0.0906 0.0333 0.1353 0.0048 0.1208 0.0701 0.3517 -0.0938 0.1282 0.1942 0.3328 -0.0600 0.3264 0.2165 0.3095 -0.0427 0.3617 0.1984 0.4185 -0.1122 0.3619
37: -0.0691 -0.1966 -0.0649 -0.2185 -0.0633 -0.2194 -0.0616 -0.2205 -0.0655 -0.2189 -0.0643 -0.2199 -0.0630 -0.2212 -0.0471 -0.2213 -0.0485 -0.2223 -0.0609 -0.1821 -0.0619 -0.1815 -0.0108 -0.1315 -0.0256 -0.1282 -0.0384 -0.0089 -0.0384 -0.0178 -0.0754 -0.0653 -0.0715 -0.0585 -0.0876 -0.0929 -0.0808 -0.0897 -0.0796 -0.1003 -0.0760 -0.0980 -0.0737 -0.0892 -0.0722 -0.0889 0.0319 0.1340 0.0045 0.1257 0.0743 0.3400 -0.0922 0.1538 0.1980 0.3613 -0.0571 0.3517 0.2208 0.3391 -0.0398 0.3862 0.1984 0.4460 -0.1083 0.3880
38: -0.0721 -0.1904 -0.0682 -0.2131 -0.0665 -0.2142 -0.0647 -0.2155 -0.0685 -0.2137 -0.0672 -0.2151 -0.0657 -0.2168 -0.0489 -0.2170 -0.0503 -0.2182 -0.0633 -0.1759 -0.0641 -0.1756 -0.0136 -0.1328 -0.0259 -0.1220 -0.0421 -0.0240 -0.0437 -0.0190 -0.0795 -0.0825 -0.0748 -0.0723 -0.0915 -0.1060 -0.0841 -0.1001 -0.0843 -0.1152 -0.0787 -0.1099 -0.0791 -0.1078 -0.0743 -0.1001 0.0306 0.1283 0.0090 0.1267 0.0713 0.3362 -0.0892 0.1835 0.1935 0.3918 -0.0541 0.3820 0.2167 0.3674 -0.0368 0.4173 0.2017 0.4763 -0.1045 0.4191
39: -0.0706 -0.1941 -0.0665 -0.2170 -0.0649 -0.2183 -0.0632 -0.2195 -0.0667 -0.2173 -0.0654 -0.2188 -0.0638 -0.2204 -0.0473 -0.2194 -0.0483 -0.2195 -0.0626 -0.1796 -0.0631 -0.1782 -0.0116 -0.1336 -0.0294 -0.1191 -0.0459 -0.0190 -0.0488 -0.0097 -0.0807 -0.0903 -0.0799 -0.0775 -0.0904 -0.1110 -0.0866 -0.1015 -0.0832 -0.1196 -0.0819 -0.1104 -0.0785 -0.1128 -0.0775 -0.1034 0.0314 0.1256 0.0094 0.1271 0.0665 0.3345 -0.0827 0.2086 0.1823 0.4161 -0.0479 0.4090 0.1994 0.3931 -0.0309 0.4430 0.2017 0.5028 -0.0965 0.4472
40: -0.0708 -0.1946 -0.0671 -0.2172 -0.0656 -0.2187 -0.0640 -0.2204 -0.0674 -0.2173 -0.0662 -0.2186 -0.0648 -0.2202 -0.0483 -0.2196 -0.0499 -0.2192 -0.0625 -0.1806 -0.0631 -0.1793 -0.0114 -0.1377 -0.0310 -0.1126 -0.0426 -0.0282 -0.0499 0.0014 -0.0805 -0.0944 -0.0818 -0.0756 -0.0890 -0.1169 -0.0879 -0.1033 -0.0825 -0.1245 -0.0841 -0.1133 -0.0786 -0.1174 -0.0803 -0.1058 0.0295 0.1196 0.0129 0.1307 0.0520 0.3353 -0.0748 0.2348 0.1688 0.4248 -0.0429 0.4384 0.1888 0.4077 -0.0270 0.4723 0.1796 0.5200 -0.0703 0.5124
