1: -0.0359 -0.2121 -0.0280 -0.2301 -0.0261 -0.2302 -0.0240 -0.2304 -0.0291 -0.2303 -0.0282 -0.2306 -0.0271 -0.2310 -0.0105 -0.2225 -0.0133 -0.2231 -0.0307 -0.1944 -0.0331 -0.1937 0.0054 -0.1427 -0.0129 -0.1149 -0.0205 -0.0183 -0.0348 0.0185 -0.0896 0.0321 -0.0898 0.0719 -0.1043 0.0514 -0.1032 0.0839 -0.1080 0.0396 -0.1050 0.0788 -0.1032 0.0345 -0.1011 0.0746 0.0086 0.1221 -0.0010 0.1353 0.0282 0.3471 0.0104 0.3464 0.0653 0.5463 0.0082 0.5492 0.0786 0.5697 0.0181 0.5917 0.0259 0.5921 -0.0564 0.5828
2: -0.0358 -0.2128 -0.0279 -0.2305 -0.0260 -0.2307 -0.0240 -0.2311 -0.0290 -0.2306 -0.0281 -0.2310 -0.0270 -0.2315 -0.0107 -0.2226 -0.0134 -0.2230 -0.0306 -0.1958 -0.0329 -0.1955 0.0031 -0.1418 -0.0111 -0.1160 -0.0211 -0.0112 -0.0335 0.0181 -0.0906 0.0322 -0.0901 0.0594 -0.1059 0.0445 -0.1036 0.0586 -0.1081 0.0303 -0.1051 0.0496 -0.1033 0.0279 -0.1011 0.0507 0.0075 0.1222 0.0006 0.1355 0.0334 0.3478 0.0105 0.3471 0.0683 0.5454 0.0056 0.5494 0.0820 0.5704 0.0163 0.5896 0.0285 0.5907 -0.0554 0.5831
3: -0.0365 -0.2131 -0.0286 -0.2305 -0.0268 -0.2309 -0.0250 -0.2314 -0.0296 -0.2305 -0.0287 -0.2309 -0.0275 -0.2315 -0.0121 -0.2227 -0.0141 -0.2228 -0.0315 -0.1967 -0.0334 -0.1966 -0.0004 -0.1409 -0.0084 -0.1179 -0.0223 -0.0063 -0.0296 0.0183 -0.0930 0.0332 -0.0891 0.0541 -0.1084 0.0399 -0.1031 0.0459 -0.1091 0.0253 -0.1050 0.0351 -0.1042 0.0248 -0.1002 0.0389 0.0059 0.1228 0.0028 0.1359 0.0351 0.3483 0.0099 0.3481 0.0695 0.5439 0.0040 0.5494 0.0837 0.5712 0.0149 0.5883 0.0296 0.5896 -0.0556 0.5834
4: -0.0366 -0.2144 -0.0286 -0.2315 -0.0269 -0.2321 -0.0252 -0.2326 -0.0297 -0.2315 -0.0287 -0.2320 -0.0275 -0.2326 -0.0127 -0.2238 -0.0143 -0.2238 -0.0318 -0.1984 -0.0335 -0.1983 -0.0026 -0.1403 -0.0073 -0.1195 -0.0232 -0.0036 -0.0266 0.0178 -0.0954 0.0339 -0.0883 0.0495 -0.1112 0.0364 -0.1029 0.0384 -0.1110 0.0225 -0.1048 0.0274 -0.1059 0.0230 -0.0997 0.0322 0.0058 0.1234 0.0042 0.1363 0.0374 0.3483 0.0077 0.3490 0.0712 0.5420 0.0032 0.5494 0.0862 0.5712 0.0142 0.5883 0.0318 0.5895 -0.0555 0.5839
5: -0.0366 -0.2162 -0.0285 -0.2332 -0.0268 -0.2337 -0.0252 -0.2342 -0.0295 -0.2331 -0.0285 -0.2336 -0.0274 -0.2342 -0.0128 -0.2252 -0.0142 -0.2252 -0.0320 -0.2004 -0.0335 -0.2002 -0.0035 -0.1401 -0.0073 -0.1198 -0.0232 -0.0034 -0.0261 0.0173 -0.0954 0.0345 -0.0881 0.0504 -0.1114 0.0352 -0.1035 0.0395 -0.1114 0.0225 -0.1051 0.0295 -0.1063 0.0233 -0.0996 0.0344 0.0060 0.1236 0.0047 0.1363 0.0388 0.3482 0.0060 0.3490 0.0727 0.5383 0.0025 0.5484 0.0877 0.5698 0.0135 0.5874 0.0330 0.5889 -0.0552 0.5839
6: -0.0367 -0.2188 -0.0285 -0.2355 -0.0268 -0.2358 -0.0252 -0.2363 -0.0294 -0.2355 -0.0285 -0.2358 -0.0274 -0.2364 -0.0129 -0.2269 -0.0142 -0.2270 -0.0323 -0.2027 -0.0338 -0.2025 -0.0038 -0.1400 -0.0073 -0.1199 -0.0231 -0.0035 -0.0265 0.0168 -0.0951 0.0398 -0.0880 0.0518 -0.1109 0.0355 -0.1033 0.0458 -0.1112 0.0235 -0.1050 0.0367 -0.1062 0.0268 -0.0997 0.0396 0.0063 0.1237 0.0047 0.1364 0.0407 0.3482 0.0049 0.3482 0.0748 0.5365 0.0022 0.5478 0.0895 0.5693 0.0121 0.5865 0.0349 0.5874 -0.0550 0.5830
7: -0.0367 -0.2202 -0.0283 -0.2371 -0.0267 -0.2373 -0.0251 -0.2378 -0.0292 -0.2372 -0.0283 -0.2375 -0.0272 -0.2380 -0.0129 -0.2280 -0.0142 -0.2284 -0.0325 -0.2038 -0.0339 -0.2036 -0.0043 -0.1401 -0.0077 -0.1201 -0.0229 -0.0029 -0.0262 0.0168 -0.0945 0.0489 -0.0882 0.0610 -0.1102 0.0467 -0.1029 0.0552 -0.1107 0.0346 -0.1047 0.0442 -0.1058 0.0369 -0.0996 0.0483 0.0063 0.1237 0.0056 0.1363 0.0383 0.3483 0.0055 0.3441 0.0757 0.5362 0.0028 0.5478 0.0908 0.5690 0.0141 0.5862 0.0350 0.5873 -0.0528 0.5828
8: -0.0370 -0.2207 -0.0285 -0.2375 -0.0269 -0.2377 -0.0253 -0.2380 -0.0294 -0.2378 -0.0284 -0.2381 -0.0273 -0.2386 -0.0132 -0.2281 -0.0145 -0.2287 -0.0331 -0.2039 -0.0344 -0.2037 -0.0057 -0.1398 -0.0077 -0.1209 -0.0229 0.0007 -0.0263 0.0174 -0.0898 0.0684 -0.0878 0.0759 -0.1060 0.0750 -0.1019 0.0767 -0.1077 0.0623 -0.1040 0.0653 -0.1034 0.0615 -0.0993 0.0670 0.0057 0.1241 0.0074 0.1364 0.0191 0.3483 0.0223 0.3443 0.0136 0.5403 0.0614 0.5421 0.0460 0.5917 0.0765 0.5762 -0.0425 0.5843 0.0233 0.5829
9: -0.0369 -0.2212 -0.0283 -0.2382 -0.0268 -0.2382 -0.0251 -0.2385 -0.0291 -0.2385 -0.0282 -0.2388 -0.0271 -0.2394 -0.0131 -0.2285 -0.0144 -0.2295 -0.0332 -0.2043 -0.0346 -0.2041 -0.0062 -0.1399 -0.0079 -0.1212 -0.0223 0.0026 -0.0260 0.0181 -0.0763 0.0821 -0.0802 0.0898 -0.0920 0.1011 -0.0935 0.1041 -0.0962 0.0852 -0.0969 0.0925 -0.0922 0.0801 -0.0928 0.0891 0.0064 0.1248 0.0078 0.1365 0.0348 0.3482 0.0071 0.3436 0.0737 0.5384 0.0231 0.5424 0.0887 0.5769 0.0311 0.5774 0.0240 0.5844 -0.0229 0.5825
10: -0.0371 -0.2220 -0.0285 -0.2389 -0.0270 -0.2390 -0.0253 -0.2393 -0.0293 -0.2394 -0.0284 -0.2397 -0.0272 -0.2402 -0.0134 -0.2293 -0.0145 -0.2304 -0.0336 -0.2051 -0.0349 -0.2049 -0.0068 -0.1405 -0.0075 -0.1221 -0.0217 0.0058 -0.0257 0.0210 -0.0696 0.1052 -0.0760 0.1030 -0.0822 0.1351 -0.0885 0.1241 -0.0874 0.1225 -0.0922 0.1148 -0.0838 0.1132 -0.0881 0.1090 0.0068 0.1256 0.0076 0.1371 0.0479 0.3490 -0.0015 0.3443 0.0941 0.5359 0.0099 0.5421 0.1069 0.5663 0.0169 0.5776 0.0475 0.5853 -0.0395 0.5816
11: -0.0380 -0.2225 -0.0293 -0.2394 -0.0278 -0.2394 -0.0261 -0.2397 -0.0301 -0.2398 -0.0291 -0.2401 -0.0279 -0.2407 -0.0140 -0.2298 -0.0151 -0.2310 -0.0343 -0.2055 -0.0356 -0.2054 -0.0083 -0.1410 -0.0059 -0.1235 -0.0217 0.0086 -0.0246 0.0223 -0.0638 0.1235 -0.0688 0.1148 -0.0747 0.1620 -0.0794 0.1420 -0.0797 0.1549 -0.0829 0.1358 -0.0766 0.1403 -0.0796 0.1265 0.0068 0.1269 0.0075 0.1375 0.0602 0.3504 -0.0062 0.3438 0.1050 0.5330 0.0071 0.5417 0.1181 0.5594 0.0154 0.5778 0.0617 0.5848 -0.0442 0.5809
12: -0.0388 -0.2230 -0.0300 -0.2400 -0.0285 -0.2400 -0.0268 -0.2403 -0.0308 -0.2404 -0.0298 -0.2407 -0.0286 -0.2413 -0.0147 -0.2305 -0.0156 -0.2317 -0.0351 -0.2061 -0.0365 -0.2059 -0.0106 -0.1406 -0.0045 -0.1251 -0.0219 0.0117 -0.0196 0.0219 -0.0591 0.1351 -0.0542 0.1180 -0.0681 0.1811 -0.0656 0.1521 -0.0730 0.1795 -0.0687 0.1523 -0.0711 0.1631 -0.0660 0.1400 0.0067 0.1282 0.0081 0.1373 0.0649 0.3494 -0.0096 0.3431 0.1141 0.5290 0.0067 0.5412 0.1274 0.5553 0.0157 0.5776 0.0721 0.5841 -0.0455 0.5802
13: -0.0395 -0.2247 -0.0307 -0.2417 -0.0291 -0.2417 -0.0275 -0.2420 -0.0315 -0.2421 -0.0306 -0.2425 -0.0294 -0.2431 -0.0153 -0.2322 -0.0161 -0.2336 -0.0357 -0.2079 -0.0372 -0.2078 -0.0117 -0.1405 -0.0035 -0.1272 -0.0217 0.0135 -0.0166 0.0224 -0.0543 0.1457 -0.0449 0.1326 -0.0610 0.1894 -0.0568 0.1716 -0.0658 0.1897 -0.0611 0.1717 -0.0641 0.1740 -0.0578 0.1574 0.0072 0.1302 0.0082 0.1377 0.0712 0.3457 -0.0140 0.3410 0.1246 0.5226 0.0066 0.5387 0.1397 0.5491 0.0163 0.5758 0.0880 0.5819 -0.0460 0.5781
14: -0.0400 -0.2246 -0.0311 -0.2414 -0.0296 -0.2415 -0.0280 -0.2418 -0.0320 -0.2418 -0.0310 -0.2422 -0.0299 -0.2428 -0.0157 -0.2320 -0.0164 -0.2336 -0.0361 -0.2079 -0.0377 -0.2079 -0.0130 -0.1391 -0.0032 -0.1275 -0.0211 0.0143 -0.0129 0.0239 -0.0468 0.1517 -0.0349 0.1432 -0.0511 0.1897 -0.0466 0.1797 -0.0576 0.1874 -0.0511 0.1814 -0.0562 0.1745 -0.0468 0.1671 0.0081 0.1295 0.0080 0.1372 0.0767 0.3405 -0.0182 0.3357 0.1358 0.5159 0.0060 0.5360 0.1510 0.5397 0.0167 0.5752 0.1037 0.5810 -0.0457 0.5777
15: -0.0414 -0.2241 -0.0324 -0.2407 -0.0308 -0.2408 -0.0291 -0.2411 -0.0333 -0.2410 -0.0322 -0.2414 -0.0310 -0.2420 -0.0169 -0.2315 -0.0174 -0.2330 -0.0374 -0.2077 -0.0389 -0.2077 -0.0141 -0.1369 -0.0033 -0.1281 -0.0210 0.0155 -0.0113 0.0257 -0.0389 0.1532 -0.0279 0.1493 -0.0432 0.1909 -0.0364 0.1838 -0.0479 0.1877 -0.0403 0.1857 -0.0459 0.1739 -0.0371 0.1719 0.0097 0.1288 0.0075 0.1361 0.0844 0.3372 -0.0211 0.3330 0.1480 0.5117 0.0054 0.5329 0.1642 0.5350 0.0168 0.5735 0.1206 0.5797 -0.0457 0.5764
16: -0.0441 -0.2222 -0.0353 -0.2385 -0.0336 -0.2388 -0.0319 -0.2393 -0.0361 -0.2388 -0.0350 -0.2393 -0.0338 -0.2400 -0.0190 -0.2303 -0.0200 -0.2319 -0.0394 -0.2066 -0.0409 -0.2068 -0.0152 -0.1360 -0.0042 -0.1297 -0.0212 0.0126 -0.0109 0.0228 -0.0316 0.1438 -0.0250 0.1428 -0.0357 0.1796 -0.0312 0.1749 -0.0376 0.1770 -0.0332 0.1765 -0.0350 0.1637 -0.0302 0.1642 0.0130 0.1305 0.0064 0.1349 0.0929 0.3341 -0.0229 0.3303 0.1592 0.5069 0.0038 0.5295 0.1763 0.5274 0.0161 0.5706 0.1341 0.5777 -0.0462 0.5730
17: -0.0467 -0.2209 -0.0378 -0.2369 -0.0360 -0.2372 -0.0342 -0.2376 -0.0388 -0.2372 -0.0377 -0.2377 -0.0365 -0.2383 -0.0210 -0.2285 -0.0227 -0.2300 -0.0417 -0.2055 -0.0433 -0.2059 -0.0159 -0.1354 -0.0054 -0.1301 -0.0193 0.0116 -0.0110 0.0206 -0.0252 0.1474 -0.0199 0.1453 -0.0256 0.1858 -0.0231 0.1822 -0.0298 0.1845 -0.0227 0.1843 -0.0290 0.1706 -0.0212 0.1703 0.0159 0.1309 0.0055 0.1347 0.0993 0.3301 -0.0253 0.3292 0.1710 0.5011 0.0029 0.5278 0.1890 0.5209 0.0155 0.5687 0.1454 0.5787 -0.0477 0.5710
18: -0.0502 -0.2186 -0.0414 -0.2336 -0.0396 -0.2339 -0.0378 -0.2342 -0.0424 -0.2340 -0.0414 -0.2345 -0.0402 -0.2352 -0.0243 -0.2267 -0.0264 -0.2280 -0.0446 -0.2038 -0.0463 -0.2045 -0.0178 -0.1362 -0.0077 -0.1312 -0.0191 0.0078 -0.0118 0.0164 -0.0230 0.1412 -0.0173 0.1378 -0.0241 0.1805 -0.0206 0.1753 -0.0284 0.1793 -0.0208 0.1788 -0.0270 0.1651 -0.0183 0.1636 0.0197 0.1321 0.0058 0.1354 0.1038 0.3250 -0.0282 0.3282 0.1823 0.4942 0.0008 0.5242 0.2004 0.5127 0.0145 0.5652 0.1627 0.5768 -0.0503 0.5664
19: -0.0530 -0.2131 -0.0446 -0.2285 -0.0428 -0.2289 -0.0409 -0.2293 -0.0456 -0.2287 -0.0446 -0.2292 -0.0435 -0.2298 -0.0277 -0.2229 -0.0296 -0.2237 -0.0472 -0.1986 -0.0488 -0.1992 -0.0200 -0.1374 -0.0102 -0.1304 -0.0216 0.0055 -0.0134 0.0143 -0.0216 0.1343 -0.0160 0.1325 -0.0225 0.1725 -0.0179 0.1665 -0.0253 0.1710 -0.0174 0.1696 -0.0238 0.1571 -0.0155 0.1563 0.0221 0.1320 0.0082 0.1356 0.1102 0.3231 -0.0317 0.3267 0.1904 0.4903 -0.0015 0.5230 0.2059 0.5059 0.0128 0.5635 0.1728 0.5761 -0.0531 0.5640
20: -0.0554 -0.2090 -0.0473 -0.2260 -0.0454 -0.2264 -0.0434 -0.2268 -0.0484 -0.2261 -0.0474 -0.2266 -0.0463 -0.2272 -0.0298 -0.2198 -0.0319 -0.2209 -0.0491 -0.1935 -0.0508 -0.1944 -0.0216 -0.1394 -0.0125 -0.1287 -0.0212 -0.0035 -0.0153 0.0081 -0.0178 0.1137 -0.0140 0.1254 -0.0175 0.1565 -0.0141 0.1607 -0.0216 0.1568 -0.0210 0.1652 -0.0206 0.1450 -0.0196 0.1514 0.0247 0.1309 0.0092 0.1371 0.1170 0.3190 -0.0344 0.3232 0.1992 0.4825 -0.0032 0.5199 0.2132 0.4923 0.0122 0.5595 0.1889 0.5718 -0.0549 0.5599
21: -0.0578 -0.2073 -0.0498 -0.2244 -0.0479 -0.2248 -0.0459 -0.2250 -0.0510 -0.2247 -0.0499 -0.2252 -0.0487 -0.2257 -0.0318 -0.2178 -0.0340 -0.2188 -0.0511 -0.1916 -0.0528 -0.1928 -0.0229 -0.1420 -0.0150 -0.1299 -0.0211 -0.0206 -0.0170 -0.0033 -0.0162 0.0817 -0.0182 0.0948 -0.0115 0.1213 -0.0147 0.1373 -0.0148 0.1203 -0.0146 0.1382 -0.0159 0.1075 -0.0152 0.1219 0.0292 0.1311 0.0089 0.1407 0.1228 0.3136 -0.0388 0.3173 0.2081 0.4733 -0.0046 0.5145 0.2229 0.4802 0.0127 0.5540 0.2026 0.5633 -0.0564 0.5543
22: -0.0597 -0.2060 -0.0518 -0.2228 -0.0498 -0.2231 -0.0477 -0.2234 -0.0530 -0.2231 -0.0519 -0.2236 -0.0507 -0.2242 -0.0337 -0.2161 -0.0359 -0.2175 -0.0528 -0.1905 -0.0547 -0.1918 -0.0241 -0.1406 -0.0168 -0.1296 -0.0197 -0.0248 -0.0189 -0.0077 -0.0115 0.0754 -0.0145 0.0901 -0.0048 0.1140 -0.0103 0.1316 -0.0071 0.1122 -0.0082 0.1317 -0.0088 0.1015 -0.0093 0.1142 0.0295 0.1302 0.0114 0.1400 0.1296 0.3092 -0.0411 0.3105 0.2170 0.4683 -0.0045 0.5100 0.2312 0.4745 0.0128 0.5497 0.2130 0.5582 -0.0576 0.5498
23: -0.0614 -0.2085 -0.0534 -0.2250 -0.0514 -0.2252 -0.0495 -0.2252 -0.0545 -0.2255 -0.0535 -0.2260 -0.0524 -0.2266 -0.0355 -0.2169 -0.0378 -0.2186 -0.0548 -0.1930 -0.0568 -0.1944 -0.0255 -0.1394 -0.0185 -0.1294 -0.0156 -0.0332 -0.0199 -0.0113 -0.0066 0.0702 -0.0112 0.0850 0.0033 0.1069 -0.0060 0.1241 -0.0021 0.1045 -0.0042 0.1240 -0.0040 0.0943 -0.0038 0.1095 0.0283 0.1294 0.0156 0.1395 0.1344 0.3002 -0.0437 0.3016 0.2250 0.4559 -0.0042 0.5018 0.2405 0.4604 0.0131 0.5416 0.2262 0.5487 -0.0573 0.5407
24: -0.0630 -0.2128 -0.0549 -0.2276 -0.0530 -0.2274 -0.0511 -0.2273 -0.0560 -0.2285 -0.0550 -0.2289 -0.0539 -0.2295 -0.0374 -0.2180 -0.0395 -0.2206 -0.0570 -0.1973 -0.0589 -0.1986 -0.0270 -0.1382 -0.0202 -0.1314 -0.0083 -0.0447 -0.0129 -0.0146 0.0007 0.0508 -0.0007 0.0791 0.0137 0.0829 0.0110 0.1158 0.0056 0.0802 0.0073 0.1155 0.0026 0.0685 0.0060 0.1024 0.0297 0.1281 0.0176 0.1413 0.1357 0.2917 -0.0466 0.2946 0.2326 0.4442 -0.0058 0.4947 0.2477 0.4478 0.0114 0.5339 0.2385 0.5383 -0.0583 0.5335
25: -0.0649 -0.2191 -0.0568 -0.2335 -0.0549 -0.2331 -0.0530 -0.2329 -0.0580 -0.2346 -0.0571 -0.2349 -0.0560 -0.2353 -0.0392 -0.2231 -0.0417 -0.2253 -0.0595 -0.2035 -0.0615 -0.2044 -0.0277 -0.1396 -0.0243 -0.1307 -0.0000 -0.0940 -0.0085 -0.0215 0.0022 -0.0944 0.0110 0.0391 0.0089 -0.1008 0.0159 0.0508 0.0061 -0.0966 0.0133 0.0518 0.0035 -0.0883 0.0108 0.0479 0.0359 0.1268 0.0161 0.1435 0.1426 0.2813 -0.0494 0.2859 0.2411 0.4331 -0.0079 0.4847 0.2555 0.4375 0.0094 0.5225 0.2498 0.5264 -0.0601 0.5231
26: -0.0673 -0.2221 -0.0596 -0.2372 -0.0578 -0.2369 -0.0560 -0.2366 -0.0606 -0.2376 -0.0596 -0.2376 -0.0585 -0.2376 -0.0422 -0.2258 -0.0445 -0.2269 -0.0625 -0.2064 -0.0641 -0.2065 -0.0291 -0.1359 -0.0260 -0.1324 -0.0079 -0.1398 -0.0110 -0.1378 -0.0087 -0.1820 -0.0047 -0.2096 -0.0034 -0.1985 0.0005 -0.2269 -0.0042 -0.1937 -0.0037 -0.2317 -0.0063 -0.1810 0.0025 -0.2184 0.0371 0.1267 0.0180 0.1416 0.1467 0.2734 -0.0515 0.2786 0.2478 0.4237 -0.0101 0.4799 0.2631 0.4280 0.0072 0.5146 0.2569 0.5154 -0.0625 0.5153
27: -0.0683 -0.2194 -0.0599 -0.2341 -0.0579 -0.2337 -0.0557 -0.2334 -0.0609 -0.2351 -0.0598 -0.2354 -0.0585 -0.2357 -0.0414 -0.2228 -0.0446 -0.2247 -0.0640 -0.2027 -0.0656 -0.2031 -0.0281 -0.1335 -0.0286 -0.1341 -0.0222 -0.1505 -0.0153 -0.1427 -0.0176 -0.2169 -0.0197 -0.2178 -0.0143 -0.2253 -0.0159 -0.2391 -0.0086 -0.2179 -0.0155 -0.2397 -0.0133 -0.2203 -0.0168 -0.2302 0.0381 0.1275 0.0188 0.1402 0.1494 0.2679 -0.0531 0.2738 0.2541 0.4143 -0.0119 0.4741 0.2679 0.4168 0.0053 0.5088 0.2680 0.5054 -0.0646 0.5116
28: -0.0734 -0.1932 -0.0663 -0.2108 -0.0645 -0.2110 -0.0627 -0.2113 -0.0668 -0.2112 -0.0653 -0.2118 -0.0636 -0.2126 -0.0473 -0.2074 -0.0480 -0.2084 -0.0670 -0.1803 -0.0683 -0.1802 -0.0311 -0.1386 -0.0303 -0.1358 -0.0253 -0.2245 -0.0200 -0.1749 -0.0211 -0.2549 -0.0203 -0.2416 -0.0165 -0.2643 -0.0193 -0.2565 -0.0144 -0.2589 -0.0190 -0.2472 -0.0185 -0.2506 -0.0202 -0.2383 0.0400 0.1308 0.0215 0.1437 0.1514 0.2688 -0.0543 0.2744 0.2601 0.4112 -0.0138 0.4749 0.2749 0.4111 0.0035 0.5096 0.2771 0.5061 -0.0676 0.5126
29: -0.0743 -0.1920 -0.0677 -0.2086 -0.0662 -0.2089 -0.0647 -0.2091 -0.0678 -0.2086 -0.0663 -0.2088 -0.0645 -0.2090 -0.0495 -0.2031 -0.0490 -0.2027 -0.0686 -0.1788 -0.0694 -0.1789 -0.0335 -0.1400 -0.0315 -0.1346 -0.0356 -0.2183 -0.0260 -0.1822 -0.0241 -0.2853 -0.0232 -0.2509 -0.0215 -0.3097 -0.0221 -0.2808 -0.0195 -0.3032 -0.0210 -0.2749 -0.0227 -0.2916 -0.0227 -0.2635 0.0416 0.1311 0.0233 0.1436 0.1555 0.2671 -0.0563 0.2725 0.2663 0.4077 -0.0161 0.4731 0.2825 0.4105 0.0013 0.5083 0.2844 0.5028 -0.0705 0.5111
30: -0.0745 -0.1922 -0.0680 -0.2089 -0.0667 -0.2090 -0.0653 -0.2090 -0.0676 -0.2089 -0.0660 -0.2088 -0.0641 -0.2087 -0.0507 -0.2013 -0.0492 -0.2008 -0.0694 -0.1778 -0.0700 -0.1777 -0.0351 -0.1408 -0.0316 -0.1340 -0.0393 -0.2391 -0.0375 -0.2123 -0.0282 -0.3305 -0.0278 -0.2991 -0.0279 -0.3561 -0.0277 -0.3347 -0.0228 -0.3526 -0.0268 -0.3356 -0.0247 -0.3444 -0.0270 -0.3265 0.0419 0.1316 0.0248 0.1432 0.1593 0.2623 -0.0576 0.2674 0.2725 0.4014 -0.0174 0.4670 0.2879 0.4035 -0.0000 0.5021 0.2915 0.4974 -0.0720 0.5055
31: -0.0748 -0.1961 -0.0680 -0.2127 -0.0667 -0.2125 -0.0653 -0.2121 -0.0673 -0.2132 -0.0655 -0.2131 -0.0634 -0.2127 -0.0512 -0.2022 -0.0488 -0.2025 -0.0706 -0.1795 -0.0707 -0.1802 -0.0378 -0.1416 -0.0308 -0.1351 -0.0445 -0.2604 -0.0427 -0.2349 -0.0347 -0.3668 -0.0356 -0.3407 -0.0352 -0.4018 -0.0357 -0.3778 -0.0290 -0.4021 -0.0340 -0.3819 -0.0299 -0.3904 -0.0335 -0.3707 0.0415 0.1337 0.0272 0.1429 0.1627 0.2579 -0.0602 0.2625 0.2795 0.3964 -0.0200 0.4603 0.2953 0.3985 -0.0024 0.4953 0.2992 0.4912 -0.0748 0.4994
32: -0.0777 -0.1897 -0.0710 -0.2071 -0.0697 -0.2069 -0.0683 -0.2068 -0.0703 -0.2079 -0.0685 -0.2080 -0.0664 -0.2081 -0.0541 -0.2008 -0.0517 -0.2012 -0.0733 -0.1745 -0.0733 -0.1752 -0.0406 -0.1415 -0.0323 -0.1356 -0.0489 -0.2787 -0.0463 -0.2505 -0.0390 -0.4263 -0.0412 -0.3909 -0.0401 -0.4438 -0.0413 -0.4210 -0.0352 -0.4376 -0.0404 -0.4210 -0.0355 -0.4358 -0.0398 -0.4140 0.0421 0.1343 0.0306 0.1430 0.1636 0.2541 -0.0630 0.2576 0.2829 0.3917 -0.0226 0.4552 0.2984 0.3943 -0.0042 0.4911 0.3021 0.4862 -0.0773 0.4952
33: -0.0775 -0.1880 -0.0714 -0.2044 -0.0703 -0.2043 -0.0691 -0.2043 -0.0702 -0.2050 -0.0683 -0.2051 -0.0662 -0.2052 -0.0551 -0.1995 -0.0520 -0.1995 -0.0741 -0.1742 -0.0735 -0.1746 -0.0412 -0.1416 -0.0290 -0.1296 -0.0521 -0.2846 -0.0481 -0.2508 -0.0440 -0.4360 -0.0454 -0.3841 -0.0451 -0.4666 -0.0426 -0.4109 -0.0416 -0.4676 -0.0418 -0.4151 -0.0416 -0.4582 -0.0443 -0.4180 0.0417 0.1295 0.0286 0.1416 0.1672 0.2504 -0.0628 0.2522 0.2896 0.3868 -0.0235 0.4505 0.3037 0.3900 -0.0050 0.4875 0.3084 0.4824 -0.0787 0.4902
34: -0.0781 -0.1922 -0.0720 -0.2081 -0.0710 -0.2079 -0.0700 -0.2078 -0.0707 -0.2081 -0.0688 -0.2078 -0.0668 -0.2076 -0.0559 -0.2009 -0.0523 -0.2018 -0.0754 -0.1781 -0.0746 -0.1778 -0.0421 -0.1418 -0.0279 -0.1268 -0.0543 -0.2981 -0.0507 -0.2574 -0.0482 -0.4687 -0.0490 -0.4144 -0.0494 -0.4969 -0.0483 -0.4457 -0.0444 -0.4880 -0.0481 -0.4481 -0.0441 -0.4699 -0.0507 -0.4355 0.0423 0.1284 0.0279 0.1400 0.1698 0.2463 -0.0650 0.2443 0.2936 0.3793 -0.0249 0.4437 0.3054 0.3826 -0.0070 0.4818 0.3167 0.4790 -0.0808 0.4847
35: -0.0799 -0.1928 -0.0739 -0.2094 -0.0728 -0.2093 -0.0716 -0.2093 -0.0726 -0.2094 -0.0707 -0.2092 -0.0687 -0.2091 -0.0564 -0.2020 -0.0533 -0.2028 -0.0771 -0.1781 -0.0762 -0.1778 -0.0414 -0.1432 -0.0288 -0.1257 -0.0565 -0.2970 -0.0531 -0.2620 -0.0530 -0.4716 -0.0532 -0.4195 -0.0543 -0.5065 -0.0538 -0.4351 -0.0484 -0.4950 -0.0542 -0.4372 -0.0507 -0.4943 -0.0568 -0.4238 0.0433 0.1294 0.0269 0.1395 0.1721 0.2493 -0.0673 0.2416 0.2962 0.3767 -0.0272 0.4412 0.3097 0.3786 -0.0094 0.4796 0.3191 0.4830 -0.0832 0.4853
36: -0.0831 -0.1942 -0.0775 -0.2125 -0.0763 -0.2126 -0.0749 -0.2127 -0.0763 -0.2123 -0.0744 -0.2121 -0.0724 -0.2122 -0.0590 -0.2053 -0.0566 -0.2057 -0.0797 -0.1788 -0.0788 -0.1781 -0.0421 -0.1423 -0.0303 -0.1251 -0.0614 -0.2992 -0.0578 -0.2642 -0.0600 -0.4715 -0.0597 -0.4214 -0.0619 -0.5065 -0.0623 -0.4491 -0.0553 -0.4978 -0.0610 -0.4468 -0.0587 -0.4970 -0.0619 -0.4466 0.0397 0.1304 0.0328 0.1370 0.1757 0.2558 -0.0724 0.2381 0.2959 0.3772 -0.0321 0.4375 0.3107 0.3754 -0.0140 0.4766 0.3164 0.4855 -0.0878 0.4837
37: -0.0815 -0.1947 -0.0764 -0.2139 -0.0751 -0.2141 -0.0735 -0.2143 -0.0754 -0.2134 -0.0737 -0.2133 -0.0716 -0.2133 -0.0573 -0.2065 -0.0553 -0.2058 -0.0770 -0.1792 -0.0764 -0.1782 -0.0411 -0.1431 -0.0303 -0.1200 -0.0638 -0.3025 -0.0581 -0.2420 -0.0639 -0.4705 -0.0620 -0.4112 -0.0677 -0.5079 -0.0647 -0.4200 -0.0601 -0.4983 -0.0627 -0.4048 -0.0630 -0.5018 -0.0646 -0.4105 0.0384 0.1275 0.0330 0.1355 0.1801 0.2601 -0.0751 0.2333 0.2995 0.3822 -0.0349 0.4331 0.3169 0.3817 -0.0158 0.4743 0.3163 0.4824 -0.0913 0.4804
38: -0.0816 -0.1895 -0.0771 -0.2093 -0.0757 -0.2099 -0.0741 -0.2103 -0.0763 -0.2087 -0.0747 -0.2089 -0.0728 -0.2091 -0.0580 -0.2039 -0.0567 -0.2028 -0.0762 -0.1761 -0.0758 -0.1747 -0.0411 -0.1437 -0.0304 -0.1175 -0.0670 -0.3013 -0.0272 -0.0261 -0.0686 -0.4668 -0.0221 -0.0268 -0.0723 -0.5026 -0.0210 -0.0170 -0.0683 -0.5029 -0.0276 -0.0208 -0.0686 -0.4917 -0.0293 -0.0232 0.0393 0.1263 0.0321 0.1349 0.1823 0.2623 -0.0781 0.2296 0.2985 0.3804 -0.0382 0.4303 0.3165 0.3768 -0.0181 0.4740 0.3194 0.4783 -0.0947 0.4771
39: -0.0825 -0.1916 -0.0785 -0.2120 -0.0771 -0.2126 -0.0755 -0.2131 -0.0778 -0.2112 -0.0763 -0.2113 -0.0745 -0.2115 -0.0598 -0.2069 -0.0588 -0.2057 -0.0767 -0.1785 -0.0765 -0.1769 -0.0411 -0.1450 -0.0304 -0.1202 -0.0712 -0.3035 -0.0242 -0.0349 -0.0746 -0.4719 -0.0212 -0.0726 -0.0781 -0.5071 -0.0198 -0.0709 -0.0732 -0.4970 -0.0272 -0.0762 -0.0743 -0.4994 -0.0294 -0.0742 0.0385 0.1295 0.0331 0.1357 0.1792 0.2632 -0.0818 0.2263 0.3003 0.3799 -0.0416 0.4289 0.3162 0.3746 -0.0212 0.4734 0.3190 0.4845 -0.0956 0.4809
40: -0.0808 -0.1938 -0.0767 -0.2137 -0.0754 -0.2143 -0.0738 -0.2148 -0.0761 -0.2128 -0.0746 -0.2128 -0.0728 -0.2129 -0.0585 -0.2084 -0.0574 -0.2069 -0.0751 -0.1803 -0.0749 -0.1785 -0.0390 -0.1476 -0.0298 -0.1204 -0.0730 -0.3062 -0.0174 0.0164 -0.0786 -0.4776 -0.0113 0.1092 -0.0822 -0.5109 -0.0090 0.1360 -0.0828 -0.4975 -0.0148 0.1349 -0.0786 -0.5043 -0.0156 0.1256 0.0397 0.1293 0.0293 0.1387 0.1828 0.2649 -0.0838 0.2241 0.3034 0.3792 -0.0443 0.4291 0.3196 0.3732 -0.0243 0.4726 0.3252 0.4835 -0.1004 0.4774
