1: -0.0174 -0.1601 -0.0120 -0.1755 -0.0086 -0.1764 -0.0051 -0.1772 -0.0183 -0.1739 -0.0196 -0.1736 -0.0207 -0.1734 0.0057 -0.1747 -0.0151 -0.1710 -0.0085 -0.1469 -0.0171 -0.1463 0.0370 -0.1111 -0.0276 -0.1091 0.0927 -0.1481 -0.0656 -0.1288 0.0382 -0.1818 -0.0275 -0.1757 0.0264 -0.1889 -0.0149 -0.1894 0.0243 -0.1804 -0.0102 -0.1792 0.0273 -0.1730 -0.0117 -0.1714 0.0172 0.1141 -0.0265 0.1062 0.0236 0.2680 -0.0577 0.2463 0.0287 0.3994 -0.0680 0.4027 0.0295 0.4196 -0.0614 0.4308 0.0180 0.4449 -0.0976 0.4393
2: -0.0175 -0.1584 -0.0125 -0.1734 -0.0096 -0.1747 -0.0067 -0.1761 -0.0186 -0.1712 -0.0199 -0.1710 -0.0213 -0.1708 0.0051 -0.1748 -0.0156 -0.1707 -0.0092 -0.1473 -0.0171 -0.1459 0.0371 -0.1113 -0.0271 -0.1099 0.0928 -0.1475 -0.0671 -0.1304 0.0378 -0.1823 -0.0277 -0.1767 0.0250 -0.1901 -0.0159 -0.1902 0.0232 -0.1816 -0.0111 -0.1804 0.0262 -0.1742 -0.0128 -0.1726 0.0166 0.1151 -0.0264 0.1060 0.0224 0.2663 -0.0597 0.2442 0.0290 0.3982 -0.0773 0.4022 0.0298 0.4185 -0.0699 0.4303 0.0178 0.4433 -0.1079 0.4365
3: -0.0199 -0.1600 -0.0151 -0.1744 -0.0125 -0.1760 -0.0100 -0.1776 -0.0209 -0.1719 -0.0221 -0.1716 -0.0234 -0.1713 0.0022 -0.1767 -0.0166 -0.1717 -0.0113 -0.1496 -0.0185 -0.1476 0.0386 -0.1121 -0.0269 -0.1105 0.0936 -0.1492 -0.0675 -0.1330 0.0365 -0.1846 -0.0268 -0.1787 0.0232 -0.1929 -0.0152 -0.1913 0.0210 -0.1841 -0.0110 -0.1820 0.0249 -0.1766 -0.0131 -0.1742 0.0161 0.1162 -0.0277 0.1064 0.0221 0.2639 -0.0618 0.2428 0.0314 0.3946 -0.0865 0.4009 0.0326 0.4145 -0.0815 0.4311 0.0192 0.4406 -0.1158 0.4331
4: -0.0208 -0.1630 -0.0155 -0.1770 -0.0129 -0.1784 -0.0104 -0.1798 -0.0212 -0.1751 -0.0224 -0.1749 -0.0238 -0.1746 0.0015 -0.1785 -0.0157 -0.1741 -0.0126 -0.1517 -0.0195 -0.1499 0.0403 -0.1138 -0.0283 -0.1119 0.0946 -0.1527 -0.0673 -0.1373 0.0381 -0.1882 -0.0252 -0.1815 0.0244 -0.1965 -0.0138 -0.1925 0.0220 -0.1876 -0.0098 -0.1833 0.0261 -0.1801 -0.0120 -0.1760 0.0167 0.1179 -0.0288 0.1076 0.0235 0.2603 -0.0635 0.2411 0.0356 0.3882 -0.0938 0.3974 0.0373 0.4080 -0.0929 0.4285 0.0222 0.4362 -0.1209 0.4245
5: -0.0202 -0.1635 -0.0149 -0.1776 -0.0122 -0.1788 -0.0097 -0.1802 -0.0206 -0.1759 -0.0219 -0.1757 -0.0231 -0.1755 0.0011 -0.1793 -0.0148 -0.1750 -0.0119 -0.1513 -0.0188 -0.1494 0.0416 -0.1148 -0.0280 -0.1132 0.0956 -0.1563 -0.0683 -0.1392 0.0380 -0.1906 -0.0277 -0.1832 0.0241 -0.1987 -0.0157 -0.1957 0.0212 -0.1901 -0.0121 -0.1868 0.0257 -0.1828 -0.0145 -0.1788 0.0166 0.1197 -0.0301 0.1084 0.0265 0.2607 -0.0641 0.2442 0.0410 0.3802 -0.0984 0.3944 0.0426 0.3973 -0.0984 0.4257 0.0276 0.4276 -0.1280 0.4156
6: -0.0212 -0.1643 -0.0160 -0.1784 -0.0132 -0.1796 -0.0105 -0.1809 -0.0220 -0.1768 -0.0233 -0.1765 -0.0245 -0.1763 -0.0003 -0.1806 -0.0159 -0.1761 -0.0125 -0.1519 -0.0192 -0.1504 0.0410 -0.1177 -0.0274 -0.1145 0.0952 -0.1586 -0.0716 -0.1395 0.0369 -0.1927 -0.0307 -0.1847 0.0224 -0.2019 -0.0174 -0.1982 0.0199 -0.1928 -0.0136 -0.1898 0.0247 -0.1855 -0.0161 -0.1815 0.0164 0.1214 -0.0300 0.1107 0.0296 0.2626 -0.0650 0.2486 0.0464 0.3755 -0.1014 0.3924 0.0481 0.3914 -0.1014 0.4242 0.0330 0.4219 -0.1317 0.4097
7: -0.0207 -0.1645 -0.0160 -0.1788 -0.0130 -0.1800 -0.0100 -0.1813 -0.0228 -0.1769 -0.0244 -0.1765 -0.0256 -0.1762 -0.0005 -0.1813 -0.0190 -0.1757 -0.0119 -0.1527 -0.0194 -0.1506 0.0400 -0.1187 -0.0281 -0.1143 0.0933 -0.1601 -0.0724 -0.1381 0.0342 -0.1933 -0.0304 -0.1845 0.0191 -0.2032 -0.0171 -0.1993 0.0176 -0.1942 -0.0137 -0.1908 0.0230 -0.1857 -0.0162 -0.1819 0.0177 0.1216 -0.0296 0.1115 0.0322 0.2611 -0.0660 0.2512 0.0513 0.3728 -0.1049 0.3965 0.0533 0.3884 -0.1036 0.4282 0.0382 0.4188 -0.1371 0.4080
8: -0.0205 -0.1675 -0.0154 -0.1822 -0.0122 -0.1834 -0.0091 -0.1848 -0.0228 -0.1798 -0.0243 -0.1791 -0.0255 -0.1784 0.0005 -0.1841 -0.0200 -0.1774 -0.0117 -0.1558 -0.0198 -0.1525 0.0382 -0.1213 -0.0282 -0.1137 0.0915 -0.1640 -0.0726 -0.1391 0.0346 -0.1936 -0.0301 -0.1852 0.0200 -0.2024 -0.0167 -0.1990 0.0186 -0.1930 -0.0127 -0.1907 0.0233 -0.1855 -0.0155 -0.1822 0.0185 0.1215 -0.0285 0.1134 0.0334 0.2564 -0.0680 0.2503 0.0580 0.3662 -0.1045 0.3994 0.0605 0.3822 -0.1018 0.4333 0.0454 0.4121 -0.1377 0.4152
9: -0.0204 -0.1667 -0.0150 -0.1818 -0.0117 -0.1830 -0.0087 -0.1843 -0.0225 -0.1791 -0.0239 -0.1783 -0.0252 -0.1775 0.0010 -0.1829 -0.0202 -0.1763 -0.0114 -0.1550 -0.0201 -0.1514 0.0379 -0.1198 -0.0278 -0.1115 0.0909 -0.1629 -0.0717 -0.1370 0.0350 -0.1890 -0.0279 -0.1812 0.0208 -0.1957 -0.0145 -0.1940 0.0191 -0.1866 -0.0101 -0.1864 0.0232 -0.1798 -0.0129 -0.1784 0.0173 0.1199 -0.0274 0.1113 0.0315 0.2525 -0.0679 0.2457 0.0652 0.3600 -0.1014 0.4058 0.0690 0.3751 -0.0964 0.4417 0.0526 0.4092 -0.1372 0.4386
10: -0.0240 -0.1629 -0.0188 -0.1795 -0.0155 -0.1810 -0.0124 -0.1824 -0.0251 -0.1761 -0.0263 -0.1752 -0.0275 -0.1744 -0.0016 -0.1825 -0.0215 -0.1753 -0.0151 -0.1520 -0.0231 -0.1486 0.0357 -0.1212 -0.0275 -0.1124 0.0902 -0.1617 -0.0743 -0.1366 0.0314 -0.1867 -0.0355 -0.1794 0.0176 -0.1916 -0.0210 -0.1931 0.0165 -0.1828 -0.0166 -0.1861 0.0201 -0.1776 -0.0195 -0.1779 0.0170 0.1206 -0.0254 0.1131 0.0315 0.2552 -0.0761 0.2375 0.0727 0.3537 -0.0977 0.4038 0.0790 0.3677 -0.0908 0.4387 0.0600 0.4035 -0.1326 0.4439
11: -0.0265 -0.1578 -0.0215 -0.1741 -0.0187 -0.1755 -0.0155 -0.1768 -0.0266 -0.1714 -0.0274 -0.1708 -0.0283 -0.1703 -0.0039 -0.1775 -0.0207 -0.1719 -0.0182 -0.1461 -0.0245 -0.1450 0.0344 -0.1217 -0.0264 -0.1136 0.0897 -0.1617 -0.0746 -0.1353 0.0279 -0.1845 -0.0400 -0.1761 0.0152 -0.1876 -0.0239 -0.1912 0.0146 -0.1793 -0.0196 -0.1838 0.0177 -0.1742 -0.0231 -0.1752 0.0167 0.1212 -0.0247 0.1140 0.0338 0.2629 -0.0811 0.2319 0.0821 0.3456 -0.0899 0.4029 0.0893 0.3576 -0.0820 0.4356 0.0694 0.3996 -0.1235 0.4507
12: -0.0300 -0.1567 -0.0256 -0.1735 -0.0230 -0.1749 -0.0201 -0.1762 -0.0298 -0.1712 -0.0304 -0.1709 -0.0310 -0.1706 -0.0073 -0.1781 -0.0219 -0.1720 -0.0217 -0.1442 -0.0271 -0.1436 0.0328 -0.1235 -0.0282 -0.1126 0.0876 -0.1664 -0.0764 -0.1354 0.0235 -0.1915 -0.0443 -0.1789 0.0082 -0.1945 -0.0283 -0.1952 0.0075 -0.1849 -0.0246 -0.1867 0.0117 -0.1798 -0.0279 -0.1767 0.0180 0.1224 -0.0228 0.1136 0.0329 0.2809 -0.0846 0.2177 0.0883 0.3298 -0.0832 0.3925 0.0980 0.3341 -0.0732 0.4237 0.0771 0.3899 -0.1161 0.4450
13: -0.0319 -0.1627 -0.0270 -0.1784 -0.0243 -0.1795 -0.0213 -0.1807 -0.0317 -0.1768 -0.0323 -0.1767 -0.0330 -0.1766 -0.0088 -0.1820 -0.0233 -0.1773 -0.0231 -0.1491 -0.0288 -0.1489 0.0322 -0.1272 -0.0293 -0.1150 0.0867 -0.1732 -0.0776 -0.1413 0.0230 -0.1917 -0.0408 -0.1859 0.0081 -0.1963 -0.0249 -0.1998 0.0072 -0.1864 -0.0207 -0.1907 0.0112 -0.1810 -0.0234 -0.1814 0.0196 0.1266 -0.0227 0.1155 0.0365 0.2853 -0.0882 0.2009 0.0942 0.3098 -0.0754 0.3753 0.1060 0.3039 -0.0636 0.4020 0.0855 0.3714 -0.1064 0.4274
14: -0.0318 -0.1624 -0.0274 -0.1803 -0.0246 -0.1818 -0.0217 -0.1832 -0.0323 -0.1775 -0.0331 -0.1770 -0.0339 -0.1766 -0.0097 -0.1847 -0.0250 -0.1785 -0.0228 -0.1498 -0.0289 -0.1486 0.0334 -0.1276 -0.0302 -0.1158 0.0867 -0.1720 -0.0787 -0.1427 0.0227 -0.1908 -0.0389 -0.1922 0.0068 -0.1957 -0.0240 -0.2058 0.0062 -0.1873 -0.0197 -0.1963 0.0107 -0.1811 -0.0225 -0.1876 0.0200 0.1286 -0.0232 0.1150 0.0436 0.2920 -0.0911 0.1885 0.0907 0.2946 -0.0688 0.3615 0.0992 0.2864 -0.0560 0.3858 0.0933 0.3302 -0.0979 0.4123
15: -0.0339 -0.1601 -0.0297 -0.1790 -0.0269 -0.1805 -0.0240 -0.1820 -0.0346 -0.1760 -0.0354 -0.1754 -0.0361 -0.1749 -0.0119 -0.1840 -0.0269 -0.1768 -0.0246 -0.1475 -0.0304 -0.1457 0.0315 -0.1287 -0.0305 -0.1152 0.0847 -0.1679 -0.0791 -0.1394 0.0221 -0.1922 -0.0384 -0.1967 0.0065 -0.2004 -0.0241 -0.2127 0.0057 -0.1920 -0.0195 -0.2029 0.0102 -0.1843 -0.0220 -0.1931 0.0208 0.1298 -0.0218 0.1143 0.0461 0.2882 -0.0912 0.1777 0.0990 0.2802 -0.0637 0.3495 0.1103 0.2640 -0.0498 0.3736 0.1039 0.3230 -0.0932 0.4013
16: -0.0376 -0.1592 -0.0337 -0.1771 -0.0312 -0.1787 -0.0285 -0.1804 -0.0382 -0.1745 -0.0390 -0.1739 -0.0396 -0.1735 -0.0163 -0.1826 -0.0310 -0.1758 -0.0286 -0.1477 -0.0341 -0.1455 0.0285 -0.1282 -0.0326 -0.1141 0.0812 -0.1715 -0.0793 -0.1372 0.0184 -0.1949 -0.0421 -0.1929 0.0037 -0.2036 -0.0286 -0.2088 0.0024 -0.1950 -0.0234 -0.1989 0.0065 -0.1874 -0.0255 -0.1888 0.0224 0.1298 -0.0183 0.1124 0.0473 0.2945 -0.0922 0.1697 0.1042 0.2705 -0.0591 0.3380 0.1169 0.2539 -0.0456 0.3625 0.1077 0.3155 -0.0888 0.3881
17: -0.0417 -0.1581 -0.0375 -0.1739 -0.0349 -0.1749 -0.0322 -0.1759 -0.0419 -0.1729 -0.0426 -0.1730 -0.0432 -0.1731 -0.0196 -0.1760 -0.0326 -0.1727 -0.0330 -0.1447 -0.0383 -0.1439 0.0265 -0.1254 -0.0331 -0.1133 0.0787 -0.1729 -0.0807 -0.1372 0.0151 -0.1957 -0.0417 -0.1909 -0.0000 -0.2040 -0.0299 -0.2065 -0.0012 -0.1940 -0.0250 -0.1953 0.0034 -0.1860 -0.0270 -0.1840 0.0238 0.1274 -0.0169 0.1113 0.0502 0.2953 -0.0940 0.1618 0.1067 0.2629 -0.0552 0.3290 0.1215 0.2450 -0.0423 0.3550 0.1101 0.3095 -0.0856 0.3783
18: -0.0430 -0.1537 -0.0388 -0.1696 -0.0363 -0.1708 -0.0336 -0.1723 -0.0436 -0.1682 -0.0443 -0.1683 -0.0450 -0.1685 -0.0211 -0.1739 -0.0341 -0.1693 -0.0337 -0.1405 -0.0391 -0.1389 0.0258 -0.1253 -0.0330 -0.1126 0.0746 -0.1711 -0.0825 -0.1338 0.0131 -0.1998 -0.0436 -0.1895 -0.0006 -0.2084 -0.0311 -0.2075 -0.0030 -0.1985 -0.0266 -0.1954 0.0013 -0.1904 -0.0294 -0.1832 0.0245 0.1263 -0.0172 0.1117 0.0526 0.2937 -0.0940 0.1548 0.1102 0.2561 -0.0539 0.3215 0.1248 0.2373 -0.0417 0.3476 0.1118 0.3023 -0.0846 0.3705
19: -0.0442 -0.1493 -0.0406 -0.1648 -0.0381 -0.1664 -0.0356 -0.1683 -0.0447 -0.1630 -0.0454 -0.1630 -0.0460 -0.1630 -0.0232 -0.1722 -0.0352 -0.1662 -0.0345 -0.1374 -0.0394 -0.1351 0.0239 -0.1251 -0.0333 -0.1109 0.0719 -0.1699 -0.0844 -0.1308 0.0082 -0.1949 -0.0475 -0.1762 -0.0049 -0.2061 -0.0339 -0.2004 -0.0074 -0.1943 -0.0306 -0.1836 -0.0037 -0.1856 -0.0341 -0.1698 0.0251 0.1241 -0.0156 0.1116 0.0530 0.2909 -0.0929 0.1511 0.1133 0.2522 -0.0530 0.3167 0.1283 0.2332 -0.0377 0.3412 0.1149 0.2949 -0.0848 0.3651
20: -0.0439 -0.1465 -0.0410 -0.1622 -0.0387 -0.1646 -0.0363 -0.1671 -0.0454 -0.1582 -0.0462 -0.1577 -0.0469 -0.1573 -0.0232 -0.1749 -0.0372 -0.1640 -0.0338 -0.1375 -0.0392 -0.1333 0.0246 -0.1281 -0.0342 -0.1093 0.0720 -0.1740 -0.0847 -0.1334 0.0087 -0.1988 -0.0464 -0.1829 -0.0043 -0.2083 -0.0333 -0.2042 -0.0061 -0.1985 -0.0298 -0.1906 -0.0023 -0.1909 -0.0331 -0.1786 0.0254 0.1255 -0.0158 0.1120 0.0515 0.2919 -0.0911 0.1444 0.1135 0.2455 -0.0491 0.3077 0.1289 0.2249 -0.0340 0.3278 0.1160 0.2864 -0.0795 0.3582
21: -0.0451 -0.1449 -0.0430 -0.1614 -0.0408 -0.1640 -0.0383 -0.1668 -0.0471 -0.1573 -0.0477 -0.1568 -0.0483 -0.1565 -0.0246 -0.1764 -0.0382 -0.1647 -0.0349 -0.1378 -0.0398 -0.1329 0.0237 -0.1296 -0.0344 -0.1092 0.0722 -0.1748 -0.0841 -0.1305 0.0075 -0.1950 -0.0475 -0.1832 -0.0051 -0.2052 -0.0353 -0.2045 -0.0064 -0.1935 -0.0321 -0.1938 -0.0023 -0.1856 -0.0351 -0.1824 0.0241 0.1266 -0.0134 0.1123 0.0548 0.2898 -0.0908 0.1402 0.1168 0.2412 -0.0440 0.3036 0.1346 0.2183 -0.0303 0.3224 0.1204 0.2832 -0.0737 0.3535
22: -0.0466 -0.1441 -0.0444 -0.1603 -0.0421 -0.1627 -0.0397 -0.1652 -0.0485 -0.1567 -0.0492 -0.1562 -0.0498 -0.1559 -0.0259 -0.1743 -0.0400 -0.1635 -0.0367 -0.1366 -0.0417 -0.1315 0.0213 -0.1270 -0.0371 -0.1084 0.0689 -0.1728 -0.0865 -0.1235 0.0068 -0.1950 -0.0523 -0.1790 -0.0062 -0.2047 -0.0422 -0.1998 -0.0076 -0.1950 -0.0385 -0.1911 -0.0035 -0.1871 -0.0408 -0.1802 0.0254 0.1250 -0.0096 0.1104 0.0580 0.2915 -0.0940 0.1393 0.1233 0.2379 -0.0425 0.3024 0.1391 0.2147 -0.0293 0.3194 0.1321 0.2807 -0.0718 0.3519
23: -0.0482 -0.1479 -0.0455 -0.1640 -0.0432 -0.1663 -0.0409 -0.1686 -0.0498 -0.1608 -0.0505 -0.1606 -0.0512 -0.1605 -0.0272 -0.1759 -0.0417 -0.1670 -0.0384 -0.1394 -0.0435 -0.1350 0.0187 -0.1254 -0.0369 -0.1093 0.0674 -0.1774 -0.0812 -0.1244 0.0055 -0.1951 -0.0545 -0.1737 -0.0077 -0.2044 -0.0440 -0.1935 -0.0091 -0.1950 -0.0404 -0.1856 -0.0050 -0.1874 -0.0428 -0.1756 0.0271 0.1248 -0.0090 0.1099 0.0598 0.2911 -0.0931 0.1349 0.1275 0.2341 -0.0407 0.2978 0.1424 0.2108 -0.0273 0.3134 0.1343 0.2795 -0.0697 0.3467
24: -0.0528 -0.1513 -0.0503 -0.1666 -0.0475 -0.1684 -0.0449 -0.1703 -0.0537 -0.1647 -0.0539 -0.1648 -0.0541 -0.1651 -0.0316 -0.1760 -0.0432 -0.1696 -0.0429 -0.1413 -0.0483 -0.1382 0.0195 -0.1252 -0.0366 -0.1085 0.0640 -0.1769 -0.0798 -0.1230 0.0006 -0.1928 -0.0585 -0.1640 -0.0123 -0.2014 -0.0481 -0.1786 -0.0138 -0.1919 -0.0441 -0.1730 -0.0098 -0.1838 -0.0465 -0.1641 0.0264 0.1243 -0.0091 0.1095 0.0587 0.2915 -0.0912 0.1326 0.1256 0.2330 -0.0415 0.2966 0.1408 0.2100 -0.0282 0.3129 0.1323 0.2794 -0.0716 0.3439
25: -0.0527 -0.1509 -0.0499 -0.1662 -0.0475 -0.1678 -0.0450 -0.1696 -0.0526 -0.1648 -0.0527 -0.1651 -0.0529 -0.1655 -0.0296 -0.1746 -0.0418 -0.1693 -0.0433 -0.1401 -0.0482 -0.1379 0.0206 -0.1246 -0.0356 -0.1091 0.0643 -0.1774 -0.0780 -0.1266 0.0002 -0.1893 -0.0556 -0.1720 -0.0126 -0.1977 -0.0423 -0.1898 -0.0137 -0.1882 -0.0375 -0.1809 -0.0098 -0.1802 -0.0396 -0.1708 0.0259 0.1251 -0.0109 0.1087 0.0577 0.2923 -0.0924 0.1288 0.1210 0.2345 -0.0438 0.2928 0.1373 0.2114 -0.0294 0.3120 0.1260 0.2776 -0.0760 0.3415
26: -0.0509 -0.1512 -0.0482 -0.1666 -0.0461 -0.1683 -0.0439 -0.1701 -0.0506 -0.1652 -0.0507 -0.1656 -0.0508 -0.1660 -0.0280 -0.1751 -0.0405 -0.1694 -0.0413 -0.1403 -0.0461 -0.1382 0.0220 -0.1242 -0.0359 -0.1100 0.0658 -0.1784 -0.0781 -0.1272 0.0014 -0.1893 -0.0482 -0.1768 -0.0117 -0.1987 -0.0359 -0.1950 -0.0130 -0.1893 -0.0324 -0.1853 -0.0087 -0.1806 -0.0335 -0.1748 0.0256 0.1257 -0.0119 0.1085 0.0566 0.2924 -0.0923 0.1265 0.1198 0.2341 -0.0446 0.2899 0.1362 0.2117 -0.0298 0.3114 0.1234 0.2790 -0.0771 0.3387
27: -0.0492 -0.1520 -0.0461 -0.1677 -0.0440 -0.1694 -0.0417 -0.1713 -0.0491 -0.1660 -0.0493 -0.1663 -0.0496 -0.1666 -0.0263 -0.1760 -0.0398 -0.1698 -0.0391 -0.1413 -0.0443 -0.1390 0.0229 -0.1241 -0.0351 -0.1100 0.0677 -0.1781 -0.0763 -0.1266 0.0039 -0.1913 -0.0476 -0.1765 -0.0097 -0.2005 -0.0347 -0.1958 -0.0117 -0.1910 -0.0315 -0.1848 -0.0076 -0.1821 -0.0327 -0.1744 0.0246 0.1254 -0.0123 0.1085 0.0563 0.2915 -0.0915 0.1261 0.1185 0.2346 -0.0453 0.2898 0.1339 0.2124 -0.0299 0.3127 0.1204 0.2809 -0.0788 0.3388
28: -0.0478 -0.1514 -0.0448 -0.1684 -0.0426 -0.1702 -0.0404 -0.1720 -0.0482 -0.1669 -0.0485 -0.1673 -0.0490 -0.1677 -0.0258 -0.1750 -0.0399 -0.1688 -0.0379 -0.1410 -0.0433 -0.1389 0.0222 -0.1244 -0.0351 -0.1101 0.0676 -0.1775 -0.0764 -0.1270 0.0053 -0.1910 -0.0467 -0.1767 -0.0082 -0.2004 -0.0350 -0.1948 -0.0100 -0.1908 -0.0314 -0.1850 -0.0059 -0.1823 -0.0323 -0.1749 0.0246 0.1256 -0.0119 0.1088 0.0556 0.2918 -0.0921 0.1236 0.1172 0.2326 -0.0465 0.2893 0.1314 0.2109 -0.0318 0.3134 0.1171 0.2780 -0.0808 0.3375
29: -0.0458 -0.1540 -0.0430 -0.1716 -0.0409 -0.1733 -0.0386 -0.1751 -0.0464 -0.1700 -0.0468 -0.1705 -0.0473 -0.1710 -0.0247 -0.1770 -0.0386 -0.1721 -0.0365 -0.1444 -0.0419 -0.1418 0.0219 -0.1251 -0.0338 -0.1099 0.0670 -0.1783 -0.0739 -0.1294 0.0061 -0.1938 -0.0464 -0.1821 -0.0067 -0.2013 -0.0356 -0.2043 -0.0077 -0.1905 -0.0319 -0.1886 -0.0040 -0.1819 -0.0328 -0.1770 0.0239 0.1267 -0.0121 0.1084 0.0541 0.2936 -0.0932 0.1238 0.1151 0.2326 -0.0489 0.2904 0.1295 0.2107 -0.0342 0.3152 0.1165 0.2760 -0.0829 0.3378
30: -0.0443 -0.1551 -0.0412 -0.1729 -0.0389 -0.1743 -0.0363 -0.1759 -0.0446 -0.1716 -0.0451 -0.1720 -0.0457 -0.1724 -0.0219 -0.1775 -0.0371 -0.1739 -0.0351 -0.1449 -0.0406 -0.1426 0.0227 -0.1251 -0.0338 -0.1098 0.0690 -0.1785 -0.0732 -0.1304 0.0094 -0.1981 -0.0441 -0.1837 -0.0036 -0.2051 -0.0328 -0.2091 -0.0045 -0.1940 -0.0289 -0.1920 -0.0008 -0.1858 -0.0306 -0.1793 0.0243 0.1280 -0.0131 0.1069 0.0529 0.2963 -0.0926 0.1272 0.1138 0.2366 -0.0510 0.2953 0.1266 0.2148 -0.0360 0.3211 0.1176 0.2717 -0.0850 0.3415
31: -0.0440 -0.1547 -0.0403 -0.1732 -0.0376 -0.1747 -0.0347 -0.1765 -0.0444 -0.1716 -0.0450 -0.1719 -0.0457 -0.1722 -0.0209 -0.1793 -0.0367 -0.1740 -0.0344 -0.1442 -0.0406 -0.1419 0.0232 -0.1262 -0.0335 -0.1107 0.0714 -0.1863 -0.0747 -0.1315 0.0098 -0.1980 -0.0430 -0.1871 -0.0040 -0.2048 -0.0334 -0.2110 -0.0044 -0.1925 -0.0287 -0.1948 -0.0003 -0.1845 -0.0295 -0.1826 0.0235 0.1292 -0.0132 0.1078 0.0501 0.2960 -0.0937 0.1278 0.1130 0.2375 -0.0557 0.3007 0.1252 0.2188 -0.0409 0.3276 0.1144 0.2755 -0.0898 0.3461
32: -0.0418 -0.1544 -0.0381 -0.1739 -0.0355 -0.1756 -0.0327 -0.1774 -0.0424 -0.1722 -0.0429 -0.1724 -0.0435 -0.1726 -0.0194 -0.1809 -0.0337 -0.1744 -0.0318 -0.1436 -0.0379 -0.1415 0.0251 -0.1256 -0.0327 -0.1122 0.0750 -0.1847 -0.0732 -0.1308 0.0102 -0.1954 -0.0416 -0.1915 -0.0027 -0.2020 -0.0329 -0.2129 -0.0038 -0.1908 -0.0280 -0.1965 -0.0002 -0.1832 -0.0286 -0.1849 0.0231 0.1302 -0.0156 0.1075 0.0466 0.2964 -0.0930 0.1309 0.1074 0.2435 -0.0598 0.3092 0.1209 0.2271 -0.0454 0.3371 0.1083 0.2795 -0.0946 0.3547
33: -0.0401 -0.1594 -0.0361 -0.1784 -0.0335 -0.1799 -0.0307 -0.1816 -0.0401 -0.1767 -0.0405 -0.1768 -0.0409 -0.1768 -0.0175 -0.1833 -0.0314 -0.1763 -0.0301 -0.1477 -0.0357 -0.1459 0.0264 -0.1260 -0.0324 -0.1124 0.0790 -0.1845 -0.0738 -0.1292 0.0138 -0.1937 -0.0417 -0.1932 0.0002 -0.2010 -0.0323 -0.2131 -0.0014 -0.1895 -0.0270 -0.1977 0.0022 -0.1824 -0.0277 -0.1867 0.0226 0.1305 -0.0168 0.1079 0.0427 0.2974 -0.0955 0.1349 0.1029 0.2551 -0.0652 0.3191 0.1169 0.2387 -0.0514 0.3482 0.1017 0.2917 -0.1005 0.3653
34: -0.0370 -0.1637 -0.0325 -0.1828 -0.0296 -0.1845 -0.0267 -0.1862 -0.0374 -0.1802 -0.0382 -0.1799 -0.0390 -0.1795 -0.0144 -0.1875 -0.0304 -0.1788 -0.0274 -0.1512 -0.0335 -0.1493 0.0288 -0.1288 -0.0329 -0.1128 0.0805 -0.1864 -0.0746 -0.1299 0.0155 -0.1962 -0.0447 -0.1953 0.0014 -0.2037 -0.0352 -0.2148 -0.0003 -0.1930 -0.0298 -0.2024 0.0032 -0.1865 -0.0305 -0.1918 0.0219 0.1323 -0.0175 0.1092 0.0405 0.2962 -0.0945 0.1423 0.0993 0.2617 -0.0709 0.3278 0.1127 0.2471 -0.0576 0.3550 0.0968 0.2960 -0.1067 0.3713
35: -0.0361 -0.1657 -0.0312 -0.1829 -0.0284 -0.1842 -0.0255 -0.1856 -0.0357 -0.1816 -0.0363 -0.1815 -0.0369 -0.1815 -0.0129 -0.1865 -0.0279 -0.1804 -0.0268 -0.1528 -0.0324 -0.1522 0.0295 -0.1284 -0.0314 -0.1149 0.0803 -0.1874 -0.0706 -0.1307 0.0166 -0.1963 -0.0447 -0.1919 0.0031 -0.2042 -0.0327 -0.2111 0.0016 -0.1914 -0.0278 -0.1968 0.0051 -0.1850 -0.0292 -0.1863 0.0203 0.1342 -0.0183 0.1090 0.0370 0.2953 -0.0929 0.1502 0.0940 0.2711 -0.0782 0.3383 0.1078 0.2580 -0.0655 0.3641 0.0910 0.3016 -0.1129 0.3813
36: -0.0359 -0.1618 -0.0308 -0.1790 -0.0282 -0.1801 -0.0254 -0.1814 -0.0347 -0.1781 -0.0351 -0.1783 -0.0355 -0.1785 -0.0122 -0.1821 -0.0254 -0.1774 -0.0272 -0.1482 -0.0320 -0.1481 0.0303 -0.1280 -0.0291 -0.1132 0.0829 -0.1879 -0.0694 -0.1318 0.0207 -0.1942 -0.0432 -0.1813 0.0077 -0.1983 -0.0305 -0.1983 0.0061 -0.1860 -0.0247 -0.1852 0.0094 -0.1809 -0.0263 -0.1758 0.0190 0.1319 -0.0202 0.1092 0.0326 0.2926 -0.0923 0.1621 0.0850 0.2871 -0.0849 0.3523 0.0996 0.2751 -0.0730 0.3770 0.0848 0.3153 -0.1189 0.3968
37: -0.0307 -0.1626 -0.0255 -0.1801 -0.0225 -0.1817 -0.0194 -0.1833 -0.0305 -0.1779 -0.0313 -0.1776 -0.0321 -0.1773 -0.0076 -0.1839 -0.0236 -0.1765 -0.0212 -0.1497 -0.0272 -0.1483 0.0337 -0.1282 -0.0280 -0.1114 0.0850 -0.1870 -0.0699 -0.1303 0.0228 -0.1918 -0.0389 -0.1741 0.0101 -0.1966 -0.0266 -0.1896 0.0090 -0.1835 -0.0215 -0.1788 0.0123 -0.1780 -0.0226 -0.1705 0.0167 0.1297 -0.0226 0.1100 0.0241 0.2876 -0.0883 0.1790 0.0812 0.3031 -0.0936 0.3627 0.0941 0.2952 -0.0826 0.3900 0.0781 0.3337 -0.1271 0.4087
38: -0.0288 -0.1614 -0.0234 -0.1784 -0.0205 -0.1798 -0.0175 -0.1811 -0.0279 -0.1764 -0.0286 -0.1761 -0.0293 -0.1757 -0.0050 -0.1812 -0.0206 -0.1735 -0.0196 -0.1483 -0.0253 -0.1473 0.0357 -0.1271 -0.0254 -0.1088 0.0874 -0.1823 -0.0691 -0.1257 0.0256 -0.1882 -0.0384 -0.1624 0.0133 -0.1933 -0.0231 -0.1800 0.0124 -0.1803 -0.0188 -0.1694 0.0156 -0.1744 -0.0209 -0.1606 0.0154 0.1270 -0.0256 0.1088 0.0223 0.2809 -0.0844 0.1969 0.0789 0.3198 -0.1010 0.3723 0.0890 0.3166 -0.0914 0.4017 0.0723 0.3507 -0.1343 0.4195
39: -0.0274 -0.1577 -0.0219 -0.1760 -0.0189 -0.1778 -0.0159 -0.1794 -0.0266 -0.1733 -0.0273 -0.1730 -0.0280 -0.1725 -0.0035 -0.1799 -0.0206 -0.1710 -0.0178 -0.1460 -0.0240 -0.1446 0.0357 -0.1260 -0.0257 -0.1100 0.0872 -0.1793 -0.0654 -0.1275 0.0260 -0.1894 -0.0309 -0.1702 0.0132 -0.1969 -0.0186 -0.1858 0.0124 -0.1847 -0.0137 -0.1762 0.0161 -0.1780 -0.0151 -0.1679 0.0159 0.1254 -0.0258 0.1105 0.0183 0.2725 -0.0818 0.2119 0.0710 0.3334 -0.1090 0.3804 0.0808 0.3379 -0.1014 0.4084 0.0599 0.3803 -0.1419 0.4302
40: -0.0277 -0.1590 -0.0228 -0.1770 -0.0201 -0.1787 -0.0173 -0.1801 -0.0267 -0.1743 -0.0271 -0.1740 -0.0276 -0.1734 -0.0035 -0.1797 -0.0198 -0.1717 -0.0192 -0.1465 -0.0244 -0.1453 0.0352 -0.1236 -0.0239 -0.1085 0.0883 -0.1791 -0.0661 -0.1272 0.0262 -0.1879 -0.0318 -0.1639 0.0129 -0.1949 -0.0197 -0.1808 0.0114 -0.1809 -0.0146 -0.1688 0.0156 -0.1736 -0.0163 -0.1597 0.0147 0.1237 -0.0261 0.1083 0.0170 0.2724 -0.0777 0.2224 0.0631 0.3480 -0.1091 0.3880 0.0723 0.3585 -0.1026 0.4190 0.0489 0.3998 -0.1436 0.4357
