1: -0.0075 -0.2390 -0.0076 -0.2573 -0.0059 -0.2580 -0.0042 -0.2587 -0.0164 -0.2542 -0.0206 -0.2525 -0.0246 -0.2506 -0.0045 -0.2538 -0.0346 -0.2403 -0.0031 -0.2210 -0.0136 -0.2174 0.0426 -0.1548 -0.0592 -0.1078 0.0671 -0.0142 -0.0653 0.0465 0.0645 0.1092 -0.0613 0.1665 0.0668 0.1575 -0.0619 0.2076 0.0595 0.1518 -0.0555 0.2045 0.0566 0.1376 -0.0528 0.1913 0.0397 0.1274 -0.0232 0.1354 0.0740 0.3405 -0.0499 0.3375 0.1065 0.5499 -0.0812 0.5406 0.1033 0.5770 -0.0749 0.5680 0.1167 0.6082 -0.0989 0.5967
2: -0.0101 -0.2430 -0.0099 -0.2606 -0.0079 -0.2613 -0.0061 -0.2619 -0.0194 -0.2568 -0.0233 -0.2547 -0.0270 -0.2526 -0.0057 -0.2554 -0.0360 -0.2408 -0.0045 -0.2250 -0.0159 -0.2209 0.0422 -0.1561 -0.0596 -0.1066 0.0670 -0.0169 -0.0652 0.0471 0.0646 0.1088 -0.0604 0.1671 0.0672 0.1565 -0.0607 0.2092 0.0596 0.1515 -0.0548 0.2061 0.0567 0.1376 -0.0523 0.1921 0.0397 0.1275 -0.0225 0.1354 0.0739 0.3402 -0.0503 0.3375 0.1064 0.5497 -0.0813 0.5403 0.1031 0.5781 -0.0747 0.5674 0.1161 0.6094 -0.1005 0.5966
3: -0.0113 -0.2465 -0.0114 -0.2637 -0.0094 -0.2644 -0.0077 -0.2650 -0.0208 -0.2596 -0.0246 -0.2573 -0.0283 -0.2550 -0.0071 -0.2577 -0.0372 -0.2421 -0.0054 -0.2283 -0.0168 -0.2237 0.0416 -0.1577 -0.0601 -0.1047 0.0669 -0.0196 -0.0652 0.0496 0.0656 0.1080 -0.0598 0.1694 0.0689 0.1556 -0.0601 0.2131 0.0613 0.1508 -0.0544 0.2098 0.0581 0.1373 -0.0520 0.1950 0.0401 0.1269 -0.0217 0.1355 0.0746 0.3390 -0.0502 0.3362 0.1064 0.5491 -0.0814 0.5394 0.1030 0.5787 -0.0745 0.5663 0.1157 0.6097 -0.1011 0.5959
4: -0.0134 -0.2491 -0.0139 -0.2656 -0.0117 -0.2664 -0.0099 -0.2669 -0.0230 -0.2616 -0.0268 -0.2594 -0.0306 -0.2570 -0.0097 -0.2594 -0.0393 -0.2435 -0.0074 -0.2309 -0.0187 -0.2260 0.0400 -0.1599 -0.0614 -0.1020 0.0663 -0.0229 -0.0656 0.0534 0.0661 0.1076 -0.0595 0.1729 0.0703 0.1551 -0.0598 0.2172 0.0626 0.1505 -0.0542 0.2132 0.0592 0.1373 -0.0518 0.1980 0.0416 0.1264 -0.0201 0.1353 0.0754 0.3382 -0.0493 0.3332 0.1061 0.5488 -0.0820 0.5387 0.1024 0.5792 -0.0749 0.5659 0.1150 0.6096 -0.1020 0.5952
5: -0.0150 -0.2497 -0.0162 -0.2664 -0.0141 -0.2673 -0.0125 -0.2680 -0.0250 -0.2622 -0.0288 -0.2599 -0.0326 -0.2575 -0.0130 -0.2606 -0.0417 -0.2439 -0.0092 -0.2317 -0.0200 -0.2266 0.0380 -0.1624 -0.0629 -0.0991 0.0656 -0.0253 -0.0661 0.0565 0.0671 0.1073 -0.0591 0.1771 0.0720 0.1547 -0.0592 0.2213 0.0641 0.1504 -0.0538 0.2171 0.0606 0.1377 -0.0516 0.2019 0.0433 0.1261 -0.0183 0.1355 0.0763 0.3379 -0.0484 0.3320 0.1055 0.5485 -0.0827 0.5381 0.1017 0.5794 -0.0756 0.5655 0.1144 0.6094 -0.1025 0.5949
6: -0.0165 -0.2498 -0.0187 -0.2665 -0.0168 -0.2674 -0.0153 -0.2681 -0.0269 -0.2624 -0.0305 -0.2600 -0.0344 -0.2575 -0.0168 -0.2609 -0.0439 -0.2435 -0.0111 -0.2317 -0.0211 -0.2268 0.0358 -0.1649 -0.0640 -0.0964 0.0653 -0.0286 -0.0658 0.0601 0.0687 0.1054 -0.0580 0.1851 0.0746 0.1530 -0.0583 0.2287 0.0667 0.1496 -0.0529 0.2250 0.0631 0.1374 -0.0509 0.2097 0.0448 0.1257 -0.0164 0.1356 0.0780 0.3384 -0.0471 0.3317 0.1056 0.5479 -0.0829 0.5376 0.1016 0.5795 -0.0758 0.5654 0.1151 0.6099 -0.1042 0.5950
7: -0.0191 -0.2503 -0.0221 -0.2669 -0.0202 -0.2679 -0.0186 -0.2687 -0.0297 -0.2624 -0.0331 -0.2599 -0.0370 -0.2571 -0.0205 -0.2615 -0.0464 -0.2426 -0.0136 -0.2322 -0.0230 -0.2273 0.0335 -0.1671 -0.0652 -0.0937 0.0653 -0.0323 -0.0652 0.0621 0.0707 0.1034 -0.0568 0.1877 0.0774 0.1513 -0.0570 0.2315 0.0693 0.1487 -0.0519 0.2283 0.0655 0.1367 -0.0500 0.2133 0.0464 0.1250 -0.0147 0.1359 0.0806 0.3378 -0.0459 0.3308 0.1057 0.5467 -0.0825 0.5358 0.1018 0.5787 -0.0756 0.5645 0.1156 0.6092 -0.1042 0.5943
8: -0.0222 -0.2508 -0.0255 -0.2671 -0.0237 -0.2681 -0.0220 -0.2690 -0.0329 -0.2622 -0.0362 -0.2597 -0.0400 -0.2569 -0.0239 -0.2615 -0.0492 -0.2417 -0.0164 -0.2327 -0.0257 -0.2279 0.0312 -0.1690 -0.0665 -0.0913 0.0653 -0.0352 -0.0646 0.0643 0.0724 0.1013 -0.0555 0.1897 0.0798 0.1491 -0.0555 0.2341 0.0717 0.1474 -0.0505 0.2309 0.0676 0.1358 -0.0486 0.2157 0.0484 0.1242 -0.0131 0.1363 0.0824 0.3382 -0.0446 0.3301 0.1058 0.5459 -0.0819 0.5340 0.1021 0.5779 -0.0754 0.5628 0.1162 0.6087 -0.1033 0.5935
9: -0.0245 -0.2497 -0.0282 -0.2655 -0.0266 -0.2668 -0.0251 -0.2679 -0.0355 -0.2601 -0.0387 -0.2576 -0.0425 -0.2548 -0.0274 -0.2605 -0.0521 -0.2389 -0.0189 -0.2321 -0.0277 -0.2264 0.0286 -0.1710 -0.0678 -0.0881 0.0652 -0.0387 -0.0639 0.0680 0.0737 0.0989 -0.0539 0.1952 0.0821 0.1466 -0.0538 0.2386 0.0738 0.1461 -0.0490 0.2355 0.0695 0.1348 -0.0474 0.2211 0.0504 0.1228 -0.0112 0.1363 0.0843 0.3393 -0.0433 0.3309 0.1062 0.5456 -0.0812 0.5331 0.1025 0.5770 -0.0750 0.5618 0.1166 0.6083 -0.1033 0.5926
10: -0.0284 -0.2469 -0.0323 -0.2632 -0.0306 -0.2648 -0.0290 -0.2662 -0.0396 -0.2570 -0.0429 -0.2544 -0.0468 -0.2516 -0.0307 -0.2591 -0.0557 -0.2353 -0.0224 -0.2300 -0.0314 -0.2228 0.0261 -0.1725 -0.0691 -0.0852 0.0645 -0.0435 -0.0634 0.0699 0.0750 0.0952 -0.0527 0.1964 0.0843 0.1432 -0.0524 0.2394 0.0759 0.1438 -0.0479 0.2365 0.0712 0.1329 -0.0463 0.2219 0.0524 0.1212 -0.0094 0.1365 0.0851 0.3384 -0.0416 0.3331 0.1070 0.5449 -0.0807 0.5322 0.1035 0.5764 -0.0745 0.5602 0.1171 0.6080 -0.1030 0.5914
11: -0.0321 -0.2463 -0.0363 -0.2625 -0.0346 -0.2641 -0.0330 -0.2656 -0.0435 -0.2559 -0.0469 -0.2531 -0.0508 -0.2501 -0.0346 -0.2578 -0.0594 -0.2330 -0.0258 -0.2298 -0.0350 -0.2221 0.0232 -0.1739 -0.0703 -0.0816 0.0639 -0.0464 -0.0627 0.0742 0.0764 0.0909 -0.0508 0.2013 0.0866 0.1387 -0.0508 0.2432 0.0777 0.1407 -0.0463 0.2401 0.0728 0.1302 -0.0448 0.2266 0.0545 0.1193 -0.0072 0.1364 0.0864 0.3373 -0.0396 0.3337 0.1079 0.5442 -0.0801 0.5324 0.1043 0.5755 -0.0743 0.5597 0.1177 0.6070 -0.1044 0.5911
12: -0.0373 -0.2424 -0.0409 -0.2591 -0.0389 -0.2612 -0.0370 -0.2631 -0.0485 -0.2520 -0.0520 -0.2492 -0.0559 -0.2460 -0.0374 -0.2552 -0.0635 -0.2291 -0.0300 -0.2267 -0.0400 -0.2181 0.0207 -0.1750 -0.0717 -0.0785 0.0630 -0.0483 -0.0622 0.0767 0.0776 0.0865 -0.0490 0.2027 0.0888 0.1340 -0.0489 0.2449 0.0797 0.1370 -0.0443 0.2419 0.0745 0.1268 -0.0429 0.2279 0.0560 0.1173 -0.0048 0.1364 0.0880 0.3357 -0.0377 0.3325 0.1093 0.5432 -0.0794 0.5312 0.1058 0.5745 -0.0738 0.5582 0.1183 0.6065 -0.1048 0.5901
13: -0.0404 -0.2391 -0.0444 -0.2557 -0.0425 -0.2579 -0.0406 -0.2600 -0.0517 -0.2483 -0.0551 -0.2453 -0.0588 -0.2417 -0.0410 -0.2516 -0.0660 -0.2248 -0.0330 -0.2242 -0.0428 -0.2151 0.0181 -0.1754 -0.0724 -0.0756 0.0621 -0.0499 -0.0615 0.0789 0.0792 0.0834 -0.0478 0.2038 0.0911 0.1300 -0.0474 0.2461 0.0817 0.1339 -0.0425 0.2429 0.0764 0.1239 -0.0411 0.2286 0.0572 0.1150 -0.0030 0.1361 0.0886 0.3331 -0.0361 0.3322 0.1103 0.5430 -0.0786 0.5307 0.1076 0.5741 -0.0730 0.5571 0.1189 0.6057 -0.1041 0.5901
14: -0.0442 -0.2364 -0.0480 -0.2528 -0.0460 -0.2550 -0.0440 -0.2572 -0.0552 -0.2453 -0.0586 -0.2421 -0.0621 -0.2385 -0.0437 -0.2484 -0.0689 -0.2215 -0.0362 -0.2221 -0.0463 -0.2125 0.0153 -0.1763 -0.0729 -0.0727 0.0616 -0.0511 -0.0605 0.0816 0.0806 0.0811 -0.0460 0.2067 0.0929 0.1273 -0.0458 0.2485 0.0837 0.1316 -0.0407 0.2455 0.0783 0.1216 -0.0391 0.2310 0.0585 0.1137 -0.0008 0.1353 0.0904 0.3321 -0.0349 0.3312 0.1113 0.5424 -0.0777 0.5308 0.1086 0.5731 -0.0718 0.5562 0.1193 0.6047 -0.1029 0.5892
15: -0.0468 -0.2290 -0.0499 -0.2460 -0.0478 -0.2484 -0.0456 -0.2508 -0.0576 -0.2377 -0.0613 -0.2343 -0.0648 -0.2308 -0.0449 -0.2440 -0.0714 -0.2162 -0.0385 -0.2158 -0.0491 -0.2051 0.0124 -0.1774 -0.0735 -0.0697 0.0607 -0.0522 -0.0596 0.0824 0.0822 0.0792 -0.0442 0.2088 0.0950 0.1244 -0.0438 0.2503 0.0861 0.1292 -0.0392 0.2477 0.0805 0.1196 -0.0375 0.2328 0.0599 0.1124 0.0014 0.1347 0.0919 0.3296 -0.0339 0.3298 0.1125 0.5413 -0.0765 0.5296 0.1103 0.5719 -0.0700 0.5550 0.1205 0.6033 -0.1017 0.5879
16: -0.0511 -0.2226 -0.0532 -0.2398 -0.0508 -0.2425 -0.0485 -0.2452 -0.0613 -0.2312 -0.0649 -0.2279 -0.0684 -0.2247 -0.0469 -0.2403 -0.0742 -0.2121 -0.0422 -0.2100 -0.0531 -0.1989 0.0099 -0.1781 -0.0741 -0.0670 0.0603 -0.0541 -0.0590 0.0836 0.0835 0.0769 -0.0421 0.2108 0.0966 0.1211 -0.0419 0.2532 0.0879 0.1262 -0.0371 0.2501 0.0824 0.1169 -0.0350 0.2341 0.0613 0.1110 0.0030 0.1339 0.0937 0.3286 -0.0329 0.3284 0.1137 0.5411 -0.0752 0.5293 0.1116 0.5709 -0.0684 0.5544 0.1214 0.6034 -0.1004 0.5868
17: -0.0522 -0.2162 -0.0542 -0.2333 -0.0520 -0.2363 -0.0497 -0.2394 -0.0626 -0.2248 -0.0663 -0.2217 -0.0701 -0.2186 -0.0485 -0.2360 -0.0763 -0.2070 -0.0438 -0.2037 -0.0543 -0.1914 0.0077 -0.1782 -0.0752 -0.0629 0.0599 -0.0554 -0.0582 0.0869 0.0849 0.0743 -0.0392 0.2134 0.0978 0.1178 -0.0390 0.2555 0.0891 0.1229 -0.0348 0.2534 0.0836 0.1140 -0.0328 0.2374 0.0629 0.1085 0.0045 0.1325 0.0953 0.3274 -0.0315 0.3270 0.1153 0.5399 -0.0737 0.5282 0.1131 0.5699 -0.0667 0.5537 0.1229 0.6028 -0.0990 0.5854
18: -0.0526 -0.2127 -0.0554 -0.2296 -0.0533 -0.2326 -0.0511 -0.2358 -0.0635 -0.2212 -0.0672 -0.2178 -0.0710 -0.2143 -0.0508 -0.2324 -0.0780 -0.2022 -0.0446 -0.2003 -0.0545 -0.1869 0.0057 -0.1784 -0.0759 -0.0591 0.0596 -0.0566 -0.0577 0.0899 0.0862 0.0722 -0.0367 0.2162 0.0990 0.1143 -0.0358 0.2585 0.0904 0.1198 -0.0318 0.2561 0.0848 0.1112 -0.0301 0.2400 0.0641 0.1063 0.0058 0.1313 0.0968 0.3268 -0.0302 0.3282 0.1167 0.5386 -0.0726 0.5269 0.1146 0.5686 -0.0654 0.5523 0.1249 0.6015 -0.0976 0.5856
19: -0.0534 -0.2134 -0.0573 -0.2297 -0.0554 -0.2326 -0.0536 -0.2356 -0.0648 -0.2209 -0.0685 -0.2171 -0.0722 -0.2133 -0.0537 -0.2308 -0.0798 -0.1994 -0.0454 -0.2010 -0.0549 -0.1870 0.0043 -0.1784 -0.0765 -0.0566 0.0590 -0.0581 -0.0574 0.0908 0.0874 0.0693 -0.0356 0.2154 0.1000 0.1103 -0.0345 0.2561 0.0915 0.1160 -0.0305 0.2531 0.0860 0.1076 -0.0289 0.2379 0.0653 0.1048 0.0069 0.1304 0.0981 0.3256 -0.0302 0.3295 0.1182 0.5366 -0.0715 0.5253 0.1162 0.5661 -0.0642 0.5507 0.1277 0.5999 -0.0975 0.5850
20: -0.0556 -0.2122 -0.0597 -0.2280 -0.0578 -0.2310 -0.0560 -0.2340 -0.0671 -0.2190 -0.0707 -0.2150 -0.0743 -0.2110 -0.0561 -0.2288 -0.0817 -0.1970 -0.0474 -0.2000 -0.0567 -0.1859 0.0030 -0.1779 -0.0768 -0.0539 0.0581 -0.0596 -0.0571 0.0925 0.0881 0.0669 -0.0345 0.2159 0.1011 0.1073 -0.0333 0.2554 0.0926 0.1131 -0.0294 0.2519 0.0871 0.1051 -0.0278 0.2373 0.0661 0.1028 0.0079 0.1290 0.0993 0.3238 -0.0294 0.3279 0.1195 0.5349 -0.0703 0.5245 0.1177 0.5648 -0.0630 0.5507 0.1289 0.5981 -0.0989 0.5850
21: -0.0586 -0.2090 -0.0622 -0.2248 -0.0602 -0.2279 -0.0582 -0.2310 -0.0699 -0.2156 -0.0735 -0.2116 -0.0771 -0.2077 -0.0576 -0.2265 -0.0837 -0.1938 -0.0499 -0.1974 -0.0593 -0.1827 0.0013 -0.1776 -0.0769 -0.0517 0.0573 -0.0614 -0.0566 0.0939 0.0885 0.0646 -0.0336 0.2179 0.1016 0.1045 -0.0323 0.2574 0.0932 0.1101 -0.0285 0.2544 0.0877 0.1023 -0.0269 0.2398 0.0667 0.1013 0.0089 0.1280 0.1003 0.3226 -0.0289 0.3277 0.1205 0.5334 -0.0690 0.5233 0.1188 0.5634 -0.0618 0.5499 0.1300 0.5976 -0.0976 0.5844
22: -0.0598 -0.2092 -0.0641 -0.2244 -0.0622 -0.2274 -0.0604 -0.2304 -0.0712 -0.2151 -0.0747 -0.2109 -0.0783 -0.2068 -0.0600 -0.2250 -0.0850 -0.1917 -0.0511 -0.1977 -0.0602 -0.1831 -0.0002 -0.1775 -0.0770 -0.0492 0.0566 -0.0631 -0.0564 0.0955 0.0885 0.0622 -0.0331 0.2181 0.1016 0.1019 -0.0314 0.2567 0.0934 0.1078 -0.0275 0.2538 0.0879 0.1001 -0.0261 0.2397 0.0672 0.0999 0.0099 0.1270 0.1014 0.3217 -0.0282 0.3268 0.1216 0.5315 -0.0682 0.5228 0.1199 0.5622 -0.0610 0.5510 0.1311 0.5967 -0.0987 0.5845
23: -0.0610 -0.2076 -0.0655 -0.2224 -0.0637 -0.2253 -0.0621 -0.2281 -0.0726 -0.2134 -0.0760 -0.2093 -0.0796 -0.2050 -0.0620 -0.2226 -0.0865 -0.1892 -0.0524 -0.1961 -0.0613 -0.1811 -0.0011 -0.1772 -0.0769 -0.0470 0.0560 -0.0644 -0.0561 0.0970 0.0881 0.0606 -0.0329 0.2187 0.1009 0.1002 -0.0305 0.2568 0.0925 0.1062 -0.0270 0.2544 0.0870 0.0987 -0.0255 0.2406 0.0674 0.0980 0.0107 0.1262 0.1022 0.3210 -0.0280 0.3251 0.1225 0.5308 -0.0674 0.5213 0.1208 0.5615 -0.0602 0.5505 0.1324 0.5960 -0.1006 0.5838
24: -0.0634 -0.2056 -0.0677 -0.2203 -0.0657 -0.2233 -0.0641 -0.2260 -0.0750 -0.2109 -0.0784 -0.2067 -0.0817 -0.2023 -0.0636 -0.2208 -0.0878 -0.1860 -0.0543 -0.1943 -0.0634 -0.1785 -0.0016 -0.1763 -0.0765 -0.0453 0.0561 -0.0652 -0.0563 0.0990 0.0877 0.0603 -0.0330 0.2192 0.1001 0.1001 -0.0302 0.2572 0.0917 0.1063 -0.0269 0.2550 0.0862 0.0988 -0.0254 0.2416 0.0673 0.0960 0.0110 0.1256 0.1021 0.3196 -0.0280 0.3237 0.1230 0.5308 -0.0670 0.5190 0.1218 0.5615 -0.0600 0.5501 0.1334 0.5962 -0.0989 0.5825
25: -0.0657 -0.2049 -0.0701 -0.2194 -0.0681 -0.2223 -0.0665 -0.2250 -0.0772 -0.2097 -0.0804 -0.2055 -0.0835 -0.2011 -0.0655 -0.2196 -0.0890 -0.1840 -0.0562 -0.1937 -0.0652 -0.1776 -0.0020 -0.1761 -0.0763 -0.0438 0.0559 -0.0663 -0.0564 0.1009 0.0869 0.0597 -0.0330 0.2199 0.0989 0.1000 -0.0301 0.2580 0.0902 0.1062 -0.0268 0.2561 0.0847 0.0985 -0.0253 0.2429 0.0672 0.0951 0.0112 0.1248 0.1023 0.3177 -0.0282 0.3224 0.1232 0.5296 -0.0667 0.5180 0.1221 0.5605 -0.0598 0.5497 0.1339 0.5958 -0.0990 0.5819
26: -0.0664 -0.2021 -0.0707 -0.2171 -0.0687 -0.2201 -0.0671 -0.2227 -0.0779 -0.2073 -0.0810 -0.2030 -0.0840 -0.1985 -0.0658 -0.2181 -0.0895 -0.1815 -0.0568 -0.1909 -0.0657 -0.1745 -0.0023 -0.1758 -0.0761 -0.0431 0.0556 -0.0668 -0.0567 0.1011 0.0862 0.0597 -0.0331 0.2203 0.0978 0.1002 -0.0301 0.2589 0.0890 0.1064 -0.0267 0.2570 0.0833 0.0985 -0.0253 0.2436 0.0672 0.0944 0.0114 0.1244 0.1024 0.3169 -0.0285 0.3195 0.1233 0.5291 -0.0668 0.5171 0.1222 0.5604 -0.0597 0.5489 0.1341 0.5958 -0.1026 0.5802
27: -0.0668 -0.1997 -0.0709 -0.2154 -0.0689 -0.2183 -0.0674 -0.2207 -0.0783 -0.2053 -0.0813 -0.2011 -0.0843 -0.1965 -0.0657 -0.2168 -0.0899 -0.1799 -0.0571 -0.1883 -0.0659 -0.1720 -0.0025 -0.1755 -0.0761 -0.0430 0.0550 -0.0671 -0.0572 0.1009 0.0853 0.0594 -0.0334 0.2198 0.0966 0.1007 -0.0302 0.2590 0.0877 0.1067 -0.0271 0.2569 0.0821 0.0988 -0.0255 0.2433 0.0670 0.0943 0.0115 0.1244 0.1023 0.3162 -0.0291 0.3171 0.1231 0.5293 -0.0669 0.5169 0.1220 0.5606 -0.0598 0.5491 0.1339 0.5960 -0.1084 0.5798
28: -0.0675 -0.1971 -0.0712 -0.2139 -0.0691 -0.2170 -0.0676 -0.2195 -0.0789 -0.2033 -0.0819 -0.1990 -0.0848 -0.1945 -0.0652 -0.2165 -0.0901 -0.1789 -0.0572 -0.1856 -0.0663 -0.1690 -0.0021 -0.1754 -0.0762 -0.0437 0.0546 -0.0671 -0.0577 0.1002 0.0845 0.0595 -0.0339 0.2196 0.0954 0.1009 -0.0305 0.2592 0.0866 0.1070 -0.0276 0.2569 0.0810 0.0990 -0.0259 0.2433 0.0668 0.0945 0.0116 0.1244 0.1021 0.3160 -0.0296 0.3166 0.1229 0.5292 -0.0671 0.5157 0.1218 0.5605 -0.0600 0.5477 0.1337 0.5961 -0.1070 0.5786
29: -0.0677 -0.1955 -0.0713 -0.2128 -0.0692 -0.2159 -0.0676 -0.2184 -0.0790 -0.2021 -0.0821 -0.1980 -0.0849 -0.1937 -0.0650 -0.2161 -0.0900 -0.1790 -0.0574 -0.1840 -0.0666 -0.1678 -0.0018 -0.1753 -0.0763 -0.0441 0.0542 -0.0669 -0.0580 0.1000 0.0839 0.0598 -0.0343 0.2200 0.0945 0.1014 -0.0307 0.2597 0.0858 0.1076 -0.0280 0.2574 0.0804 0.0994 -0.0263 0.2438 0.0666 0.0947 0.0115 0.1246 0.1019 0.3161 -0.0300 0.3169 0.1227 0.5291 -0.0673 0.5152 0.1216 0.5603 -0.0602 0.5468 0.1336 0.5963 -0.1064 0.5781
30: -0.0667 -0.1968 -0.0704 -0.2140 -0.0685 -0.2170 -0.0669 -0.2195 -0.0780 -0.2035 -0.0811 -0.1994 -0.0841 -0.1952 -0.0648 -0.2165 -0.0894 -0.1803 -0.0567 -0.1853 -0.0659 -0.1692 -0.0017 -0.1753 -0.0763 -0.0445 0.0540 -0.0668 -0.0582 0.0999 0.0834 0.0607 -0.0346 0.2205 0.0938 0.1033 -0.0310 0.2602 0.0852 0.1094 -0.0283 0.2578 0.0798 0.1009 -0.0266 0.2441 0.0664 0.0949 0.0115 0.1246 0.1016 0.3160 -0.0304 0.3170 0.1225 0.5289 -0.0675 0.5148 0.1214 0.5601 -0.0603 0.5463 0.1333 0.5962 -0.1057 0.5780
31: -0.0661 -0.1973 -0.0699 -0.2143 -0.0680 -0.2175 -0.0663 -0.2200 -0.0774 -0.2036 -0.0805 -0.1994 -0.0835 -0.1954 -0.0644 -0.2169 -0.0890 -0.1810 -0.0562 -0.1853 -0.0654 -0.1704 -0.0015 -0.1754 -0.0764 -0.0448 0.0540 -0.0667 -0.0583 0.0997 0.0831 0.0628 -0.0347 0.2210 0.0935 0.1060 -0.0312 0.2606 0.0849 0.1119 -0.0284 0.2581 0.0794 0.1031 -0.0268 0.2445 0.0663 0.0954 0.0116 0.1248 0.1015 0.3161 -0.0307 0.3171 0.1224 0.5289 -0.0676 0.5149 0.1213 0.5602 -0.0603 0.5463 0.1332 0.5963 -0.1053 0.5781
32: -0.0657 -0.2009 -0.0696 -0.2161 -0.0677 -0.2190 -0.0660 -0.2215 -0.0770 -0.2064 -0.0802 -0.2020 -0.0832 -0.1976 -0.0642 -0.2173 -0.0888 -0.1815 -0.0560 -0.1884 -0.0654 -0.1746 -0.0015 -0.1757 -0.0763 -0.0450 0.0540 -0.0665 -0.0583 0.0995 0.0829 0.0646 -0.0349 0.2211 0.0932 0.1085 -0.0313 0.2607 0.0845 0.1141 -0.0286 0.2581 0.0789 0.1051 -0.0270 0.2445 0.0662 0.0957 0.0116 0.1249 0.1014 0.3163 -0.0308 0.3172 0.1223 0.5290 -0.0677 0.5148 0.1213 0.5605 -0.0603 0.5462 0.1331 0.5964 -0.1056 0.5781
33: -0.0658 -0.2051 -0.0697 -0.2188 -0.0678 -0.2216 -0.0661 -0.2242 -0.0772 -0.2096 -0.0804 -0.2052 -0.0835 -0.2007 -0.0644 -0.2187 -0.0888 -0.1835 -0.0562 -0.1926 -0.0657 -0.1793 -0.0010 -0.1760 -0.0762 -0.0451 0.0537 -0.0663 -0.0587 0.0993 0.0824 0.0664 -0.0355 0.2210 0.0926 0.1106 -0.0317 0.2606 0.0839 0.1161 -0.0292 0.2580 0.0783 0.1069 -0.0276 0.2444 0.0659 0.0962 0.0112 0.1249 0.1011 0.3172 -0.0313 0.3175 0.1219 0.5294 -0.0681 0.5148 0.1209 0.5617 -0.0606 0.5464 0.1327 0.5967 -0.1072 0.5781
34: -0.0658 -0.2078 -0.0697 -0.2210 -0.0678 -0.2237 -0.0661 -0.2263 -0.0770 -0.2120 -0.0801 -0.2077 -0.0831 -0.2031 -0.0642 -0.2202 -0.0878 -0.1855 -0.0561 -0.1953 -0.0650 -0.1823 -0.0002 -0.1763 -0.0760 -0.0456 0.0533 -0.0663 -0.0591 0.0990 0.0819 0.0670 -0.0361 0.2211 0.0921 0.1118 -0.0322 0.2604 0.0833 0.1171 -0.0298 0.2579 0.0777 0.1079 -0.0282 0.2444 0.0655 0.0968 0.0108 0.1250 0.1008 0.3182 -0.0317 0.3179 0.1215 0.5298 -0.0685 0.5147 0.1206 0.5625 -0.0610 0.5463 0.1324 0.5968 -0.1091 0.5780
35: -0.0645 -0.2089 -0.0682 -0.2223 -0.0662 -0.2249 -0.0645 -0.2273 -0.0758 -0.2135 -0.0789 -0.2092 -0.0820 -0.2048 -0.0626 -0.2211 -0.0866 -0.1872 -0.0552 -0.1961 -0.0637 -0.1834 0.0005 -0.1768 -0.0761 -0.0465 0.0530 -0.0667 -0.0594 0.0984 0.0813 0.0674 -0.0366 0.2209 0.0915 0.1125 -0.0327 0.2601 0.0827 0.1176 -0.0304 0.2575 0.0771 0.1083 -0.0289 0.2441 0.0650 0.0978 0.0103 0.1253 0.1005 0.3192 -0.0324 0.3183 0.1210 0.5299 -0.0690 0.5143 0.1201 0.5627 -0.0614 0.5459 0.1320 0.5968 -0.1095 0.5776
36: -0.0627 -0.2127 -0.0666 -0.2254 -0.0648 -0.2274 -0.0633 -0.2294 -0.0740 -0.2169 -0.0772 -0.2128 -0.0805 -0.2084 -0.0620 -0.2223 -0.0857 -0.1902 -0.0541 -0.1988 -0.0620 -0.1868 0.0013 -0.1770 -0.0762 -0.0474 0.0529 -0.0667 -0.0596 0.0976 0.0810 0.0681 -0.0370 0.2209 0.0911 0.1133 -0.0330 0.2600 0.0824 0.1183 -0.0309 0.2574 0.0767 0.1090 -0.0294 0.2440 0.0647 0.0987 0.0100 0.1257 0.1002 0.3195 -0.0329 0.3194 0.1207 0.5301 -0.0694 0.5143 0.1197 0.5632 -0.0617 0.5459 0.1317 0.5973 -0.1102 0.5779
37: -0.0608 -0.2141 -0.0651 -0.2268 -0.0635 -0.2286 -0.0621 -0.2303 -0.0723 -0.2186 -0.0756 -0.2145 -0.0789 -0.2101 -0.0613 -0.2230 -0.0846 -0.1919 -0.0528 -0.1998 -0.0602 -0.1879 0.0019 -0.1770 -0.0762 -0.0487 0.0528 -0.0662 -0.0598 0.0962 0.0807 0.0691 -0.0374 0.2211 0.0908 0.1144 -0.0334 0.2601 0.0820 0.1193 -0.0313 0.2575 0.0764 0.1099 -0.0299 0.2441 0.0644 0.0996 0.0097 0.1260 0.0999 0.3199 -0.0335 0.3209 0.1204 0.5304 -0.0697 0.5147 0.1194 0.5636 -0.0620 0.5464 0.1314 0.5980 -0.1103 0.5784
38: -0.0590 -0.2149 -0.0636 -0.2278 -0.0621 -0.2294 -0.0607 -0.2311 -0.0706 -0.2199 -0.0740 -0.2159 -0.0774 -0.2115 -0.0604 -0.2236 -0.0836 -0.1933 -0.0514 -0.2002 -0.0585 -0.1884 0.0024 -0.1769 -0.0762 -0.0497 0.0527 -0.0657 -0.0600 0.0954 0.0805 0.0703 -0.0378 0.2212 0.0906 0.1157 -0.0337 0.2603 0.0818 0.1205 -0.0317 0.2576 0.0761 0.1110 -0.0303 0.2443 0.0642 0.1002 0.0095 0.1263 0.0996 0.3202 -0.0338 0.3215 0.1202 0.5307 -0.0699 0.5149 0.1192 0.5644 -0.0622 0.5466 0.1312 0.5985 -0.1095 0.5787
39: -0.0583 -0.2156 -0.0628 -0.2286 -0.0614 -0.2302 -0.0600 -0.2317 -0.0700 -0.2207 -0.0733 -0.2169 -0.0768 -0.2125 -0.0597 -0.2244 -0.0832 -0.1946 -0.0508 -0.2006 -0.0580 -0.1891 0.0027 -0.1768 -0.0761 -0.0504 0.0528 -0.0655 -0.0600 0.0948 0.0803 0.0708 -0.0380 0.2213 0.0904 0.1163 -0.0339 0.2604 0.0816 0.1211 -0.0320 0.2577 0.0760 0.1116 -0.0306 0.2444 0.0641 0.1007 0.0093 0.1264 0.0993 0.3204 -0.0342 0.3221 0.1201 0.5310 -0.0699 0.5154 0.1192 0.5648 -0.0622 0.5474 0.1311 0.5990 -0.1089 0.5790
40: -0.0579 -0.2159 -0.0624 -0.2290 -0.0609 -0.2306 -0.0596 -0.2321 -0.0695 -0.2212 -0.0729 -0.2173 -0.0764 -0.2130 -0.0593 -0.2248 -0.0829 -0.1951 -0.0504 -0.2009 -0.0575 -0.1895 0.0028 -0.1769 -0.0760 -0.0511 0.0528 -0.0652 -0.0600 0.0943 0.0802 0.0712 -0.0382 0.2213 0.0903 0.1167 -0.0341 0.2604 0.0815 0.1215 -0.0323 0.2577 0.0759 0.1119 -0.0309 0.2443 0.0640 0.1012 0.0092 0.1265 0.0989 0.3205 -0.0345 0.3231 0.1200 0.5311 -0.0699 0.5157 0.1193 0.5650 -0.0623 0.5478 0.1311 0.5997 -0.1068 0.5791
