1: 0.0481 -0.2013 0.0455 -0.2193 0.0434 -0.2212 0.0411 -0.2231 0.0494 -0.2172 0.0501 -0.2173 0.0508 -0.2172 0.0279 -0.2272 0.0440 -0.2163 0.0402 -0.1942 0.0444 -0.1912 -0.0400 -0.1559 0.0495 -0.1194 -0.0923 -0.0402 0.0695 0.0287 -0.1352 0.0500 0.0905 0.1391 -0.1460 0.0737 0.0968 0.1680 -0.1442 0.0717 0.0965 0.1659 -0.1387 0.0652 0.0927 0.1557 -0.0301 0.1344 0.0206 0.1410 -0.0490 0.3266 0.0504 0.3274 -0.0615 0.5084 0.0834 0.5140 -0.0634 0.5426 0.0823 0.5446 -0.0642 0.5360 0.1126 0.5297
2: 0.0454 -0.2064 0.0426 -0.2230 0.0400 -0.2253 0.0370 -0.2276 0.0480 -0.2201 0.0492 -0.2200 0.0503 -0.2197 0.0255 -0.2297 0.0440 -0.2175 0.0374 -0.1994 0.0431 -0.1959 -0.0401 -0.1572 0.0491 -0.1205 -0.0935 -0.0417 0.0672 0.0274 -0.1363 0.0368 0.0861 0.1391 -0.1488 0.0627 0.0917 0.1687 -0.1467 0.0614 0.0903 0.1668 -0.1406 0.0531 0.0864 0.1561 -0.0293 0.1362 0.0205 0.1416 -0.0494 0.3276 0.0499 0.3280 -0.0623 0.5093 0.0827 0.5119 -0.0638 0.5423 0.0812 0.5443 -0.0642 0.5361 0.1117 0.5308
3: 0.0461 -0.2082 0.0435 -0.2247 0.0408 -0.2268 0.0378 -0.2292 0.0489 -0.2219 0.0501 -0.2218 0.0512 -0.2216 0.0265 -0.2311 0.0453 -0.2192 0.0384 -0.2008 0.0440 -0.1975 -0.0397 -0.1594 0.0491 -0.1219 -0.0963 -0.0439 0.0649 0.0261 -0.1425 0.0233 0.0835 0.1393 -0.1577 0.0505 0.0898 0.1716 -0.1551 0.0488 0.0881 0.1695 -0.1473 0.0397 0.0839 0.1583 -0.0293 0.1385 0.0200 0.1428 -0.0508 0.3285 0.0496 0.3281 -0.0629 0.5086 0.0825 0.5097 -0.0642 0.5406 0.0805 0.5428 -0.0639 0.5351 0.1118 0.5306
4: 0.0454 -0.2082 0.0428 -0.2248 0.0401 -0.2269 0.0372 -0.2293 0.0488 -0.2218 0.0503 -0.2217 0.0517 -0.2215 0.0257 -0.2314 0.0463 -0.2189 0.0376 -0.2011 0.0433 -0.1975 -0.0392 -0.1618 0.0487 -0.1216 -0.0979 -0.0519 0.0627 0.0263 -0.1500 0.0053 0.0804 0.1399 -0.1677 0.0306 0.0873 0.1730 -0.1666 0.0282 0.0857 0.1709 -0.1577 0.0202 0.0806 0.1589 -0.0301 0.1398 0.0204 0.1435 -0.0535 0.3286 0.0488 0.3282 -0.0640 0.5095 0.0817 0.5095 -0.0651 0.5405 0.0796 0.5428 -0.0647 0.5355 0.1110 0.5314
5: 0.0472 -0.2077 0.0453 -0.2234 0.0426 -0.2255 0.0395 -0.2278 0.0515 -0.2203 0.0530 -0.2201 0.0543 -0.2199 0.0285 -0.2299 0.0485 -0.2172 0.0387 -0.2007 0.0447 -0.1970 -0.0381 -0.1632 0.0488 -0.1206 -0.1003 -0.0626 0.0613 0.0297 -0.1606 -0.0059 0.0784 0.1434 -0.1788 0.0154 0.0857 0.1771 -0.1780 0.0127 0.0840 0.1750 -0.1699 0.0071 0.0790 0.1625 -0.0308 0.1399 0.0200 0.1437 -0.0559 0.3289 0.0482 0.3284 -0.0648 0.5108 0.0811 0.5099 -0.0657 0.5410 0.0791 0.5432 -0.0652 0.5368 0.1098 0.5329
6: 0.0517 -0.2070 0.0502 -0.2217 0.0477 -0.2237 0.0448 -0.2259 0.0554 -0.2187 0.0565 -0.2185 0.0575 -0.2183 0.0334 -0.2283 0.0506 -0.2161 0.0427 -0.2003 0.0481 -0.1966 -0.0358 -0.1641 0.0490 -0.1178 -0.1030 -0.0739 0.0603 0.0320 -0.1698 -0.0266 0.0770 0.1457 -0.1907 -0.0063 0.0851 0.1792 -0.1883 -0.0095 0.0835 0.1768 -0.1811 -0.0143 0.0780 0.1647 -0.0314 0.1391 0.0183 0.1431 -0.0571 0.3282 0.0465 0.3274 -0.0659 0.5108 0.0801 0.5091 -0.0667 0.5406 0.0781 0.5426 -0.0661 0.5374 0.1083 0.5332
7: 0.0593 -0.2018 0.0579 -0.2157 0.0554 -0.2177 0.0526 -0.2201 0.0621 -0.2132 0.0626 -0.2132 0.0630 -0.2133 0.0393 -0.2245 0.0543 -0.2125 0.0491 -0.1954 0.0535 -0.1923 -0.0347 -0.1650 0.0503 -0.1160 -0.1062 -0.0876 0.0599 0.0338 -0.1755 -0.0470 0.0765 0.1493 -0.1954 -0.0328 0.0843 0.1820 -0.1935 -0.0366 0.0829 0.1798 -0.1863 -0.0400 0.0775 0.1682 -0.0328 0.1383 0.0171 0.1428 -0.0586 0.3270 0.0454 0.3261 -0.0672 0.5099 0.0790 0.5077 -0.0679 0.5397 0.0770 0.5415 -0.0671 0.5366 0.1065 0.5326
8: 0.0610 -0.1988 0.0597 -0.2129 0.0571 -0.2152 0.0542 -0.2177 0.0643 -0.2101 0.0650 -0.2100 0.0656 -0.2100 0.0419 -0.2218 0.0573 -0.2093 0.0509 -0.1919 0.0554 -0.1885 -0.0331 -0.1671 0.0533 -0.1121 -0.1079 -0.1027 0.0602 0.0382 -0.1790 -0.0744 0.0749 0.1562 -0.1993 -0.0621 0.0826 0.1900 -0.1973 -0.0682 0.0813 0.1883 -0.1897 -0.0702 0.0758 0.1760 -0.0353 0.1366 0.0153 0.1425 -0.0609 0.3254 0.0435 0.3263 -0.0692 0.5105 0.0772 0.5076 -0.0695 0.5403 0.0751 0.5412 -0.0694 0.5361 0.1046 0.5320
9: 0.0678 -0.1892 0.0671 -0.2049 0.0652 -0.2068 0.0632 -0.2089 0.0697 -0.2032 0.0698 -0.2035 0.0698 -0.2039 0.0504 -0.2145 0.0605 -0.2051 0.0580 -0.1815 0.0604 -0.1796 -0.0274 -0.1684 0.0541 -0.1070 -0.1100 -0.1175 0.0587 0.0462 -0.1837 -0.1076 0.0743 0.1686 -0.2035 -0.0968 0.0814 0.2012 -0.2023 -0.1006 0.0809 0.2000 -0.1940 -0.1017 0.0763 0.1878 -0.0365 0.1348 0.0096 0.1406 -0.0630 0.3246 0.0412 0.3286 -0.0717 0.5108 0.0754 0.5086 -0.0718 0.5396 0.0729 0.5415 -0.0718 0.5380 0.1024 0.5302
10: 0.0738 -0.1803 0.0734 -0.1973 0.0716 -0.1992 0.0696 -0.2016 0.0755 -0.1960 0.0753 -0.1966 0.0751 -0.1972 0.0561 -0.2096 0.0649 -0.2005 0.0633 -0.1737 0.0652 -0.1720 -0.0235 -0.1694 0.0557 -0.1031 -0.1108 -0.1313 0.0598 0.0498 -0.1849 -0.1358 0.0750 0.1737 -0.2064 -0.1343 0.0819 0.2070 -0.2034 -0.1384 0.0826 0.2058 -0.1953 -0.1352 0.0776 0.1929 -0.0374 0.1328 0.0054 0.1395 -0.0646 0.3234 0.0396 0.3282 -0.0736 0.5105 0.0750 0.5091 -0.0734 0.5387 0.0719 0.5423 -0.0747 0.5396 0.1014 0.5291
11: 0.0775 -0.1692 0.0772 -0.1880 0.0752 -0.1904 0.0730 -0.1932 0.0795 -0.1865 0.0793 -0.1873 0.0789 -0.1881 0.0595 -0.2034 0.0686 -0.1933 0.0663 -0.1642 0.0684 -0.1624 -0.0208 -0.1696 0.0567 -0.1022 -0.1075 -0.1482 0.0603 0.0510 -0.1842 -0.1602 0.0763 0.1785 -0.2041 -0.1597 0.0831 0.2129 -0.2018 -0.1644 0.0853 0.2121 -0.1942 -0.1620 0.0805 0.1980 -0.0395 0.1322 0.0037 0.1396 -0.0667 0.3213 0.0375 0.3281 -0.0757 0.5073 0.0735 0.5087 -0.0760 0.5355 0.0703 0.5427 -0.0763 0.5398 0.0993 0.5287
12: 0.0807 -0.1615 0.0808 -0.1812 0.0788 -0.1838 0.0766 -0.1867 0.0833 -0.1793 0.0832 -0.1800 0.0828 -0.1806 0.0633 -0.1980 0.0727 -0.1863 0.0694 -0.1574 0.0717 -0.1555 -0.0184 -0.1726 0.0583 -0.0965 -0.1057 -0.1651 0.0645 0.0538 -0.1848 -0.1932 0.0803 0.1822 -0.2040 -0.1979 0.0861 0.2180 -0.2016 -0.2028 0.0884 0.2190 -0.1941 -0.1980 0.0845 0.2032 -0.0418 0.1292 0.0021 0.1400 -0.0690 0.3183 0.0356 0.3264 -0.0777 0.5063 0.0719 0.5057 -0.0780 0.5333 0.0685 0.5405 -0.0783 0.5372 0.0973 0.5257
13: 0.0855 -0.1530 0.0855 -0.1737 0.0833 -0.1769 0.0809 -0.1804 0.0884 -0.1710 0.0884 -0.1716 0.0881 -0.1723 0.0679 -0.1922 0.0777 -0.1785 0.0734 -0.1502 0.0760 -0.1477 -0.0150 -0.1740 0.0590 -0.0941 -0.1024 -0.1812 0.0676 0.0540 -0.1840 -0.2181 0.0831 0.1829 -0.2050 -0.2239 0.0880 0.2168 -0.2024 -0.2288 0.0894 0.2171 -0.1951 -0.2244 0.0864 0.2035 -0.0445 0.1275 0.0004 0.1404 -0.0718 0.3167 0.0342 0.3259 -0.0794 0.5051 0.0704 0.5061 -0.0798 0.5315 0.0669 0.5424 -0.0798 0.5360 0.0965 0.5246
14: 0.0906 -0.1442 0.0913 -0.1651 0.0891 -0.1688 0.0867 -0.1729 0.0937 -0.1619 0.0935 -0.1628 0.0930 -0.1637 0.0734 -0.1868 0.0820 -0.1729 0.0777 -0.1431 0.0803 -0.1403 -0.0096 -0.1768 0.0601 -0.0894 -0.0900 -0.1986 0.0697 0.0578 -0.1689 -0.2448 0.0859 0.1888 -0.1894 -0.2553 0.0902 0.2205 -0.1879 -0.2585 0.0907 0.2211 -0.1816 -0.2510 0.0880 0.2092 -0.0489 0.1252 -0.0015 0.1409 -0.0742 0.3135 0.0324 0.3230 -0.0815 0.5014 0.0677 0.5040 -0.0829 0.5272 0.0649 0.5398 -0.0815 0.5332 0.0947 0.5241
15: 0.0933 -0.1308 0.0955 -0.1510 0.0937 -0.1548 0.0916 -0.1591 0.0977 -0.1479 0.0975 -0.1490 0.0971 -0.1502 0.0786 -0.1766 0.0866 -0.1620 0.0806 -0.1312 0.0832 -0.1286 -0.0057 -0.1774 0.0611 -0.0858 -0.0842 -0.2155 0.0720 0.0622 -0.1620 -0.2701 0.0868 0.1991 -0.1808 -0.2831 0.0901 0.2342 -0.1788 -0.2848 0.0903 0.2357 -0.1725 -0.2768 0.0884 0.2211 -0.0521 0.1234 -0.0034 0.1398 -0.0756 0.3123 0.0310 0.3215 -0.0833 0.5007 0.0648 0.5025 -0.0846 0.5266 0.0624 0.5388 -0.0834 0.5319 0.0934 0.5235
16: 0.0931 -0.1199 0.0963 -0.1376 0.0945 -0.1414 0.0925 -0.1458 0.0987 -0.1353 0.0987 -0.1368 0.0985 -0.1384 0.0805 -0.1679 0.0893 -0.1499 0.0809 -0.1212 0.0834 -0.1190 -0.0021 -0.1808 0.0635 -0.0765 -0.0745 -0.2240 0.0756 0.0672 -0.1449 -0.2856 0.0883 0.2083 -0.1688 -0.3049 0.0920 0.2434 -0.1654 -0.3069 0.0920 0.2440 -0.1579 -0.2979 0.0895 0.2301 -0.0561 0.1196 -0.0054 0.1376 -0.0776 0.3084 0.0289 0.3173 -0.0856 0.4962 0.0627 0.4996 -0.0864 0.5224 0.0601 0.5351 -0.0855 0.5270 0.0882 0.5211
17: 0.0953 -0.1154 0.0986 -0.1325 0.0968 -0.1362 0.0947 -0.1405 0.1012 -0.1302 0.1013 -0.1316 0.1011 -0.1332 0.0830 -0.1621 0.0916 -0.1443 0.0834 -0.1171 0.0860 -0.1147 0.0023 -0.1834 0.0653 -0.0726 -0.0667 -0.2363 0.0779 0.0753 -0.1302 -0.3092 0.0899 0.2247 -0.1516 -0.3304 0.0938 0.2613 -0.1500 -0.3334 0.0940 0.2644 -0.1441 -0.3242 0.0913 0.2496 -0.0596 0.1160 -0.0080 0.1402 -0.0793 0.3032 0.0272 0.3117 -0.0872 0.4914 0.0611 0.4935 -0.0872 0.5189 0.0583 0.5289 -0.0873 0.5212 0.0864 0.5161
18: 0.0955 -0.1060 0.0997 -0.1224 0.0981 -0.1262 0.0962 -0.1305 0.1022 -0.1201 0.1023 -0.1216 0.1021 -0.1232 0.0848 -0.1534 0.0926 -0.1350 0.0839 -0.1085 0.0863 -0.1058 0.0064 -0.1832 0.0659 -0.0674 -0.0609 -0.2448 0.0764 0.0798 -0.1207 -0.3236 0.0886 0.2293 -0.1400 -0.3495 0.0924 0.2672 -0.1389 -0.3518 0.0936 0.2704 -0.1337 -0.3418 0.0907 0.2569 -0.0619 0.1135 -0.0102 0.1371 -0.0810 0.2997 0.0269 0.3092 -0.0890 0.4890 0.0597 0.4911 -0.0889 0.5165 0.0566 0.5264 -0.0890 0.5187 0.0889 0.5131
19: 0.0978 -0.1047 0.1025 -0.1214 0.1008 -0.1256 0.0989 -0.1303 0.1048 -0.1183 0.1049 -0.1195 0.1047 -0.1208 0.0877 -0.1520 0.0949 -0.1328 0.0858 -0.1083 0.0882 -0.1048 0.0095 -0.1842 0.0674 -0.0634 -0.0548 -0.2546 0.0757 0.0793 -0.1117 -0.3434 0.0865 0.2311 -0.1309 -0.3724 0.0906 0.2673 -0.1292 -0.3752 0.0918 0.2720 -0.1244 -0.3650 0.0882 0.2585 -0.0641 0.1113 -0.0128 0.1363 -0.0830 0.2947 0.0258 0.3083 -0.0910 0.4844 0.0581 0.4862 -0.0913 0.5099 0.0546 0.5221 -0.0898 0.5135 0.0874 0.5087
20: 0.0971 -0.0944 0.1025 -0.1096 0.1010 -0.1136 0.0992 -0.1181 0.1050 -0.1072 0.1052 -0.1088 0.1052 -0.1104 0.0894 -0.1413 0.0964 -0.1250 0.0854 -0.0988 0.0879 -0.0953 0.0130 -0.1778 0.0671 -0.0680 -0.0492 -0.2592 0.0746 0.0824 -0.1012 -0.3595 0.0856 0.2362 -0.1189 -0.3880 0.0907 0.2722 -0.1169 -0.3891 0.0936 0.2781 -0.1119 -0.3772 0.0889 0.2640 -0.0657 0.1114 -0.0144 0.1345 -0.0842 0.2901 0.0248 0.3083 -0.0924 0.4797 0.0570 0.4847 -0.0937 0.5060 0.0533 0.5212 -0.0905 0.5113 0.0865 0.5096
21: 0.0975 -0.0954 0.1025 -0.1112 0.1008 -0.1159 0.0991 -0.1220 0.1057 -0.1063 0.1061 -0.1070 0.1062 -0.1078 0.0898 -0.1412 0.0975 -0.1195 0.0860 -0.1010 0.0890 -0.0955 0.0156 -0.1798 0.0688 -0.0575 -0.0411 -0.2662 0.0763 0.0890 -0.0864 -0.3671 0.0841 0.2451 -0.1037 -0.3993 0.0885 0.2794 -0.1017 -0.4004 0.0920 0.2853 -0.0964 -0.3867 0.0888 0.2715 -0.0678 0.1064 -0.0165 0.1308 -0.0863 0.2854 0.0227 0.3045 -0.0947 0.4748 0.0549 0.4795 -0.0961 0.5015 0.0512 0.5161 -0.0926 0.5064 0.0834 0.5093
22: 0.1008 -0.0857 0.1057 -0.1006 0.1041 -0.1052 0.1023 -0.1106 0.1087 -0.0972 0.1090 -0.0984 0.1091 -0.0999 0.0929 -0.1320 0.1001 -0.1134 0.0892 -0.0909 0.0917 -0.0864 0.0190 -0.1764 0.0698 -0.0531 -0.0351 -0.2731 0.0726 0.1015 -0.0779 -0.3844 0.0821 0.2549 -0.0910 -0.4186 0.0881 0.2883 -0.0895 -0.4226 0.0931 0.2936 -0.0853 -0.4065 0.0881 0.2820 -0.0703 0.1012 -0.0183 0.1283 -0.0885 0.2791 0.0195 0.2995 -0.0974 0.4700 0.0522 0.4742 -0.0989 0.4967 0.0486 0.5113 -0.0946 0.5033 0.0795 0.5087
23: 0.1012 -0.0861 0.1058 -0.1021 0.1040 -0.1075 0.1021 -0.1137 0.1094 -0.0958 0.1099 -0.0964 0.1101 -0.0973 0.0939 -0.1315 0.1013 -0.1096 0.0895 -0.0932 0.0926 -0.0867 0.0202 -0.1750 0.0705 -0.0491 -0.0308 -0.2831 0.0700 0.1017 -0.0713 -0.4013 0.0794 0.2521 -0.0833 -0.4418 0.0884 0.2816 -0.0802 -0.4476 0.0894 0.2890 -0.0771 -0.4271 0.0857 0.2677 -0.0722 0.0977 -0.0187 0.1262 -0.0900 0.2715 0.0171 0.2973 -0.0993 0.4618 0.0502 0.4669 -0.1008 0.4880 0.0465 0.5028 -0.0966 0.5000 0.0776 0.5046
24: 0.1011 -0.0993 0.1060 -0.1122 0.1048 -0.1181 0.1032 -0.1229 0.1091 -0.1048 0.1096 -0.1046 0.1097 -0.1049 0.0957 -0.1329 0.1020 -0.1141 0.0900 -0.1042 0.0928 -0.0961 0.0226 -0.1740 0.0708 -0.0424 -0.0233 -0.2895 0.0768 0.1001 -0.0590 -0.4087 0.0799 0.2582 -0.0683 -0.4448 0.0888 0.2879 -0.0654 -0.4497 0.0922 0.2915 -0.0633 -0.4327 0.0850 0.2781 -0.0727 0.0918 -0.0209 0.1247 -0.0902 0.2518 0.0155 0.2851 -0.0998 0.4492 0.0488 0.4554 -0.1013 0.4733 0.0455 0.4922 -0.0972 0.4942 0.0756 0.4983
25: 0.1025 -0.1047 0.1075 -0.1188 0.1059 -0.1241 0.1042 -0.1288 0.1114 -0.1083 0.1117 -0.1059 0.1119 -0.1052 0.0967 -0.1345 0.1042 -0.1122 0.0913 -0.1103 0.0946 -0.0984 0.0250 -0.1738 0.0711 -0.0320 -0.0148 -0.2952 0.0758 0.1086 -0.0485 -0.4203 0.0793 0.2614 -0.0578 -0.4530 0.0886 0.2933 -0.0556 -0.4589 0.0924 0.2945 -0.0533 -0.4421 0.0867 0.2815 -0.0738 0.0856 -0.0223 0.1203 -0.0913 0.2432 0.0126 0.2766 -0.1006 0.4374 0.0474 0.4477 -0.1018 0.4583 0.0444 0.4817 -0.0985 0.4877 0.0694 0.4915
26: 0.1052 -0.0892 0.1109 -0.1043 0.1094 -0.1103 0.1080 -0.1161 0.1135 -0.0932 0.1137 -0.0924 0.1138 -0.0924 0.1005 -0.1241 0.1059 -0.1012 0.0941 -0.0955 0.0962 -0.0860 0.0295 -0.1685 0.0717 -0.0273 -0.0046 -0.2955 0.0784 0.1092 -0.0357 -0.4172 0.0800 0.2614 -0.0448 -0.4535 0.0892 0.2902 -0.0420 -0.4561 0.0941 0.2887 -0.0396 -0.4399 0.0887 0.2802 -0.0745 0.0793 -0.0268 0.1163 -0.0921 0.2438 0.0104 0.2707 -0.1014 0.4358 0.0463 0.4462 -0.1018 0.4542 0.0436 0.4804 -0.1001 0.4867 0.0691 0.4848
27: 0.1081 -0.0704 0.1145 -0.0839 0.1133 -0.0885 0.1125 -0.0946 0.1161 -0.0795 0.1161 -0.0805 0.1159 -0.0818 0.1048 -0.1091 0.1083 -0.0920 0.0977 -0.0764 0.0989 -0.0729 0.0308 -0.1673 0.0718 -0.0247 0.0032 -0.2933 0.0776 0.1060 -0.0210 -0.4081 0.0811 0.2597 -0.0277 -0.4430 0.0903 0.2924 -0.0255 -0.4464 0.0955 0.2927 -0.0243 -0.4309 0.0891 0.2818 -0.0729 0.0766 -0.0296 0.1153 -0.0887 0.2458 0.0127 0.2702 -0.1001 0.4332 0.0478 0.4505 -0.1014 0.4566 0.0450 0.4905 -0.0973 0.4819 0.0736 0.4805
28: 0.1073 -0.0557 0.1141 -0.0683 0.1133 -0.0725 0.1125 -0.0776 0.1153 -0.0660 0.1153 -0.0677 0.1151 -0.0697 0.1054 -0.0963 0.1080 -0.0835 0.0968 -0.0612 0.0975 -0.0594 0.0352 -0.1536 0.0740 -0.0249 -0.0022 -0.2317 0.0754 0.0968 -0.0038 -0.2571 0.0774 0.2564 -0.0067 -0.2718 0.0806 0.2892 -0.0003 -0.2666 0.0891 0.2929 0.0008 -0.2560 0.0842 0.2784 -0.0721 0.0730 -0.0369 0.1056 -0.0883 0.2503 0.0110 0.2672 -0.1023 0.4356 0.0457 0.4520 -0.1024 0.4595 0.0426 0.4894 -0.0986 0.4858 0.0782 0.4823
29: 0.1067 -0.0527 0.1140 -0.0660 0.1133 -0.0706 0.1126 -0.0761 0.1148 -0.0620 0.1147 -0.0632 0.1144 -0.0648 0.1054 -0.0928 0.1072 -0.0770 0.0962 -0.0573 0.0965 -0.0538 0.0343 -0.1541 0.0773 -0.0145 -0.0045 -0.2500 0.0796 0.1142 -0.0030 -0.3534 0.0798 0.2726 -0.0173 -0.3298 0.0861 0.3036 -0.0116 -0.3305 0.0910 0.3041 -0.0097 -0.3181 0.0893 0.2923 -0.0729 0.0676 -0.0388 0.1008 -0.0905 0.2501 0.0091 0.2645 -0.1051 0.4359 0.0436 0.4507 -0.1058 0.4602 0.0400 0.4869 -0.1006 0.4851 0.0769 0.4815
30: 0.1061 -0.0632 0.1135 -0.0771 0.1127 -0.0825 0.1119 -0.0882 0.1147 -0.0675 0.1147 -0.0667 0.1146 -0.0665 0.1048 -0.0971 0.1075 -0.0743 0.0952 -0.0700 0.0957 -0.0602 0.0381 -0.1549 0.0727 -0.0030 0.0148 -0.2888 0.0772 0.1360 0.0004 -0.4047 0.0786 0.2720 -0.0085 -0.4329 0.0850 0.3041 -0.0046 -0.4328 0.0894 0.3039 -0.0027 -0.4163 0.0864 0.2924 -0.0734 0.0621 -0.0376 0.0959 -0.0925 0.2431 0.0105 0.2601 -0.1073 0.4310 0.0419 0.4438 -0.1075 0.4555 0.0381 0.4775 -0.1025 0.4795 0.0748 0.4753
31: 0.1064 -0.0717 0.1130 -0.0842 0.1122 -0.0897 0.1113 -0.0950 0.1144 -0.0717 0.1145 -0.0695 0.1145 -0.0679 0.1046 -0.0997 0.1078 -0.0722 0.0960 -0.0792 0.0966 -0.0653 0.0407 -0.1555 0.0728 0.0067 0.0226 -0.2945 0.0742 0.1400 0.0074 -0.4126 0.0772 0.2697 -0.0001 -0.4446 0.0850 0.3041 0.0026 -0.4487 0.0898 0.3020 0.0043 -0.4321 0.0852 0.2894 -0.0751 0.0592 -0.0384 0.0896 -0.0941 0.2336 0.0101 0.2544 -0.1088 0.4253 0.0396 0.4362 -0.1090 0.4497 0.0359 0.4694 -0.1036 0.4707 0.0732 0.4690
32: 0.1055 -0.0847 0.1123 -0.0951 0.1115 -0.1002 0.1106 -0.1052 0.1138 -0.0809 0.1139 -0.0778 0.1140 -0.0754 0.1049 -0.1067 0.1081 -0.0778 0.0952 -0.0912 0.0963 -0.0773 0.0423 -0.1624 0.0712 0.0104 0.0259 -0.3041 0.0693 0.1449 0.0142 -0.4187 0.0781 0.2606 0.0041 -0.4611 0.0870 0.2926 0.0098 -0.4561 0.0903 0.2918 0.0116 -0.4402 0.0863 0.2780 -0.0761 0.0612 -0.0376 0.0909 -0.0953 0.2227 0.0112 0.2482 -0.1084 0.4170 0.0393 0.4282 -0.1072 0.4370 0.0351 0.4608 -0.1057 0.4681 0.0669 0.4598
33: 0.1060 -0.0851 0.1131 -0.0948 0.1123 -0.1004 0.1113 -0.1061 0.1143 -0.0787 0.1143 -0.0752 0.1141 -0.0714 0.1055 -0.1065 0.1087 -0.0749 0.0961 -0.0930 0.0970 -0.0750 0.0450 -0.1624 0.0704 0.0101 0.0319 -0.3081 0.0647 0.1426 0.0222 -0.4220 0.0780 0.2536 0.0162 -0.4601 0.0852 0.2850 0.0188 -0.4599 0.0899 0.2832 0.0205 -0.4435 0.0863 0.2700 -0.0760 0.0568 -0.0396 0.0955 -0.0953 0.2143 0.0138 0.2437 -0.1083 0.4126 0.0394 0.4237 -0.1066 0.4317 0.0352 0.4563 -0.1072 0.4637 0.0670 0.4559
34: 0.1059 -0.0870 0.1132 -0.0950 0.1125 -0.1006 0.1115 -0.1060 0.1145 -0.0779 0.1146 -0.0740 0.1145 -0.0709 0.1060 -0.1075 0.1094 -0.0736 0.0968 -0.0951 0.0973 -0.0753 0.0461 -0.1618 0.0704 0.0085 0.0351 -0.3072 0.0580 0.1415 0.0257 -0.4219 0.0761 0.2521 0.0187 -0.4625 0.0829 0.2835 0.0227 -0.4634 0.0879 0.2810 0.0243 -0.4491 0.0828 0.2679 -0.0757 0.0569 -0.0407 0.0964 -0.0957 0.2104 0.0149 0.2442 -0.1083 0.4129 0.0401 0.4230 -0.1069 0.4325 0.0361 0.4569 -0.1067 0.4626 0.0684 0.4562
35: 0.1075 -0.0884 0.1146 -0.0970 0.1142 -0.1027 0.1129 -0.1082 0.1159 -0.0797 0.1160 -0.0751 0.1159 -0.0716 0.1068 -0.1074 0.1103 -0.0725 0.0982 -0.0951 0.0989 -0.0780 0.0475 -0.1613 0.0705 0.0081 0.0381 -0.3070 0.0590 0.1456 0.0303 -0.4222 0.0778 0.2589 0.0243 -0.4605 0.0852 0.2899 0.0273 -0.4629 0.0890 0.2877 0.0297 -0.4465 0.0846 0.2751 -0.0757 0.0572 -0.0423 0.0961 -0.0956 0.2095 0.0151 0.2446 -0.1082 0.4132 0.0407 0.4229 -0.1081 0.4339 0.0365 0.4576 -0.1069 0.4648 0.0712 0.4562
36: 0.1079 -0.0915 0.1160 -0.1005 0.1152 -0.1066 0.1140 -0.1120 0.1172 -0.0843 0.1171 -0.0793 0.1172 -0.0743 0.1075 -0.1084 0.1110 -0.0734 0.0996 -0.0984 0.1004 -0.0816 0.0486 -0.1615 0.0708 0.0116 0.0397 -0.3091 0.0596 0.1478 0.0324 -0.4256 0.0775 0.2572 0.0255 -0.4674 0.0850 0.2850 0.0296 -0.4684 0.0889 0.2831 0.0313 -0.4495 0.0844 0.2715 -0.0763 0.0550 -0.0430 0.0949 -0.0960 0.2041 0.0165 0.2424 -0.1085 0.4093 0.0407 0.4197 -0.1093 0.4318 0.0364 0.4550 -0.1066 0.4608 0.0721 0.4540
37: 0.1109 -0.0913 0.1180 -0.1000 0.1177 -0.1055 0.1166 -0.1102 0.1198 -0.0808 0.1197 -0.0755 0.1198 -0.0699 0.1101 -0.1049 0.1132 -0.0697 0.1011 -0.0959 0.1031 -0.0773 0.0511 -0.1582 0.0727 0.0148 0.0423 -0.3079 0.0619 0.1576 0.0361 -0.4262 0.0796 0.2628 0.0283 -0.4724 0.0865 0.2859 0.0322 -0.4759 0.0905 0.2841 0.0340 -0.4552 0.0863 0.2755 -0.0782 0.0469 -0.0458 0.0967 -0.0941 0.2045 0.0205 0.2434 -0.1073 0.4088 0.0432 0.4199 -0.1105 0.4332 0.0388 0.4557 -0.1044 0.4604 0.0768 0.4534
38: 0.1119 -0.0903 0.1191 -0.1001 0.1186 -0.1048 0.1175 -0.1089 0.1208 -0.0867 0.1211 -0.0814 0.1216 -0.0752 0.1107 -0.1011 0.1136 -0.0706 0.1023 -0.0953 0.1035 -0.0772 0.0522 -0.1543 0.0729 0.0137 0.0429 -0.3046 0.0616 0.1549 0.0368 -0.4245 0.0796 0.2616 0.0214 -0.4728 0.0860 0.2866 0.0335 -0.4706 0.0905 0.2849 0.0353 -0.4506 0.0862 0.2749 -0.0790 0.0430 -0.0461 0.0974 -0.0947 0.2067 0.0213 0.2443 -0.1089 0.4086 0.0436 0.4208 -0.1062 0.4377 0.0396 0.4555 -0.1051 0.4615 0.0777 0.4538
39: 0.1121 -0.1048 0.1190 -0.1008 0.1183 -0.1043 0.1170 -0.1091 0.1205 -0.0935 0.1211 -0.0883 0.1218 -0.0823 0.1100 -0.1021 0.1133 -0.0719 0.1019 -0.1042 0.1031 -0.0800 0.0521 -0.1523 0.0733 0.0136 0.0430 -0.3018 0.0613 0.1533 0.0365 -0.4225 0.0789 0.2629 0.0189 -0.4698 0.0850 0.2892 0.0327 -0.4681 0.0897 0.2863 0.0342 -0.4476 0.0851 0.2757 -0.0796 0.0407 -0.0458 0.0979 -0.0985 0.2227 0.0205 0.2445 -0.1097 0.4083 0.0430 0.4198 -0.1036 0.4420 0.0391 0.4541 -0.1063 0.4621 0.0774 0.4544
40: 0.1125 -0.1105 0.1189 -0.1008 0.1181 -0.1034 0.1167 -0.1087 0.1218 -0.0961 0.1226 -0.0911 0.1235 -0.0854 0.1095 -0.1017 0.1131 -0.0714 0.1021 -0.1060 0.1029 -0.0876 0.0519 -0.1511 0.0736 0.0130 0.0427 -0.2962 0.0643 0.1553 0.0352 -0.4207 0.0788 0.2695 0.0165 -0.4699 0.0851 0.2999 0.0320 -0.4701 0.0901 0.2956 0.0281 -0.4496 0.0851 0.2839 -0.0791 0.0413 -0.0462 0.0967 -0.0972 0.2141 0.0181 0.2402 -0.1105 0.4070 0.0424 0.4187 -0.1027 0.4446 0.0385 0.4515 -0.1074 0.4627 0.0782 0.4540
