1: 0.0427 -0.1712 0.0392 -0.1902 0.0389 -0.1907 0.0386 -0.1913 0.0369 -0.1898 0.0350 -0.1899 0.0327 -0.1901 0.0278 -0.1868 0.0173 -0.1854 0.0409 -0.1559 0.0380 -0.1551 0.0587 -0.1013 -0.0409 -0.1024 0.1188 -0.0827 -0.1078 -0.1006 0.1711 -0.0889 -0.1615 -0.1061 0.1916 -0.0838 -0.1820 -0.1070 0.1941 -0.0867 -0.1830 -0.1109 0.1851 -0.0866 -0.1757 -0.1081 0.0184 0.1078 -0.0361 0.0957 0.1004 0.2028 -0.0862 0.2332 0.1033 0.3661 -0.1417 0.3740 0.0970 0.3902 -0.1433 0.3933 0.1417 0.4023 -0.1565 0.4184
2: 0.0433 -0.1711 0.0398 -0.1901 0.0396 -0.1908 0.0392 -0.1917 0.0370 -0.1897 0.0349 -0.1900 0.0324 -0.1905 0.0282 -0.1893 0.0171 -0.1867 0.0412 -0.1557 0.0376 -0.1547 0.0584 -0.1020 -0.0410 -0.1020 0.1193 -0.0886 -0.1084 -0.1002 0.1790 -0.0882 -0.1639 -0.1047 0.1969 -0.0821 -0.1831 -0.1064 0.1994 -0.0847 -0.1837 -0.1096 0.1926 -0.0842 -0.1768 -0.1067 0.0188 0.1078 -0.0363 0.0961 0.0998 0.2032 -0.0869 0.2344 0.1029 0.3665 -0.1424 0.3744 0.0962 0.3906 -0.1443 0.3937 0.1409 0.4023 -0.1586 0.4187
3: 0.0436 -0.1711 0.0402 -0.1901 0.0400 -0.1909 0.0395 -0.1922 0.0372 -0.1898 0.0349 -0.1902 0.0322 -0.1909 0.0284 -0.1908 0.0171 -0.1875 0.0415 -0.1556 0.0374 -0.1545 0.0582 -0.1026 -0.0410 -0.1018 0.1195 -0.0904 -0.1086 -0.1001 0.1817 -0.0878 -0.1646 -0.1042 0.1985 -0.0809 -0.1834 -0.1061 0.2011 -0.0832 -0.1839 -0.1089 0.1948 -0.0829 -0.1770 -0.1061 0.0191 0.1079 -0.0364 0.0963 0.0993 0.2033 -0.0875 0.2354 0.1027 0.3667 -0.1428 0.3746 0.0958 0.3907 -0.1448 0.3939 0.1404 0.4025 -0.1596 0.4189
4: 0.0437 -0.1711 0.0403 -0.1900 0.0401 -0.1910 0.0396 -0.1923 0.0372 -0.1898 0.0348 -0.1903 0.0321 -0.1911 0.0284 -0.1913 0.0169 -0.1877 0.0416 -0.1555 0.0373 -0.1544 0.0581 -0.1028 -0.0411 -0.1017 0.1193 -0.0908 -0.1088 -0.1000 0.1814 -0.0876 -0.1650 -0.1039 0.1983 -0.0807 -0.1836 -0.1059 0.2009 -0.0827 -0.1841 -0.1085 0.1944 -0.0826 -0.1774 -0.1056 0.0193 0.1079 -0.0364 0.0964 0.0990 0.2034 -0.0879 0.2363 0.1025 0.3668 -0.1433 0.3748 0.0953 0.3905 -0.1454 0.3941 0.1395 0.4025 -0.1604 0.4190
5: 0.0438 -0.1712 0.0403 -0.1901 0.0401 -0.1912 0.0396 -0.1926 0.0372 -0.1899 0.0348 -0.1906 0.0320 -0.1914 0.0283 -0.1917 0.0169 -0.1881 0.0417 -0.1556 0.0372 -0.1544 0.0580 -0.1030 -0.0412 -0.1017 0.1192 -0.0912 -0.1089 -0.1000 0.1814 -0.0876 -0.1652 -0.1037 0.1982 -0.0807 -0.1837 -0.1058 0.2008 -0.0827 -0.1842 -0.1082 0.1943 -0.0825 -0.1775 -0.1053 0.0194 0.1079 -0.0363 0.0966 0.0989 0.2034 -0.0881 0.2368 0.1024 0.3667 -0.1435 0.3750 0.0948 0.3904 -0.1457 0.3942 0.1389 0.4025 -0.1606 0.4190
6: 0.0438 -0.1712 0.0404 -0.1902 0.0401 -0.1912 0.0396 -0.1927 0.0371 -0.1900 0.0347 -0.1906 0.0319 -0.1915 0.0283 -0.1918 0.0168 -0.1882 0.0416 -0.1556 0.0371 -0.1544 0.0579 -0.1031 -0.0413 -0.1017 0.1192 -0.0917 -0.1090 -0.1001 0.1815 -0.0876 -0.1655 -0.1037 0.1983 -0.0807 -0.1838 -0.1058 0.2009 -0.0827 -0.1843 -0.1081 0.1947 -0.0824 -0.1777 -0.1053 0.0196 0.1080 -0.0362 0.0969 0.0988 0.2035 -0.0884 0.2372 0.1024 0.3666 -0.1437 0.3751 0.0946 0.3903 -0.1459 0.3942 0.1387 0.4026 -0.1608 0.4190
7: 0.0438 -0.1711 0.0404 -0.1901 0.0402 -0.1911 0.0397 -0.1926 0.0371 -0.1899 0.0347 -0.1906 0.0318 -0.1915 0.0283 -0.1918 0.0167 -0.1882 0.0416 -0.1556 0.0370 -0.1543 0.0578 -0.1034 -0.0414 -0.1016 0.1193 -0.0919 -0.1091 -0.1002 0.1819 -0.0876 -0.1658 -0.1038 0.1986 -0.0807 -0.1840 -0.1058 0.2013 -0.0825 -0.1845 -0.1081 0.1951 -0.0823 -0.1780 -0.1053 0.0197 0.1080 -0.0362 0.0971 0.0987 0.2037 -0.0887 0.2376 0.1023 0.3666 -0.1438 0.3752 0.0944 0.3903 -0.1462 0.3943 0.1385 0.4026 -0.1609 0.4190
8: 0.0438 -0.1712 0.0404 -0.1901 0.0402 -0.1912 0.0397 -0.1927 0.0371 -0.1900 0.0347 -0.1907 0.0318 -0.1916 0.0283 -0.1918 0.0167 -0.1883 0.0417 -0.1557 0.0370 -0.1544 0.0578 -0.1036 -0.0413 -0.1017 0.1193 -0.0923 -0.1091 -0.1005 0.1820 -0.0877 -0.1660 -0.1040 0.1986 -0.0808 -0.1841 -0.1060 0.2013 -0.0826 -0.1845 -0.1082 0.1951 -0.0823 -0.1782 -0.1054 0.0198 0.1079 -0.0361 0.0972 0.0988 0.2038 -0.0889 0.2379 0.1023 0.3664 -0.1439 0.3754 0.0943 0.3900 -0.1463 0.3944 0.1384 0.4025 -0.1609 0.4188
9: 0.0437 -0.1712 0.0403 -0.1901 0.0401 -0.1912 0.0396 -0.1927 0.0370 -0.1900 0.0346 -0.1907 0.0317 -0.1916 0.0283 -0.1918 0.0166 -0.1883 0.0416 -0.1557 0.0369 -0.1544 0.0578 -0.1038 -0.0414 -0.1017 0.1193 -0.0925 -0.1093 -0.1008 0.1817 -0.0877 -0.1662 -0.1040 0.1984 -0.0808 -0.1842 -0.1060 0.2011 -0.0825 -0.1847 -0.1082 0.1950 -0.0822 -0.1785 -0.1054 0.0198 0.1080 -0.0361 0.0974 0.0987 0.2040 -0.0892 0.2383 0.1023 0.3663 -0.1440 0.3756 0.0941 0.3898 -0.1464 0.3946 0.1381 0.4024 -0.1611 0.4188
10: 0.0436 -0.1712 0.0402 -0.1901 0.0400 -0.1912 0.0395 -0.1927 0.0369 -0.1900 0.0345 -0.1907 0.0316 -0.1916 0.0282 -0.1918 0.0165 -0.1883 0.0415 -0.1557 0.0368 -0.1544 0.0577 -0.1039 -0.0415 -0.1016 0.1192 -0.0927 -0.1095 -0.1010 0.1816 -0.0878 -0.1665 -0.1040 0.1983 -0.0808 -0.1845 -0.1060 0.2010 -0.0825 -0.1849 -0.1082 0.1949 -0.0822 -0.1789 -0.1054 0.0198 0.1080 -0.0362 0.0976 0.0988 0.2042 -0.0896 0.2388 0.1022 0.3661 -0.1442 0.3757 0.0940 0.3896 -0.1466 0.3947 0.1377 0.4023 -0.1612 0.4188
11: 0.0436 -0.1713 0.0402 -0.1902 0.0400 -0.1913 0.0395 -0.1928 0.0369 -0.1901 0.0344 -0.1908 0.0314 -0.1917 0.0282 -0.1919 0.0164 -0.1884 0.0415 -0.1559 0.0367 -0.1544 0.0577 -0.1040 -0.0414 -0.1017 0.1192 -0.0930 -0.1095 -0.1012 0.1817 -0.0880 -0.1667 -0.1041 0.1984 -0.0809 -0.1846 -0.1060 0.2010 -0.0826 -0.1850 -0.1082 0.1950 -0.0823 -0.1791 -0.1054 0.0198 0.1079 -0.0362 0.0976 0.0988 0.2042 -0.0898 0.2390 0.1022 0.3657 -0.1442 0.3757 0.0940 0.3892 -0.1466 0.3946 0.1375 0.4021 -0.1612 0.4187
12: 0.0435 -0.1713 0.0401 -0.1902 0.0399 -0.1913 0.0395 -0.1928 0.0367 -0.1901 0.0341 -0.1908 0.0312 -0.1917 0.0282 -0.1918 0.0162 -0.1884 0.0415 -0.1559 0.0365 -0.1544 0.0577 -0.1040 -0.0414 -0.1017 0.1192 -0.0931 -0.1095 -0.1013 0.1817 -0.0881 -0.1667 -0.1040 0.1984 -0.0810 -0.1846 -0.1059 0.2010 -0.0826 -0.1850 -0.1080 0.1950 -0.0824 -0.1791 -0.1052 0.0198 0.1080 -0.0362 0.0976 0.0988 0.2043 -0.0899 0.2390 0.1022 0.3655 -0.1442 0.3757 0.0939 0.3890 -0.1466 0.3946 0.1375 0.4019 -0.1612 0.4187
13: 0.0433 -0.1714 0.0399 -0.1902 0.0397 -0.1913 0.0394 -0.1928 0.0364 -0.1901 0.0338 -0.1908 0.0308 -0.1917 0.0282 -0.1918 0.0159 -0.1884 0.0414 -0.1559 0.0363 -0.1544 0.0577 -0.1040 -0.0413 -0.1017 0.1192 -0.0932 -0.1095 -0.1013 0.1816 -0.0882 -0.1667 -0.1039 0.1984 -0.0811 -0.1846 -0.1058 0.2010 -0.0827 -0.1850 -0.1078 0.1949 -0.0824 -0.1791 -0.1051 0.0198 0.1080 -0.0362 0.0977 0.0988 0.2044 -0.0899 0.2391 0.1022 0.3654 -0.1443 0.3757 0.0939 0.3889 -0.1467 0.3946 0.1374 0.4018 -0.1612 0.4187
14: 0.0431 -0.1716 0.0396 -0.1904 0.0395 -0.1914 0.0392 -0.1929 0.0361 -0.1903 0.0334 -0.1910 0.0304 -0.1919 0.0281 -0.1918 0.0155 -0.1884 0.0412 -0.1561 0.0360 -0.1544 0.0577 -0.1040 -0.0412 -0.1016 0.1192 -0.0933 -0.1095 -0.1013 0.1815 -0.0883 -0.1667 -0.1036 0.1983 -0.0811 -0.1845 -0.1054 0.2009 -0.0828 -0.1849 -0.1074 0.1948 -0.0825 -0.1790 -0.1047 0.0198 0.1080 -0.0362 0.0977 0.0989 0.2044 -0.0900 0.2391 0.1022 0.3653 -0.1443 0.3757 0.0939 0.3888 -0.1467 0.3946 0.1374 0.4016 -0.1612 0.4187
15: 0.0426 -0.1719 0.0391 -0.1907 0.0391 -0.1918 0.0389 -0.1932 0.0355 -0.1906 0.0328 -0.1913 0.0298 -0.1922 0.0281 -0.1919 0.0149 -0.1885 0.0410 -0.1564 0.0356 -0.1546 0.0577 -0.1041 -0.0412 -0.1016 0.1193 -0.0936 -0.1094 -0.1013 0.1816 -0.0885 -0.1667 -0.1031 0.1984 -0.0812 -0.1844 -0.1048 0.2011 -0.0828 -0.1849 -0.1067 0.1949 -0.0825 -0.1790 -0.1040 0.0198 0.1080 -0.0362 0.0977 0.0989 0.2044 -0.0901 0.2392 0.1022 0.3652 -0.1443 0.3757 0.0939 0.3887 -0.1467 0.3946 0.1373 0.4015 -0.1613 0.4187
16: 0.0418 -0.1720 0.0384 -0.1909 0.0385 -0.1920 0.0384 -0.1934 0.0346 -0.1907 0.0319 -0.1913 0.0288 -0.1922 0.0280 -0.1919 0.0140 -0.1884 0.0406 -0.1564 0.0350 -0.1545 0.0577 -0.1041 -0.0411 -0.1015 0.1193 -0.0935 -0.1093 -0.1011 0.1816 -0.0888 -0.1666 -0.1025 0.1984 -0.0812 -0.1844 -0.1041 0.2011 -0.0828 -0.1849 -0.1059 0.1949 -0.0826 -0.1789 -0.1032 0.0198 0.1081 -0.0362 0.0978 0.0989 0.2045 -0.0902 0.2393 0.1022 0.3651 -0.1443 0.3758 0.0939 0.3886 -0.1467 0.3947 0.1373 0.4016 -0.1613 0.4187
17: 0.0414 -0.1724 0.0380 -0.1912 0.0381 -0.1923 0.0380 -0.1938 0.0341 -0.1909 0.0314 -0.1916 0.0283 -0.1923 0.0278 -0.1920 0.0137 -0.1884 0.0403 -0.1567 0.0346 -0.1546 0.0576 -0.1042 -0.0411 -0.1015 0.1193 -0.0938 -0.1093 -0.1009 0.1815 -0.0892 -0.1665 -0.1019 0.1984 -0.0816 -0.1842 -0.1035 0.2010 -0.0831 -0.1847 -0.1054 0.1949 -0.0829 -0.1788 -0.1027 0.0198 0.1081 -0.0362 0.0978 0.0989 0.2045 -0.0902 0.2393 0.1022 0.3651 -0.1443 0.3758 0.0938 0.3886 -0.1467 0.3947 0.1373 0.4015 -0.1613 0.4187
18: 0.0409 -0.1728 0.0375 -0.1916 0.0376 -0.1928 0.0376 -0.1942 0.0336 -0.1913 0.0308 -0.1919 0.0278 -0.1926 0.0276 -0.1921 0.0134 -0.1884 0.0401 -0.1570 0.0342 -0.1549 0.0576 -0.1042 -0.0411 -0.1015 0.1196 -0.0940 -0.1093 -0.1006 0.1817 -0.0894 -0.1665 -0.1013 0.1986 -0.0817 -0.1843 -0.1030 0.2013 -0.0831 -0.1847 -0.1049 0.1951 -0.0829 -0.1788 -0.1022 0.0197 0.1081 -0.0362 0.0978 0.0989 0.2045 -0.0903 0.2393 0.1022 0.3650 -0.1443 0.3758 0.0938 0.3885 -0.1467 0.3947 0.1373 0.4015 -0.1613 0.4187
19: 0.0403 -0.1737 0.0368 -0.1926 0.0370 -0.1938 0.0369 -0.1952 0.0329 -0.1921 0.0302 -0.1925 0.0272 -0.1930 0.0272 -0.1925 0.0130 -0.1885 0.0398 -0.1578 0.0339 -0.1555 0.0575 -0.1045 -0.0411 -0.1015 0.1198 -0.0943 -0.1094 -0.1001 0.1818 -0.0896 -0.1666 -0.1008 0.1986 -0.0819 -0.1843 -0.1027 0.2014 -0.0832 -0.1848 -0.1045 0.1951 -0.0831 -0.1788 -0.1018 0.0196 0.1081 -0.0362 0.0978 0.0989 0.2045 -0.0904 0.2393 0.1022 0.3649 -0.1443 0.3758 0.0938 0.3884 -0.1467 0.3946 0.1372 0.4015 -0.1613 0.4187
20: 0.0398 -0.1738 0.0362 -0.1928 0.0364 -0.1939 0.0364 -0.1954 0.0323 -0.1921 0.0296 -0.1924 0.0266 -0.1929 0.0270 -0.1925 0.0125 -0.1884 0.0396 -0.1580 0.0337 -0.1556 0.0574 -0.1048 -0.0410 -0.1013 0.1199 -0.0949 -0.1094 -0.0993 0.1816 -0.0902 -0.1666 -0.1001 0.1985 -0.0825 -0.1842 -0.1022 0.2011 -0.0837 -0.1847 -0.1041 0.1949 -0.0837 -0.1788 -0.1013 0.0197 0.1083 -0.0361 0.0980 0.0989 0.2047 -0.0903 0.2395 0.1023 0.3651 -0.1442 0.3760 0.0939 0.3886 -0.1465 0.3948 0.1374 0.4017 -0.1612 0.4189
21: 0.0393 -0.1742 0.0356 -0.1930 0.0358 -0.1942 0.0358 -0.1956 0.0317 -0.1923 0.0290 -0.1926 0.0260 -0.1930 0.0267 -0.1925 0.0118 -0.1883 0.0393 -0.1584 0.0334 -0.1559 0.0571 -0.1052 -0.0409 -0.1012 0.1201 -0.0968 -0.1094 -0.0988 0.1817 -0.0907 -0.1666 -0.0997 0.1985 -0.0829 -0.1842 -0.1019 0.2011 -0.0840 -0.1847 -0.1037 0.1950 -0.0841 -0.1787 -0.1010 0.0197 0.1084 -0.0360 0.0982 0.0990 0.2048 -0.0903 0.2396 0.1024 0.3651 -0.1441 0.3761 0.0940 0.3887 -0.1464 0.3948 0.1375 0.4017 -0.1611 0.4190
22: 0.0384 -0.1743 0.0347 -0.1932 0.0349 -0.1943 0.0350 -0.1957 0.0308 -0.1924 0.0282 -0.1927 0.0251 -0.1931 0.0263 -0.1925 0.0107 -0.1883 0.0387 -0.1585 0.0329 -0.1560 0.0568 -0.1054 -0.0407 -0.1013 0.1202 -0.0982 -0.1095 -0.0983 0.1808 -0.0925 -0.1669 -0.0992 0.1977 -0.0843 -0.1845 -0.1017 0.2002 -0.0854 -0.1849 -0.1035 0.1941 -0.0858 -0.1791 -0.1007 0.0199 0.1085 -0.0358 0.0982 0.0992 0.2048 -0.0902 0.2396 0.1026 0.3650 -0.1439 0.3760 0.0941 0.3887 -0.1462 0.3947 0.1376 0.4017 -0.1609 0.4190
23: 0.0379 -0.1743 0.0341 -0.1931 0.0343 -0.1942 0.0344 -0.1956 0.0303 -0.1923 0.0277 -0.1926 0.0246 -0.1930 0.0258 -0.1924 0.0101 -0.1882 0.0383 -0.1584 0.0326 -0.1559 0.0566 -0.1056 -0.0408 -0.1012 0.1202 -0.0995 -0.1100 -0.0977 0.1806 -0.0946 -0.1677 -0.0986 0.1976 -0.0861 -0.1852 -0.1015 0.2000 -0.0872 -0.1856 -0.1033 0.1940 -0.0877 -0.1799 -0.1005 0.0201 0.1086 -0.0357 0.0984 0.0994 0.2049 -0.0901 0.2397 0.1028 0.3651 -0.1437 0.3760 0.0943 0.3887 -0.1459 0.3946 0.1378 0.4017 -0.1607 0.4191
24: 0.0374 -0.1744 0.0335 -0.1931 0.0337 -0.1942 0.0338 -0.1956 0.0298 -0.1923 0.0272 -0.1926 0.0243 -0.1929 0.0251 -0.1923 0.0097 -0.1881 0.0378 -0.1585 0.0324 -0.1560 0.0563 -0.1059 -0.0409 -0.1011 0.1200 -0.1014 -0.1102 -0.0971 0.1806 -0.0988 -0.1677 -0.0978 0.1976 -0.0909 -0.1852 -0.1009 0.1999 -0.0917 -0.1856 -0.1028 0.1941 -0.0920 -0.1798 -0.0998 0.0203 0.1087 -0.0355 0.0985 0.0995 0.2050 -0.0899 0.2398 0.1030 0.3652 -0.1434 0.3761 0.0945 0.3889 -0.1457 0.3946 0.1380 0.4018 -0.1605 0.4192
25: 0.0370 -0.1743 0.0329 -0.1930 0.0331 -0.1941 0.0332 -0.1955 0.0293 -0.1922 0.0268 -0.1925 0.0239 -0.1928 0.0246 -0.1921 0.0092 -0.1880 0.0375 -0.1584 0.0322 -0.1559 0.0559 -0.1063 -0.0411 -0.1011 0.1199 -0.1029 -0.1104 -0.0965 0.1801 -0.1024 -0.1675 -0.0971 0.1970 -0.0952 -0.1850 -0.1000 0.1989 -0.0960 -0.1854 -0.1020 0.1933 -0.0960 -0.1796 -0.0991 0.0205 0.1088 -0.0353 0.0986 0.0996 0.2050 -0.0897 0.2399 0.1032 0.3653 -0.1432 0.3762 0.0947 0.3891 -0.1454 0.3946 0.1381 0.4019 -0.1603 0.4192
26: 0.0368 -0.1741 0.0325 -0.1927 0.0326 -0.1938 0.0326 -0.1952 0.0290 -0.1919 0.0266 -0.1922 0.0238 -0.1925 0.0240 -0.1917 0.0090 -0.1876 0.0373 -0.1583 0.0322 -0.1558 0.0556 -0.1067 -0.0413 -0.1009 0.1193 -0.1042 -0.1106 -0.0959 0.1790 -0.1064 -0.1673 -0.0962 0.1952 -0.1009 -0.1849 -0.0990 0.1964 -0.1016 -0.1852 -0.1011 0.1911 -0.1012 -0.1795 -0.0983 0.0208 0.1088 -0.0351 0.0987 0.0999 0.2050 -0.0894 0.2399 0.1035 0.3663 -0.1429 0.3763 0.0949 0.3899 -0.1450 0.3947 0.1383 0.4020 -0.1600 0.4189
27: 0.0362 -0.1741 0.0315 -0.1926 0.0316 -0.1937 0.0316 -0.1951 0.0283 -0.1917 0.0259 -0.1920 0.0231 -0.1923 0.0230 -0.1915 0.0084 -0.1873 0.0369 -0.1584 0.0319 -0.1560 0.0555 -0.1072 -0.0414 -0.1005 0.1191 -0.1057 -0.1106 -0.0952 0.1790 -0.1093 -0.1673 -0.0953 0.1947 -0.1050 -0.1849 -0.0979 0.1958 -0.1059 -0.1853 -0.1000 0.1906 -0.1051 -0.1795 -0.0971 0.0209 0.1090 -0.0350 0.0989 0.0998 0.2052 -0.0894 0.2401 0.1035 0.3682 -0.1428 0.3764 0.0950 0.3911 -0.1448 0.3948 0.1385 0.4021 -0.1599 0.4191
28: 0.0353 -0.1742 0.0305 -0.1928 0.0305 -0.1939 0.0306 -0.1952 0.0274 -0.1918 0.0250 -0.1920 0.0222 -0.1923 0.0220 -0.1914 0.0071 -0.1870 0.0361 -0.1587 0.0312 -0.1563 0.0553 -0.1077 -0.0415 -0.1003 0.1183 -0.1081 -0.1105 -0.0947 0.1779 -0.1133 -0.1673 -0.0947 0.1933 -0.1107 -0.1849 -0.0973 0.1943 -0.1108 -0.1853 -0.0993 0.1889 -0.1093 -0.1795 -0.0964 0.0210 0.1089 -0.0349 0.0989 0.0997 0.2053 -0.0893 0.2401 0.1035 0.3693 -0.1427 0.3763 0.0951 0.3918 -0.1446 0.3948 0.1386 0.4021 -0.1598 0.4190
29: 0.0344 -0.1756 0.0296 -0.1939 0.0297 -0.1949 0.0297 -0.1961 0.0267 -0.1929 0.0244 -0.1930 0.0216 -0.1931 0.0210 -0.1915 0.0068 -0.1871 0.0353 -0.1602 0.0306 -0.1580 0.0550 -0.1080 -0.0415 -0.1002 0.1180 -0.1112 -0.1104 -0.0942 0.1776 -0.1189 -0.1671 -0.0939 0.1929 -0.1174 -0.1847 -0.0962 0.1939 -0.1175 -0.1851 -0.0983 0.1884 -0.1153 -0.1794 -0.0954 0.0212 0.1090 -0.0347 0.0991 0.0998 0.2055 -0.0892 0.2402 0.1037 0.3701 -0.1425 0.3764 0.0953 0.3925 -0.1444 0.3949 0.1387 0.4021 -0.1596 0.4190
30: 0.0333 -0.1762 0.0287 -0.1943 0.0287 -0.1953 0.0288 -0.1964 0.0259 -0.1931 0.0235 -0.1931 0.0208 -0.1932 0.0202 -0.1914 0.0059 -0.1869 0.0343 -0.1609 0.0298 -0.1586 0.0549 -0.1085 -0.0416 -0.0998 0.1179 -0.1140 -0.1106 -0.0934 0.1780 -0.1236 -0.1674 -0.0927 0.1935 -0.1224 -0.1850 -0.0953 0.1946 -0.1224 -0.1854 -0.0973 0.1890 -0.1198 -0.1796 -0.0945 0.0214 0.1090 -0.0345 0.0992 0.0998 0.2057 -0.0890 0.2404 0.1039 0.3706 -0.1423 0.3765 0.0956 0.3929 -0.1441 0.3950 0.1388 0.4022 -0.1593 0.4191
31: 0.0326 -0.1760 0.0279 -0.1941 0.0280 -0.1951 0.0280 -0.1962 0.0253 -0.1928 0.0230 -0.1929 0.0202 -0.1929 0.0193 -0.1910 0.0049 -0.1863 0.0336 -0.1608 0.0292 -0.1584 0.0547 -0.1097 -0.0419 -0.0991 0.1176 -0.1165 -0.1105 -0.0925 0.1777 -0.1285 -0.1671 -0.0913 0.1936 -0.1277 -0.1846 -0.0937 0.1945 -0.1276 -0.1851 -0.0956 0.1886 -0.1249 -0.1793 -0.0928 0.0216 0.1092 -0.0343 0.0995 0.0997 0.2060 -0.0888 0.2407 0.1042 0.3710 -0.1420 0.3769 0.0959 0.3934 -0.1438 0.3955 0.1390 0.4025 -0.1590 0.4194
32: 0.0316 -0.1766 0.0267 -0.1948 0.0267 -0.1957 0.0267 -0.1968 0.0241 -0.1933 0.0219 -0.1932 0.0192 -0.1930 0.0182 -0.1908 0.0037 -0.1860 0.0327 -0.1613 0.0283 -0.1587 0.0548 -0.1110 -0.0422 -0.0981 0.1178 -0.1182 -0.1106 -0.0914 0.1780 -0.1345 -0.1670 -0.0896 0.1938 -0.1325 -0.1844 -0.0921 0.1949 -0.1330 -0.1849 -0.0939 0.1890 -0.1307 -0.1791 -0.0910 0.0218 0.1093 -0.0342 0.0998 0.0993 0.2062 -0.0888 0.2413 0.1044 0.3717 -0.1419 0.3776 0.0961 0.3941 -0.1438 0.3964 0.1392 0.4030 -0.1589 0.4197
33: 0.0309 -0.1777 0.0260 -0.1958 0.0259 -0.1967 0.0259 -0.1976 0.0235 -0.1942 0.0214 -0.1939 0.0187 -0.1935 0.0172 -0.1905 0.0033 -0.1855 0.0321 -0.1623 0.0278 -0.1596 0.0547 -0.1124 -0.0425 -0.0971 0.1179 -0.1206 -0.1110 -0.0900 0.1780 -0.1410 -0.1676 -0.0881 0.1942 -0.1392 -0.1849 -0.0909 0.1953 -0.1403 -0.1854 -0.0928 0.1894 -0.1378 -0.1797 -0.0898 0.0219 0.1093 -0.0341 0.1003 0.0989 0.2066 -0.0888 0.2420 0.1046 0.3724 -0.1418 0.3785 0.0963 0.3949 -0.1441 0.3973 0.1394 0.4037 -0.1587 0.4202
34: 0.0297 -0.1794 0.0249 -0.1970 0.0248 -0.1977 0.0248 -0.1985 0.0225 -0.1954 0.0204 -0.1949 0.0177 -0.1944 0.0165 -0.1904 0.0026 -0.1852 0.0311 -0.1635 0.0270 -0.1607 0.0544 -0.1136 -0.0426 -0.0965 0.1173 -0.1234 -0.1111 -0.0887 0.1758 -0.1465 -0.1675 -0.0861 0.1919 -0.1457 -0.1848 -0.0890 0.1925 -0.1458 -0.1854 -0.0908 0.1861 -0.1437 -0.1796 -0.0878 0.0220 0.1094 -0.0340 0.1007 0.0986 0.2069 -0.0887 0.2425 0.1048 0.3729 -0.1418 0.3794 0.0964 0.3956 -0.1443 0.3980 0.1395 0.4045 -0.1585 0.4207
35: 0.0290 -0.1798 0.0243 -0.1973 0.0243 -0.1980 0.0243 -0.1987 0.0218 -0.1957 0.0197 -0.1952 0.0170 -0.1947 0.0160 -0.1903 0.0019 -0.1849 0.0305 -0.1638 0.0265 -0.1609 0.0539 -0.1147 -0.0425 -0.0959 0.1149 -0.1276 -0.1109 -0.0872 0.1728 -0.1526 -0.1673 -0.0842 0.1884 -0.1528 -0.1846 -0.0869 0.1892 -0.1523 -0.1851 -0.0888 0.1828 -0.1497 -0.1793 -0.0860 0.0223 0.1094 -0.0337 0.1011 0.0988 0.2072 -0.0884 0.2429 0.1051 0.3733 -0.1415 0.3805 0.0966 0.3960 -0.1440 0.3993 0.1398 0.4051 -0.1581 0.4210
36: 0.0278 -0.1797 0.0235 -0.1972 0.0235 -0.1979 0.0236 -0.1987 0.0206 -0.1956 0.0182 -0.1951 0.0152 -0.1946 0.0159 -0.1902 -0.0001 -0.1844 0.0296 -0.1636 0.0252 -0.1607 0.0534 -0.1160 -0.0426 -0.0953 0.1144 -0.1311 -0.1111 -0.0858 0.1724 -0.1585 -0.1678 -0.0819 0.1884 -0.1592 -0.1848 -0.0846 0.1891 -0.1584 -0.1853 -0.0866 0.1827 -0.1552 -0.1796 -0.0837 0.0226 0.1097 -0.0335 0.1016 0.0990 0.2077 -0.0882 0.2433 0.1053 0.3731 -0.1412 0.3811 0.0968 0.3965 -0.1438 0.3999 0.1400 0.4057 -0.1576 0.4214
37: 0.0265 -0.1802 0.0225 -0.1976 0.0226 -0.1983 0.0228 -0.1991 0.0192 -0.1959 0.0167 -0.1953 0.0136 -0.1947 0.0155 -0.1904 -0.0015 -0.1841 0.0286 -0.1639 0.0240 -0.1608 0.0529 -0.1171 -0.0425 -0.0949 0.1137 -0.1359 -0.1112 -0.0846 0.1708 -0.1647 -0.1676 -0.0799 0.1872 -0.1672 -0.1846 -0.0823 0.1880 -0.1665 -0.1851 -0.0843 0.1814 -0.1630 -0.1794 -0.0815 0.0229 0.1099 -0.0331 0.1020 0.0993 0.2080 -0.0879 0.2433 0.1056 0.3730 -0.1408 0.3810 0.0969 0.3968 -0.1436 0.4000 0.1403 0.4061 -0.1568 0.4212
38: 0.0251 -0.1798 0.0214 -0.1975 0.0217 -0.1982 0.0221 -0.1990 0.0178 -0.1956 0.0151 -0.1949 0.0117 -0.1943 0.0154 -0.1902 -0.0029 -0.1836 0.0274 -0.1635 0.0226 -0.1603 0.0521 -0.1185 -0.0425 -0.0942 0.1132 -0.1404 -0.1112 -0.0832 0.1697 -0.1719 -0.1677 -0.0781 0.1861 -0.1757 -0.1846 -0.0800 0.1870 -0.1748 -0.1851 -0.0820 0.1807 -0.1713 -0.1794 -0.0794 0.0232 0.1104 -0.0328 0.1025 0.0996 0.2084 -0.0876 0.2437 0.1058 0.3724 -0.1405 0.3815 0.0967 0.3971 -0.1435 0.4006 0.1406 0.4065 -0.1564 0.4215
39: 0.0244 -0.1796 0.0207 -0.1975 0.0212 -0.1982 0.0216 -0.1990 0.0170 -0.1955 0.0141 -0.1948 0.0106 -0.1941 0.0150 -0.1900 -0.0041 -0.1832 0.0268 -0.1633 0.0218 -0.1600 0.0514 -0.1198 -0.0425 -0.0936 0.1125 -0.1457 -0.1108 -0.0820 0.1682 -0.1780 -0.1673 -0.0767 0.1848 -0.1819 -0.1842 -0.0783 0.1859 -0.1799 -0.1847 -0.0803 0.1799 -0.1764 -0.1790 -0.0778 0.0235 0.1107 -0.0324 0.1028 0.1000 0.2083 -0.0872 0.2436 0.1059 0.3708 -0.1401 0.3817 0.0964 0.3966 -0.1432 0.4009 0.1408 0.4066 -0.1557 0.4218
40: 0.0233 -0.1798 0.0199 -0.1978 0.0204 -0.1985 0.0210 -0.1992 0.0158 -0.1956 0.0128 -0.1949 0.0093 -0.1941 0.0150 -0.1902 -0.0051 -0.1831 0.0258 -0.1634 0.0205 -0.1601 0.0507 -0.1203 -0.0427 -0.0932 0.1117 -0.1492 -0.1113 -0.0809 0.1671 -0.1851 -0.1678 -0.0756 0.1835 -0.1897 -0.1847 -0.0770 0.1842 -0.1878 -0.1852 -0.0791 0.1784 -0.1844 -0.1796 -0.0765 0.0239 0.1107 -0.0321 0.1028 0.1004 0.2078 -0.0868 0.2431 0.1057 0.3698 -0.1399 0.3818 0.0957 0.3960 -0.1431 0.4013 0.1403 0.4064 -0.1554 0.4217
