1: -0.0297 -0.1036 -0.0327 -0.1080 -0.0321 -0.1089 -0.0315 -0.1099 -0.0343 -0.1032 -0.0349 -0.1007 -0.0355 -0.0981 -0.0295 -0.1037 -0.0368 -0.0872 -0.0246 -0.0984 -0.0269 -0.0919 0.0005 -0.0896 -0.0333 -0.0306 -0.0178 -0.1541 -0.0481 0.0364 -0.0454 -0.2010 -0.0231 0.0344 -0.0529 -0.2100 -0.0182 0.0366 -0.0552 -0.2079 -0.0179 0.0278 -0.0532 -0.2044 -0.0198 0.0267 0.0308 0.0559 0.0020 0.0643 0.0341 0.1826 -0.0143 0.1825 0.0396 0.3033 -0.0214 0.3029 0.0387 0.3206 -0.0157 0.3173 0.0355 0.3267 -0.0402 0.3367
2: -0.0328 -0.1011 -0.0345 -0.1074 -0.0334 -0.1088 -0.0324 -0.1101 -0.0374 -0.1015 -0.0382 -0.0990 -0.0390 -0.0965 -0.0292 -0.1046 -0.0389 -0.0860 -0.0267 -0.0966 -0.0310 -0.0895 0.0008 -0.0911 -0.0330 -0.0313 -0.0179 -0.1549 -0.0479 0.0353 -0.0472 -0.1994 -0.0233 0.0339 -0.0551 -0.2082 -0.0177 0.0355 -0.0574 -0.2051 -0.0176 0.0272 -0.0549 -0.2014 -0.0195 0.0258 0.0310 0.0575 0.0013 0.0649 0.0342 0.1833 -0.0148 0.1837 0.0394 0.3008 -0.0218 0.3015 0.0389 0.3169 -0.0156 0.3164 0.0354 0.3254 -0.0380 0.3345
3: -0.0339 -0.0998 -0.0354 -0.1066 -0.0342 -0.1082 -0.0329 -0.1097 -0.0385 -0.1005 -0.0394 -0.0979 -0.0403 -0.0953 -0.0290 -0.1048 -0.0399 -0.0846 -0.0275 -0.0955 -0.0322 -0.0882 0.0010 -0.0926 -0.0327 -0.0317 -0.0190 -0.1558 -0.0478 0.0344 -0.0492 -0.1988 -0.0222 0.0362 -0.0576 -0.2058 -0.0153 0.0371 -0.0595 -0.2028 -0.0150 0.0306 -0.0564 -0.1995 -0.0174 0.0282 0.0312 0.0584 0.0007 0.0656 0.0341 0.1825 -0.0147 0.1843 0.0394 0.2983 -0.0218 0.3004 0.0391 0.3142 -0.0155 0.3154 0.0348 0.3246 -0.0372 0.3331
4: -0.0342 -0.0987 -0.0360 -0.1054 -0.0348 -0.1071 -0.0335 -0.1088 -0.0389 -0.0988 -0.0398 -0.0961 -0.0407 -0.0934 -0.0292 -0.1043 -0.0402 -0.0830 -0.0278 -0.0947 -0.0324 -0.0869 0.0009 -0.0942 -0.0325 -0.0313 -0.0204 -0.1566 -0.0476 0.0348 -0.0517 -0.1951 -0.0206 0.0384 -0.0608 -0.2031 -0.0132 0.0382 -0.0623 -0.1992 -0.0128 0.0334 -0.0587 -0.1947 -0.0154 0.0304 0.0312 0.0592 0.0002 0.0661 0.0339 0.1825 -0.0146 0.1840 0.0391 0.2964 -0.0215 0.2978 0.0385 0.3113 -0.0154 0.3138 0.0342 0.3243 -0.0364 0.3325
5: -0.0343 -0.0977 -0.0362 -0.1047 -0.0350 -0.1065 -0.0338 -0.1083 -0.0392 -0.0978 -0.0401 -0.0951 -0.0410 -0.0922 -0.0295 -0.1039 -0.0406 -0.0820 -0.0281 -0.0938 -0.0328 -0.0855 0.0010 -0.0947 -0.0322 -0.0312 -0.0208 -0.1560 -0.0473 0.0346 -0.0530 -0.1910 -0.0199 0.0391 -0.0627 -0.2004 -0.0125 0.0388 -0.0644 -0.1954 -0.0123 0.0335 -0.0610 -0.1899 -0.0146 0.0310 0.0311 0.0594 -0.0000 0.0663 0.0339 0.1819 -0.0143 0.1836 0.0390 0.2937 -0.0209 0.2949 0.0382 0.3083 -0.0146 0.3117 0.0345 0.3231 -0.0361 0.3322
6: -0.0342 -0.0965 -0.0361 -0.1040 -0.0351 -0.1060 -0.0340 -0.1079 -0.0390 -0.0969 -0.0400 -0.0941 -0.0409 -0.0911 -0.0298 -0.1037 -0.0405 -0.0816 -0.0281 -0.0927 -0.0327 -0.0842 0.0010 -0.0951 -0.0320 -0.0311 -0.0216 -0.1556 -0.0471 0.0348 -0.0547 -0.1885 -0.0192 0.0400 -0.0643 -0.1973 -0.0118 0.0398 -0.0663 -0.1919 -0.0116 0.0338 -0.0631 -0.1864 -0.0139 0.0318 0.0309 0.0597 -0.0001 0.0665 0.0336 0.1814 -0.0142 0.1831 0.0391 0.2925 -0.0205 0.2943 0.0382 0.3072 -0.0142 0.3112 0.0346 0.3223 -0.0360 0.3320
7: -0.0343 -0.0963 -0.0363 -0.1035 -0.0353 -0.1054 -0.0342 -0.1072 -0.0390 -0.0965 -0.0399 -0.0938 -0.0409 -0.0908 -0.0303 -0.1028 -0.0404 -0.0814 -0.0282 -0.0924 -0.0326 -0.0842 0.0009 -0.0955 -0.0318 -0.0308 -0.0223 -0.1546 -0.0468 0.0356 -0.0562 -0.1862 -0.0186 0.0424 -0.0660 -0.1948 -0.0111 0.0429 -0.0678 -0.1899 -0.0108 0.0362 -0.0647 -0.1844 -0.0133 0.0337 0.0308 0.0597 -0.0001 0.0665 0.0334 0.1811 -0.0140 0.1827 0.0393 0.2920 -0.0202 0.2940 0.0383 0.3071 -0.0140 0.3109 0.0348 0.3212 -0.0359 0.3316
8: -0.0348 -0.0950 -0.0367 -0.1013 -0.0357 -0.1029 -0.0347 -0.1045 -0.0393 -0.0951 -0.0402 -0.0926 -0.0411 -0.0897 -0.0308 -0.1004 -0.0403 -0.0807 -0.0289 -0.0912 -0.0330 -0.0836 0.0008 -0.0955 -0.0316 -0.0307 -0.0233 -0.1538 -0.0466 0.0362 -0.0580 -0.1833 -0.0183 0.0429 -0.0683 -0.1903 -0.0107 0.0437 -0.0696 -0.1866 -0.0104 0.0369 -0.0663 -0.1818 -0.0129 0.0349 0.0304 0.0596 0.0001 0.0668 0.0330 0.1812 -0.0138 0.1823 0.0395 0.2922 -0.0200 0.2939 0.0385 0.3074 -0.0138 0.3110 0.0341 0.3209 -0.0357 0.3313
9: -0.0351 -0.0937 -0.0371 -0.1001 -0.0362 -0.1018 -0.0352 -0.1034 -0.0396 -0.0937 -0.0405 -0.0911 -0.0414 -0.0880 -0.0314 -0.0993 -0.0404 -0.0797 -0.0293 -0.0901 -0.0333 -0.0824 0.0007 -0.0958 -0.0314 -0.0307 -0.0242 -0.1532 -0.0464 0.0365 -0.0588 -0.1816 -0.0180 0.0429 -0.0693 -0.1882 -0.0105 0.0439 -0.0707 -0.1848 -0.0103 0.0371 -0.0671 -0.1804 -0.0128 0.0346 0.0304 0.0596 0.0003 0.0668 0.0327 0.1814 -0.0135 0.1820 0.0397 0.2920 -0.0198 0.2936 0.0387 0.3072 -0.0136 0.3107 0.0343 0.3203 -0.0356 0.3310
10: -0.0356 -0.0939 -0.0376 -0.1002 -0.0367 -0.1019 -0.0359 -0.1035 -0.0400 -0.0936 -0.0409 -0.0909 -0.0418 -0.0877 -0.0320 -0.0989 -0.0407 -0.0791 -0.0297 -0.0901 -0.0336 -0.0824 0.0005 -0.0961 -0.0314 -0.0304 -0.0256 -0.1529 -0.0462 0.0368 -0.0599 -0.1805 -0.0178 0.0434 -0.0702 -0.1863 -0.0103 0.0448 -0.0715 -0.1830 -0.0101 0.0381 -0.0680 -0.1791 -0.0125 0.0350 0.0305 0.0596 0.0003 0.0668 0.0326 0.1815 -0.0133 0.1818 0.0399 0.2922 -0.0196 0.2935 0.0390 0.3075 -0.0135 0.3106 0.0346 0.3201 -0.0355 0.3308
11: -0.0357 -0.0940 -0.0380 -0.1003 -0.0371 -0.1020 -0.0363 -0.1036 -0.0402 -0.0934 -0.0411 -0.0905 -0.0420 -0.0872 -0.0325 -0.0986 -0.0410 -0.0785 -0.0297 -0.0902 -0.0336 -0.0823 0.0001 -0.0962 -0.0312 -0.0302 -0.0264 -0.1526 -0.0459 0.0371 -0.0611 -0.1797 -0.0175 0.0435 -0.0713 -0.1852 -0.0101 0.0445 -0.0727 -0.1820 -0.0099 0.0385 -0.0691 -0.1783 -0.0123 0.0353 0.0307 0.0596 0.0004 0.0669 0.0326 0.1816 -0.0130 0.1818 0.0402 0.2926 -0.0193 0.2935 0.0393 0.3080 -0.0132 0.3106 0.0351 0.3201 -0.0352 0.3308
12: -0.0359 -0.0941 -0.0382 -0.1002 -0.0374 -0.1019 -0.0366 -0.1034 -0.0403 -0.0934 -0.0412 -0.0904 -0.0422 -0.0871 -0.0328 -0.0983 -0.0411 -0.0784 -0.0297 -0.0903 -0.0336 -0.0824 -0.0001 -0.0963 -0.0313 -0.0301 -0.0266 -0.1521 -0.0457 0.0372 -0.0615 -0.1776 -0.0173 0.0434 -0.0716 -0.1831 -0.0098 0.0443 -0.0730 -0.1798 -0.0097 0.0385 -0.0695 -0.1761 -0.0121 0.0352 0.0308 0.0597 0.0005 0.0669 0.0326 0.1816 -0.0127 0.1815 0.0405 0.2929 -0.0190 0.2933 0.0397 0.3083 -0.0129 0.3104 0.0355 0.3199 -0.0349 0.3306
13: -0.0357 -0.0942 -0.0380 -0.1004 -0.0372 -0.1020 -0.0364 -0.1035 -0.0402 -0.0935 -0.0410 -0.0905 -0.0421 -0.0871 -0.0329 -0.0981 -0.0411 -0.0783 -0.0296 -0.0904 -0.0334 -0.0825 -0.0002 -0.0964 -0.0313 -0.0302 -0.0269 -0.1519 -0.0455 0.0372 -0.0621 -0.1761 -0.0170 0.0431 -0.0719 -0.1816 -0.0096 0.0439 -0.0733 -0.1784 -0.0094 0.0380 -0.0698 -0.1748 -0.0118 0.0349 0.0309 0.0597 0.0005 0.0668 0.0326 0.1819 -0.0124 0.1814 0.0408 0.2935 -0.0187 0.2932 0.0401 0.3088 -0.0127 0.3102 0.0358 0.3198 -0.0346 0.3303
14: -0.0359 -0.0940 -0.0382 -0.0999 -0.0374 -0.1015 -0.0366 -0.1030 -0.0403 -0.0932 -0.0412 -0.0902 -0.0422 -0.0868 -0.0330 -0.0975 -0.0411 -0.0781 -0.0298 -0.0901 -0.0335 -0.0824 -0.0003 -0.0964 -0.0313 -0.0301 -0.0271 -0.1514 -0.0454 0.0374 -0.0624 -0.1750 -0.0167 0.0429 -0.0721 -0.1806 -0.0093 0.0435 -0.0734 -0.1774 -0.0092 0.0377 -0.0700 -0.1735 -0.0116 0.0346 0.0311 0.0596 0.0006 0.0668 0.0328 0.1820 -0.0120 0.1813 0.0411 0.2937 -0.0184 0.2930 0.0404 0.3091 -0.0125 0.3100 0.0362 0.3197 -0.0344 0.3300
15: -0.0360 -0.0934 -0.0381 -0.0992 -0.0373 -0.1008 -0.0365 -0.1023 -0.0403 -0.0928 -0.0412 -0.0899 -0.0422 -0.0867 -0.0329 -0.0972 -0.0410 -0.0779 -0.0298 -0.0897 -0.0337 -0.0820 -0.0003 -0.0964 -0.0313 -0.0301 -0.0276 -0.1522 -0.0455 0.0376 -0.0632 -0.1735 -0.0172 0.0428 -0.0729 -0.1788 -0.0100 0.0434 -0.0742 -0.1757 -0.0096 0.0376 -0.0707 -0.1719 -0.0120 0.0345 0.0310 0.0596 0.0007 0.0669 0.0328 0.1822 -0.0118 0.1813 0.0413 0.2939 -0.0181 0.2931 0.0406 0.3093 -0.0123 0.3100 0.0361 0.3198 -0.0342 0.3299
16: -0.0361 -0.0929 -0.0381 -0.0987 -0.0373 -0.1003 -0.0364 -0.1018 -0.0404 -0.0924 -0.0413 -0.0896 -0.0423 -0.0865 -0.0327 -0.0970 -0.0410 -0.0778 -0.0299 -0.0893 -0.0338 -0.0816 -0.0004 -0.0965 -0.0313 -0.0301 -0.0283 -0.1528 -0.0455 0.0379 -0.0642 -0.1733 -0.0176 0.0426 -0.0738 -0.1786 -0.0102 0.0431 -0.0750 -0.1755 -0.0101 0.0367 -0.0716 -0.1717 -0.0124 0.0341 0.0310 0.0595 0.0008 0.0669 0.0328 0.1822 -0.0115 0.1812 0.0415 0.2941 -0.0179 0.2930 0.0409 0.3095 -0.0122 0.3100 0.0360 0.3199 -0.0340 0.3298
17: -0.0364 -0.0920 -0.0383 -0.0979 -0.0374 -0.0995 -0.0365 -0.1010 -0.0406 -0.0916 -0.0415 -0.0889 -0.0424 -0.0858 -0.0327 -0.0967 -0.0410 -0.0775 -0.0301 -0.0886 -0.0341 -0.0810 -0.0006 -0.0965 -0.0313 -0.0299 -0.0287 -0.1532 -0.0454 0.0384 -0.0644 -0.1727 -0.0177 0.0425 -0.0743 -0.1781 -0.0102 0.0428 -0.0755 -0.1749 -0.0103 0.0360 -0.0720 -0.1711 -0.0125 0.0339 0.0310 0.0595 0.0009 0.0670 0.0329 0.1823 -0.0113 0.1813 0.0417 0.2943 -0.0177 0.2931 0.0411 0.3098 -0.0120 0.3100 0.0361 0.3201 -0.0339 0.3298
18: -0.0362 -0.0920 -0.0382 -0.0978 -0.0373 -0.0994 -0.0364 -0.1009 -0.0405 -0.0916 -0.0414 -0.0889 -0.0423 -0.0858 -0.0326 -0.0964 -0.0410 -0.0775 -0.0300 -0.0885 -0.0339 -0.0810 -0.0007 -0.0966 -0.0314 -0.0298 -0.0289 -0.1536 -0.0454 0.0386 -0.0650 -0.1723 -0.0177 0.0418 -0.0749 -0.1778 -0.0101 0.0417 -0.0760 -0.1747 -0.0102 0.0344 -0.0726 -0.1708 -0.0124 0.0326 0.0309 0.0593 0.0010 0.0669 0.0329 0.1823 -0.0111 0.1811 0.0418 0.2945 -0.0176 0.2929 0.0412 0.3100 -0.0120 0.3098 0.0361 0.3201 -0.0338 0.3295
19: -0.0359 -0.0919 -0.0379 -0.0977 -0.0371 -0.0993 -0.0362 -0.1007 -0.0402 -0.0916 -0.0411 -0.0888 -0.0421 -0.0857 -0.0324 -0.0961 -0.0408 -0.0774 -0.0298 -0.0883 -0.0337 -0.0808 -0.0006 -0.0965 -0.0313 -0.0296 -0.0287 -0.1538 -0.0453 0.0390 -0.0656 -0.1716 -0.0175 0.0415 -0.0755 -0.1772 -0.0099 0.0410 -0.0767 -0.1742 -0.0100 0.0335 -0.0732 -0.1703 -0.0122 0.0320 0.0309 0.0592 0.0012 0.0670 0.0330 0.1823 -0.0109 0.1810 0.0420 0.2946 -0.0174 0.2928 0.0414 0.3101 -0.0119 0.3097 0.0363 0.3202 -0.0336 0.3293
20: -0.0360 -0.0916 -0.0381 -0.0976 -0.0372 -0.0992 -0.0363 -0.1006 -0.0403 -0.0913 -0.0412 -0.0885 -0.0422 -0.0854 -0.0326 -0.0961 -0.0408 -0.0773 -0.0298 -0.0882 -0.0337 -0.0807 -0.0008 -0.0966 -0.0313 -0.0294 -0.0288 -0.1539 -0.0452 0.0392 -0.0662 -0.1707 -0.0173 0.0414 -0.0762 -0.1764 -0.0097 0.0407 -0.0773 -0.1733 -0.0098 0.0330 -0.0738 -0.1693 -0.0121 0.0316 0.0309 0.0591 0.0012 0.0670 0.0331 0.1824 -0.0108 0.1810 0.0420 0.2946 -0.0173 0.2927 0.0415 0.3100 -0.0118 0.3096 0.0364 0.3203 -0.0335 0.3292
21: -0.0361 -0.0912 -0.0383 -0.0973 -0.0375 -0.0989 -0.0366 -0.1005 -0.0405 -0.0907 -0.0414 -0.0879 -0.0423 -0.0848 -0.0328 -0.0961 -0.0409 -0.0772 -0.0299 -0.0881 -0.0337 -0.0806 -0.0009 -0.0965 -0.0313 -0.0293 -0.0289 -0.1540 -0.0451 0.0395 -0.0669 -0.1699 -0.0172 0.0411 -0.0768 -0.1760 -0.0095 0.0401 -0.0779 -0.1726 -0.0097 0.0324 -0.0744 -0.1685 -0.0120 0.0312 0.0310 0.0590 0.0012 0.0669 0.0332 0.1822 -0.0107 0.1809 0.0421 0.2944 -0.0172 0.2926 0.0416 0.3098 -0.0118 0.3094 0.0365 0.3202 -0.0335 0.3289
22: -0.0361 -0.0905 -0.0384 -0.0969 -0.0375 -0.0987 -0.0367 -0.1003 -0.0406 -0.0901 -0.0415 -0.0872 -0.0424 -0.0840 -0.0329 -0.0961 -0.0410 -0.0769 -0.0299 -0.0878 -0.0337 -0.0802 -0.0012 -0.0964 -0.0313 -0.0291 -0.0289 -0.1540 -0.0450 0.0397 -0.0678 -0.1693 -0.0169 0.0409 -0.0776 -0.1755 -0.0091 0.0397 -0.0787 -0.1720 -0.0093 0.0318 -0.0753 -0.1679 -0.0117 0.0307 0.0311 0.0589 0.0012 0.0668 0.0333 0.1821 -0.0107 0.1808 0.0422 0.2942 -0.0171 0.2924 0.0417 0.3096 -0.0118 0.3092 0.0367 0.3202 -0.0334 0.3286
23: -0.0362 -0.0893 -0.0385 -0.0960 -0.0377 -0.0979 -0.0369 -0.0997 -0.0407 -0.0889 -0.0416 -0.0860 -0.0425 -0.0830 -0.0331 -0.0960 -0.0411 -0.0766 -0.0300 -0.0873 -0.0337 -0.0795 -0.0013 -0.0964 -0.0313 -0.0290 -0.0293 -0.1538 -0.0449 0.0399 -0.0683 -0.1685 -0.0166 0.0408 -0.0781 -0.1750 -0.0087 0.0393 -0.0793 -0.1713 -0.0089 0.0314 -0.0758 -0.1671 -0.0114 0.0304 0.0312 0.0588 0.0013 0.0667 0.0334 0.1820 -0.0106 0.1808 0.0423 0.2941 -0.0170 0.2923 0.0418 0.3095 -0.0117 0.3091 0.0370 0.3202 -0.0333 0.3285
24: -0.0362 -0.0888 -0.0387 -0.0958 -0.0379 -0.0978 -0.0371 -0.0996 -0.0409 -0.0885 -0.0418 -0.0856 -0.0426 -0.0826 -0.0332 -0.0962 -0.0412 -0.0766 -0.0300 -0.0871 -0.0337 -0.0793 -0.0015 -0.0965 -0.0312 -0.0289 -0.0298 -0.1536 -0.0448 0.0402 -0.0689 -0.1684 -0.0162 0.0406 -0.0787 -0.1746 -0.0083 0.0391 -0.0799 -0.1709 -0.0085 0.0312 -0.0764 -0.1668 -0.0110 0.0302 0.0313 0.0587 0.0013 0.0666 0.0335 0.1819 -0.0105 0.1808 0.0423 0.2939 -0.0169 0.2922 0.0419 0.3093 -0.0116 0.3090 0.0372 0.3201 -0.0332 0.3284
25: -0.0362 -0.0866 -0.0386 -0.0945 -0.0379 -0.0968 -0.0370 -0.0990 -0.0409 -0.0867 -0.0418 -0.0838 -0.0426 -0.0809 -0.0331 -0.0962 -0.0412 -0.0762 -0.0300 -0.0860 -0.0336 -0.0778 -0.0018 -0.0965 -0.0311 -0.0289 -0.0306 -0.1530 -0.0446 0.0403 -0.0698 -0.1678 -0.0158 0.0406 -0.0795 -0.1741 -0.0079 0.0390 -0.0807 -0.1704 -0.0081 0.0311 -0.0773 -0.1663 -0.0106 0.0302 0.0314 0.0587 0.0014 0.0665 0.0336 0.1819 -0.0104 0.1808 0.0424 0.2938 -0.0168 0.2922 0.0420 0.3092 -0.0115 0.3090 0.0373 0.3201 -0.0331 0.3284
26: -0.0361 -0.0843 -0.0386 -0.0930 -0.0379 -0.0958 -0.0370 -0.0983 -0.0409 -0.0848 -0.0418 -0.0820 -0.0426 -0.0794 -0.0330 -0.0964 -0.0411 -0.0757 -0.0299 -0.0848 -0.0335 -0.0761 -0.0018 -0.0964 -0.0309 -0.0288 -0.0312 -0.1525 -0.0444 0.0405 -0.0697 -0.1668 -0.0156 0.0407 -0.0794 -0.1730 -0.0077 0.0391 -0.0807 -0.1693 -0.0078 0.0312 -0.0773 -0.1652 -0.0104 0.0303 0.0315 0.0588 0.0015 0.0666 0.0337 0.1820 -0.0103 0.1810 0.0425 0.2937 -0.0168 0.2924 0.0421 0.3091 -0.0115 0.3091 0.0374 0.3202 -0.0330 0.3284
27: -0.0361 -0.0829 -0.0387 -0.0921 -0.0379 -0.0952 -0.0371 -0.0980 -0.0410 -0.0835 -0.0419 -0.0808 -0.0427 -0.0782 -0.0330 -0.0970 -0.0413 -0.0752 -0.0299 -0.0838 -0.0336 -0.0747 -0.0019 -0.0964 -0.0308 -0.0288 -0.0315 -0.1523 -0.0441 0.0406 -0.0702 -0.1666 -0.0156 0.0409 -0.0797 -0.1726 -0.0076 0.0392 -0.0810 -0.1688 -0.0078 0.0314 -0.0776 -0.1649 -0.0104 0.0305 0.0315 0.0588 0.0015 0.0665 0.0337 0.1820 -0.0104 0.1813 0.0425 0.2933 -0.0168 0.2924 0.0421 0.3087 -0.0115 0.3091 0.0375 0.3201 -0.0330 0.3283
28: -0.0363 -0.0805 -0.0388 -0.0901 -0.0380 -0.0936 -0.0372 -0.0969 -0.0412 -0.0816 -0.0421 -0.0791 -0.0429 -0.0767 -0.0331 -0.0972 -0.0414 -0.0747 -0.0299 -0.0820 -0.0337 -0.0727 -0.0021 -0.0964 -0.0308 -0.0289 -0.0319 -0.1514 -0.0439 0.0408 -0.0706 -0.1662 -0.0156 0.0411 -0.0800 -0.1721 -0.0076 0.0393 -0.0813 -0.1682 -0.0078 0.0315 -0.0780 -0.1644 -0.0104 0.0307 0.0314 0.0588 0.0014 0.0664 0.0336 0.1819 -0.0105 0.1813 0.0424 0.2930 -0.0169 0.2923 0.0420 0.3084 -0.0116 0.3090 0.0375 0.3199 -0.0331 0.3281
29: -0.0364 -0.0795 -0.0390 -0.0891 -0.0382 -0.0927 -0.0373 -0.0963 -0.0415 -0.0806 -0.0423 -0.0782 -0.0430 -0.0758 -0.0331 -0.0972 -0.0415 -0.0743 -0.0300 -0.0812 -0.0337 -0.0719 -0.0022 -0.0964 -0.0307 -0.0289 -0.0324 -0.1512 -0.0437 0.0412 -0.0713 -0.1658 -0.0155 0.0411 -0.0807 -0.1713 -0.0076 0.0393 -0.0819 -0.1674 -0.0078 0.0315 -0.0786 -0.1637 -0.0103 0.0307 0.0314 0.0588 0.0014 0.0664 0.0337 0.1818 -0.0105 0.1815 0.0424 0.2928 -0.0169 0.2923 0.0420 0.3082 -0.0116 0.3090 0.0377 0.3197 -0.0331 0.3281
30: -0.0367 -0.0789 -0.0393 -0.0884 -0.0384 -0.0921 -0.0375 -0.0957 -0.0417 -0.0800 -0.0425 -0.0776 -0.0431 -0.0753 -0.0331 -0.0972 -0.0416 -0.0739 -0.0301 -0.0807 -0.0338 -0.0715 -0.0023 -0.0964 -0.0307 -0.0289 -0.0335 -0.1516 -0.0435 0.0417 -0.0719 -0.1655 -0.0154 0.0410 -0.0813 -0.1707 -0.0074 0.0389 -0.0825 -0.1668 -0.0078 0.0314 -0.0791 -0.1631 -0.0103 0.0305 0.0314 0.0588 0.0014 0.0664 0.0337 0.1818 -0.0105 0.1815 0.0424 0.2926 -0.0169 0.2923 0.0420 0.3081 -0.0116 0.3090 0.0377 0.3197 -0.0331 0.3280
31: -0.0367 -0.0775 -0.0393 -0.0871 -0.0384 -0.0907 -0.0375 -0.0945 -0.0417 -0.0787 -0.0425 -0.0765 -0.0432 -0.0742 -0.0331 -0.0971 -0.0416 -0.0733 -0.0301 -0.0795 -0.0338 -0.0703 -0.0023 -0.0963 -0.0306 -0.0288 -0.0335 -0.1508 -0.0433 0.0422 -0.0719 -0.1649 -0.0152 0.0410 -0.0813 -0.1702 -0.0071 0.0386 -0.0825 -0.1662 -0.0077 0.0311 -0.0790 -0.1624 -0.0101 0.0303 0.0315 0.0589 0.0015 0.0664 0.0337 0.1818 -0.0105 0.1816 0.0424 0.2926 -0.0168 0.2923 0.0420 0.3080 -0.0116 0.3090 0.0377 0.3196 -0.0331 0.3280
32: -0.0368 -0.0770 -0.0394 -0.0866 -0.0385 -0.0902 -0.0376 -0.0940 -0.0419 -0.0782 -0.0426 -0.0760 -0.0432 -0.0737 -0.0331 -0.0971 -0.0416 -0.0729 -0.0301 -0.0790 -0.0339 -0.0699 -0.0024 -0.0964 -0.0306 -0.0287 -0.0337 -0.1511 -0.0433 0.0426 -0.0720 -0.1648 -0.0151 0.0407 -0.0815 -0.1699 -0.0069 0.0381 -0.0826 -0.1659 -0.0077 0.0307 -0.0792 -0.1622 -0.0101 0.0299 0.0316 0.0588 0.0015 0.0663 0.0337 0.1816 -0.0104 0.1815 0.0424 0.2925 -0.0168 0.2923 0.0420 0.3079 -0.0116 0.3090 0.0377 0.3194 -0.0331 0.3279
33: -0.0369 -0.0759 -0.0396 -0.0857 -0.0387 -0.0894 -0.0377 -0.0933 -0.0420 -0.0774 -0.0427 -0.0753 -0.0434 -0.0730 -0.0331 -0.0970 -0.0417 -0.0724 -0.0302 -0.0781 -0.0339 -0.0691 -0.0027 -0.0964 -0.0306 -0.0286 -0.0340 -0.1511 -0.0432 0.0430 -0.0727 -0.1644 -0.0150 0.0406 -0.0819 -0.1690 -0.0069 0.0379 -0.0830 -0.1651 -0.0075 0.0304 -0.0796 -0.1615 -0.0100 0.0296 0.0316 0.0588 0.0016 0.0663 0.0338 0.1815 -0.0104 0.1814 0.0424 0.2925 -0.0168 0.2923 0.0420 0.3079 -0.0115 0.3090 0.0377 0.3193 -0.0331 0.3279
34: -0.0370 -0.0752 -0.0396 -0.0850 -0.0387 -0.0887 -0.0378 -0.0926 -0.0421 -0.0767 -0.0428 -0.0746 -0.0434 -0.0723 -0.0331 -0.0968 -0.0418 -0.0718 -0.0302 -0.0773 -0.0340 -0.0684 -0.0030 -0.0965 -0.0305 -0.0284 -0.0342 -0.1513 -0.0431 0.0433 -0.0730 -0.1641 -0.0150 0.0404 -0.0822 -0.1684 -0.0068 0.0376 -0.0832 -0.1645 -0.0076 0.0301 -0.0799 -0.1609 -0.0100 0.0293 0.0317 0.0587 0.0017 0.0662 0.0338 0.1814 -0.0104 0.1813 0.0424 0.2924 -0.0167 0.2922 0.0420 0.3078 -0.0114 0.3089 0.0377 0.3191 -0.0331 0.3278
35: -0.0371 -0.0742 -0.0398 -0.0841 -0.0388 -0.0878 -0.0378 -0.0918 -0.0422 -0.0759 -0.0429 -0.0739 -0.0435 -0.0717 -0.0331 -0.0966 -0.0419 -0.0715 -0.0303 -0.0765 -0.0340 -0.0678 -0.0031 -0.0966 -0.0304 -0.0282 -0.0347 -0.1514 -0.0430 0.0437 -0.0735 -0.1637 -0.0148 0.0403 -0.0828 -0.1678 -0.0067 0.0375 -0.0839 -0.1639 -0.0075 0.0300 -0.0805 -0.1602 -0.0099 0.0292 0.0319 0.0586 0.0018 0.0662 0.0340 0.1814 -0.0103 0.1814 0.0425 0.2924 -0.0166 0.2922 0.0421 0.3078 -0.0112 0.3089 0.0378 0.3191 -0.0330 0.3279
36: -0.0373 -0.0736 -0.0400 -0.0835 -0.0390 -0.0871 -0.0380 -0.0912 -0.0424 -0.0753 -0.0431 -0.0733 -0.0438 -0.0711 -0.0332 -0.0964 -0.0421 -0.0712 -0.0304 -0.0760 -0.0341 -0.0673 -0.0033 -0.0967 -0.0304 -0.0281 -0.0353 -0.1514 -0.0429 0.0439 -0.0738 -0.1633 -0.0148 0.0399 -0.0831 -0.1674 -0.0067 0.0371 -0.0843 -0.1633 -0.0075 0.0296 -0.0808 -0.1596 -0.0099 0.0287 0.0319 0.0586 0.0019 0.0661 0.0341 0.1814 -0.0102 0.1814 0.0425 0.2924 -0.0165 0.2922 0.0421 0.3077 -0.0110 0.3089 0.0378 0.3190 -0.0330 0.3279
37: -0.0374 -0.0734 -0.0402 -0.0833 -0.0392 -0.0871 -0.0382 -0.0912 -0.0426 -0.0751 -0.0433 -0.0730 -0.0440 -0.0708 -0.0334 -0.0964 -0.0422 -0.0710 -0.0305 -0.0759 -0.0342 -0.0671 -0.0035 -0.0967 -0.0304 -0.0281 -0.0357 -0.1514 -0.0429 0.0440 -0.0741 -0.1630 -0.0148 0.0398 -0.0835 -0.1672 -0.0067 0.0370 -0.0847 -0.1630 -0.0075 0.0294 -0.0812 -0.1593 -0.0099 0.0284 0.0319 0.0586 0.0020 0.0661 0.0342 0.1814 -0.0101 0.1814 0.0425 0.2924 -0.0165 0.2922 0.0421 0.3077 -0.0109 0.3090 0.0378 0.3189 -0.0330 0.3279
38: -0.0375 -0.0723 -0.0403 -0.0823 -0.0393 -0.0861 -0.0383 -0.0903 -0.0427 -0.0741 -0.0434 -0.0721 -0.0441 -0.0700 -0.0335 -0.0960 -0.0423 -0.0705 -0.0305 -0.0751 -0.0342 -0.0663 -0.0036 -0.0966 -0.0304 -0.0280 -0.0360 -0.1514 -0.0428 0.0442 -0.0744 -0.1627 -0.0150 0.0398 -0.0839 -0.1670 -0.0068 0.0370 -0.0850 -0.1628 -0.0078 0.0294 -0.0816 -0.1590 -0.0101 0.0283 0.0319 0.0586 0.0020 0.0661 0.0342 0.1814 -0.0101 0.1815 0.0425 0.2925 -0.0164 0.2923 0.0421 0.3078 -0.0108 0.3091 0.0380 0.3190 -0.0330 0.3280
39: -0.0379 -0.0716 -0.0406 -0.0818 -0.0397 -0.0855 -0.0387 -0.0897 -0.0430 -0.0737 -0.0436 -0.0718 -0.0443 -0.0697 -0.0338 -0.0957 -0.0424 -0.0705 -0.0308 -0.0746 -0.0344 -0.0660 -0.0037 -0.0966 -0.0304 -0.0280 -0.0361 -0.1514 -0.0427 0.0442 -0.0746 -0.1624 -0.0154 0.0395 -0.0842 -0.1668 -0.0074 0.0368 -0.0854 -0.1624 -0.0082 0.0292 -0.0819 -0.1586 -0.0105 0.0280 0.0319 0.0586 0.0020 0.0661 0.0342 0.1814 -0.0101 0.1815 0.0425 0.2924 -0.0164 0.2924 0.0421 0.3077 -0.0108 0.3091 0.0381 0.3189 -0.0329 0.3280
40: -0.0380 -0.0715 -0.0407 -0.0817 -0.0398 -0.0855 -0.0387 -0.0896 -0.0430 -0.0736 -0.0436 -0.0717 -0.0443 -0.0697 -0.0338 -0.0956 -0.0423 -0.0705 -0.0309 -0.0745 -0.0345 -0.0659 -0.0036 -0.0966 -0.0304 -0.0279 -0.0361 -0.1514 -0.0426 0.0442 -0.0747 -0.1620 -0.0157 0.0392 -0.0844 -0.1663 -0.0077 0.0366 -0.0856 -0.1619 -0.0085 0.0288 -0.0821 -0.1581 -0.0109 0.0271 0.0320 0.0586 0.0021 0.0661 0.0343 0.1815 -0.0100 0.1815 0.0426 0.2924 -0.0163 0.2924 0.0422 0.3077 -0.0106 0.3091 0.0383 0.3189 -0.0328 0.3280
