1: 0.0621 -0.0680 0.0686 -0.0671 0.0688 -0.0637 0.0691 -0.0603 0.0678 -0.0785 0.0674 -0.0830 0.0670 -0.0875 0.0668 -0.0592 0.0619 -0.0939 0.0564 -0.0604 0.0548 -0.0735 0.0465 -0.0024 0.0270 -0.1116 0.0428 0.0737 0.0722 -0.1755 0.0102 0.0893 0.1226 -0.2105 -0.0006 0.0968 0.1360 -0.2160 -0.0032 0.0871 0.1379 -0.2114 -0.0007 0.0827 0.1338 -0.2082 -0.0199 0.0646 -0.0536 0.0494 0.0067 0.1922 -0.0607 0.1825 0.0268 0.3313 -0.0584 0.3161 0.0202 0.3592 -0.0545 0.3363 0.0431 0.3606 -0.0610 0.3549
2: 0.0630 -0.0668 0.0695 -0.0657 0.0697 -0.0625 0.0700 -0.0593 0.0687 -0.0767 0.0683 -0.0811 0.0678 -0.0854 0.0675 -0.0588 0.0629 -0.0913 0.0573 -0.0601 0.0557 -0.0729 0.0463 -0.0021 0.0279 -0.1115 0.0437 0.0721 0.0732 -0.1751 0.0111 0.0896 0.1235 -0.2102 0.0001 0.0971 0.1371 -0.2148 -0.0025 0.0874 0.1390 -0.2093 -0.0001 0.0830 0.1348 -0.2067 -0.0204 0.0642 -0.0539 0.0493 0.0076 0.1923 -0.0598 0.1838 0.0274 0.3321 -0.0576 0.3192 0.0212 0.3589 -0.0536 0.3403 0.0440 0.3613 -0.0565 0.3549
3: 0.0637 -0.0656 0.0703 -0.0641 0.0705 -0.0610 0.0708 -0.0579 0.0695 -0.0751 0.0691 -0.0795 0.0686 -0.0839 0.0682 -0.0583 0.0637 -0.0896 0.0580 -0.0598 0.0565 -0.0724 0.0462 -0.0015 0.0287 -0.1117 0.0443 0.0715 0.0740 -0.1742 0.0120 0.0898 0.1242 -0.2096 0.0009 0.0974 0.1379 -0.2125 -0.0019 0.0877 0.1397 -0.2067 0.0006 0.0833 0.1354 -0.2046 -0.0209 0.0641 -0.0540 0.0491 0.0085 0.1922 -0.0591 0.1858 0.0282 0.3325 -0.0568 0.3219 0.0222 0.3585 -0.0528 0.3427 0.0453 0.3616 -0.0548 0.3560
4: 0.0643 -0.0642 0.0709 -0.0626 0.0711 -0.0595 0.0713 -0.0566 0.0701 -0.0736 0.0697 -0.0780 0.0692 -0.0824 0.0687 -0.0577 0.0644 -0.0881 0.0585 -0.0592 0.0571 -0.0715 0.0461 -0.0011 0.0292 -0.1117 0.0443 0.0710 0.0749 -0.1730 0.0126 0.0902 0.1251 -0.2082 0.0015 0.0977 0.1386 -0.2107 -0.0013 0.0880 0.1405 -0.2048 0.0012 0.0837 0.1361 -0.2028 -0.0213 0.0641 -0.0539 0.0487 0.0091 0.1924 -0.0586 0.1865 0.0288 0.3328 -0.0563 0.3223 0.0230 0.3584 -0.0522 0.3433 0.0470 0.3619 -0.0528 0.3565
5: 0.0647 -0.0637 0.0713 -0.0620 0.0715 -0.0590 0.0717 -0.0562 0.0705 -0.0731 0.0701 -0.0775 0.0696 -0.0820 0.0690 -0.0575 0.0648 -0.0875 0.0588 -0.0589 0.0575 -0.0711 0.0461 -0.0009 0.0295 -0.1116 0.0445 0.0711 0.0755 -0.1712 0.0130 0.0903 0.1259 -0.2052 0.0017 0.0977 0.1392 -0.2067 -0.0013 0.0881 0.1411 -0.2015 0.0013 0.0839 0.1367 -0.1997 -0.0215 0.0640 -0.0540 0.0484 0.0094 0.1925 -0.0584 0.1869 0.0289 0.3330 -0.0559 0.3225 0.0234 0.3582 -0.0518 0.3436 0.0473 0.3621 -0.0518 0.3569
6: 0.0650 -0.0627 0.0717 -0.0614 0.0719 -0.0584 0.0721 -0.0557 0.0708 -0.0726 0.0704 -0.0770 0.0699 -0.0816 0.0693 -0.0573 0.0652 -0.0871 0.0591 -0.0583 0.0579 -0.0705 0.0462 -0.0007 0.0297 -0.1116 0.0445 0.0711 0.0760 -0.1691 0.0132 0.0903 0.1271 -0.2025 0.0018 0.0976 0.1404 -0.2028 -0.0012 0.0880 0.1420 -0.1980 0.0014 0.0838 0.1378 -0.1964 -0.0214 0.0640 -0.0543 0.0485 0.0096 0.1925 -0.0587 0.1870 0.0287 0.3330 -0.0556 0.3224 0.0237 0.3579 -0.0515 0.3435 0.0471 0.3621 -0.0514 0.3570
7: 0.0658 -0.0602 0.0726 -0.0592 0.0728 -0.0564 0.0729 -0.0538 0.0714 -0.0705 0.0709 -0.0752 0.0703 -0.0799 0.0696 -0.0563 0.0657 -0.0861 0.0596 -0.0567 0.0584 -0.0686 0.0458 -0.0004 0.0298 -0.1112 0.0433 0.0713 0.0771 -0.1666 0.0125 0.0907 0.1297 -0.1975 0.0012 0.0978 0.1427 -0.1973 -0.0014 0.0882 0.1444 -0.1919 0.0012 0.0841 0.1407 -0.1902 -0.0216 0.0637 -0.0542 0.0480 0.0094 0.1927 -0.0587 0.1874 0.0287 0.3332 -0.0554 0.3225 0.0239 0.3578 -0.0514 0.3436 0.0473 0.3623 -0.0507 0.3572
8: 0.0665 -0.0596 0.0733 -0.0585 0.0735 -0.0557 0.0737 -0.0532 0.0721 -0.0696 0.0716 -0.0743 0.0710 -0.0790 0.0703 -0.0557 0.0664 -0.0852 0.0603 -0.0562 0.0591 -0.0680 0.0459 -0.0001 0.0304 -0.1105 0.0434 0.0711 0.0778 -0.1630 0.0125 0.0903 0.1311 -0.1953 0.0011 0.0969 0.1443 -0.1942 -0.0015 0.0874 0.1460 -0.1881 0.0012 0.0835 0.1422 -0.1865 -0.0220 0.0630 -0.0542 0.0476 0.0096 0.1923 -0.0583 0.1885 0.0293 0.3328 -0.0548 0.3224 0.0246 0.3574 -0.0509 0.3433 0.0480 0.3618 -0.0474 0.3572
9: 0.0669 -0.0601 0.0737 -0.0587 0.0739 -0.0559 0.0741 -0.0533 0.0725 -0.0697 0.0720 -0.0743 0.0714 -0.0789 0.0707 -0.0551 0.0669 -0.0843 0.0607 -0.0567 0.0596 -0.0684 0.0458 0.0003 0.0308 -0.1100 0.0423 0.0705 0.0783 -0.1604 0.0128 0.0897 0.1323 -0.1895 0.0011 0.0957 0.1459 -0.1897 -0.0015 0.0863 0.1473 -0.1822 0.0013 0.0827 0.1434 -0.1803 -0.0223 0.0623 -0.0544 0.0474 0.0091 0.1917 -0.0585 0.1884 0.0296 0.3321 -0.0545 0.3218 0.0253 0.3564 -0.0507 0.3426 0.0484 0.3612 -0.0475 0.3566
10: 0.0672 -0.0609 0.0738 -0.0594 0.0741 -0.0566 0.0743 -0.0540 0.0727 -0.0703 0.0722 -0.0748 0.0717 -0.0792 0.0710 -0.0554 0.0672 -0.0838 0.0611 -0.0575 0.0599 -0.0690 0.0458 -0.0001 0.0312 -0.1095 0.0419 0.0702 0.0788 -0.1592 0.0126 0.0890 0.1328 -0.1817 -0.0002 0.0950 0.1469 -0.1821 -0.0023 0.0853 0.1481 -0.1748 0.0006 0.0818 0.1439 -0.1732 -0.0225 0.0618 -0.0546 0.0477 0.0088 0.1911 -0.0585 0.1880 0.0300 0.3315 -0.0542 0.3215 0.0258 0.3556 -0.0503 0.3422 0.0488 0.3604 -0.0442 0.3566
11: 0.0674 -0.0614 0.0741 -0.0593 0.0744 -0.0563 0.0746 -0.0536 0.0729 -0.0706 0.0724 -0.0751 0.0719 -0.0797 0.0713 -0.0542 0.0676 -0.0841 0.0614 -0.0579 0.0602 -0.0696 0.0459 0.0005 0.0316 -0.1098 0.0397 0.0708 0.0803 -0.1566 0.0119 0.0878 0.1343 -0.1768 -0.0011 0.0937 0.1486 -0.1766 -0.0026 0.0838 0.1498 -0.1698 0.0004 0.0804 0.1455 -0.1684 -0.0226 0.0615 -0.0548 0.0478 0.0090 0.1900 -0.0593 0.1868 0.0304 0.3303 -0.0544 0.3206 0.0263 0.3542 -0.0502 0.3410 0.0479 0.3595 -0.0475 0.3556
12: 0.0676 -0.0623 0.0744 -0.0598 0.0747 -0.0567 0.0750 -0.0539 0.0731 -0.0713 0.0726 -0.0759 0.0722 -0.0805 0.0717 -0.0540 0.0681 -0.0849 0.0617 -0.0585 0.0605 -0.0706 0.0461 0.0002 0.0322 -0.1098 0.0385 0.0707 0.0811 -0.1548 0.0120 0.0858 0.1348 -0.1744 -0.0013 0.0915 0.1491 -0.1747 -0.0029 0.0814 0.1504 -0.1691 0.0003 0.0782 0.1461 -0.1676 -0.0230 0.0618 -0.0551 0.0480 0.0096 0.1881 -0.0593 0.1848 0.0311 0.3287 -0.0543 0.3191 0.0271 0.3523 -0.0500 0.3391 0.0474 0.3577 -0.0502 0.3537
13: 0.0678 -0.0618 0.0745 -0.0600 0.0748 -0.0572 0.0751 -0.0546 0.0731 -0.0703 0.0726 -0.0746 0.0720 -0.0788 0.0718 -0.0550 0.0680 -0.0832 0.0621 -0.0584 0.0608 -0.0692 0.0463 -0.0006 0.0328 -0.1089 0.0355 0.0701 0.0819 -0.1523 0.0127 0.0850 0.1355 -0.1708 -0.0005 0.0908 0.1497 -0.1709 -0.0020 0.0807 0.1512 -0.1659 0.0012 0.0776 0.1468 -0.1649 -0.0235 0.0613 -0.0555 0.0483 0.0094 0.1871 -0.0589 0.1847 0.0317 0.3275 -0.0544 0.3183 0.0279 0.3511 -0.0502 0.3383 0.0490 0.3563 -0.0492 0.3530
14: 0.0682 -0.0616 0.0747 -0.0601 0.0751 -0.0577 0.0753 -0.0553 0.0734 -0.0692 0.0729 -0.0732 0.0724 -0.0769 0.0720 -0.0558 0.0684 -0.0816 0.0626 -0.0586 0.0613 -0.0684 0.0460 -0.0013 0.0332 -0.1081 0.0326 0.0691 0.0825 -0.1511 0.0138 0.0843 0.1364 -0.1683 0.0006 0.0905 0.1506 -0.1664 -0.0007 0.0801 0.1523 -0.1616 0.0026 0.0770 0.1478 -0.1616 -0.0237 0.0606 -0.0555 0.0488 0.0092 0.1863 -0.0586 0.1844 0.0323 0.3258 -0.0538 0.3166 0.0285 0.3494 -0.0496 0.3365 0.0504 0.3556 -0.0478 0.3523
15: 0.0688 -0.0586 0.0754 -0.0579 0.0757 -0.0558 0.0760 -0.0537 0.0741 -0.0672 0.0735 -0.0714 0.0730 -0.0756 0.0727 -0.0553 0.0691 -0.0816 0.0631 -0.0561 0.0619 -0.0658 0.0458 -0.0013 0.0338 -0.1082 0.0300 0.0686 0.0830 -0.1512 0.0149 0.0838 0.1373 -0.1674 0.0026 0.0897 0.1515 -0.1656 0.0009 0.0798 0.1533 -0.1604 0.0045 0.0766 0.1488 -0.1602 -0.0239 0.0605 -0.0558 0.0489 0.0095 0.1853 -0.0577 0.1838 0.0330 0.3245 -0.0529 0.3130 0.0285 0.3479 -0.0488 0.3326 0.0513 0.3549 -0.0468 0.3509
16: 0.0684 -0.0564 0.0754 -0.0562 0.0757 -0.0541 0.0760 -0.0521 0.0740 -0.0656 0.0734 -0.0702 0.0730 -0.0748 0.0727 -0.0547 0.0692 -0.0818 0.0626 -0.0540 0.0613 -0.0640 0.0456 -0.0008 0.0334 -0.1087 0.0322 0.0682 0.0832 -0.1512 0.0152 0.0836 0.1372 -0.1667 0.0033 0.0899 0.1515 -0.1655 0.0013 0.0807 0.1534 -0.1604 0.0050 0.0773 0.1490 -0.1601 -0.0235 0.0608 -0.0557 0.0488 0.0094 0.1852 -0.0580 0.1834 0.0329 0.3241 -0.0534 0.3122 0.0282 0.3475 -0.0492 0.3313 0.0510 0.3549 -0.0475 0.3502
17: 0.0675 -0.0564 0.0748 -0.0562 0.0753 -0.0541 0.0757 -0.0521 0.0731 -0.0661 0.0724 -0.0708 0.0719 -0.0754 0.0725 -0.0546 0.0684 -0.0822 0.0619 -0.0534 0.0601 -0.0640 0.0455 -0.0006 0.0330 -0.1089 0.0329 0.0681 0.0836 -0.1515 0.0152 0.0835 0.1375 -0.1658 0.0037 0.0898 0.1517 -0.1650 0.0015 0.0808 0.1537 -0.1598 0.0051 0.0774 0.1492 -0.1594 -0.0230 0.0607 -0.0553 0.0488 0.0095 0.1851 -0.0577 0.1837 0.0328 0.3240 -0.0532 0.3120 0.0277 0.3473 -0.0491 0.3309 0.0510 0.3548 -0.0473 0.3498
18: 0.0657 -0.0567 0.0733 -0.0565 0.0738 -0.0544 0.0744 -0.0523 0.0715 -0.0662 0.0708 -0.0713 0.0702 -0.0764 0.0719 -0.0547 0.0668 -0.0838 0.0606 -0.0537 0.0583 -0.0642 0.0455 -0.0004 0.0321 -0.1091 0.0333 0.0681 0.0831 -0.1516 0.0159 0.0835 0.1367 -0.1657 0.0046 0.0899 0.1510 -0.1647 0.0022 0.0811 0.1532 -0.1601 0.0057 0.0776 0.1488 -0.1594 -0.0226 0.0608 -0.0548 0.0487 0.0098 0.1851 -0.0574 0.1832 0.0330 0.3240 -0.0530 0.3115 0.0277 0.3473 -0.0487 0.3302 0.0511 0.3550 -0.0467 0.3491
19: 0.0653 -0.0578 0.0726 -0.0575 0.0732 -0.0552 0.0737 -0.0531 0.0710 -0.0673 0.0703 -0.0725 0.0697 -0.0777 0.0714 -0.0550 0.0659 -0.0850 0.0601 -0.0540 0.0578 -0.0651 0.0454 -0.0005 0.0316 -0.1091 0.0347 0.0681 0.0827 -0.1519 0.0157 0.0839 0.1365 -0.1662 0.0032 0.0910 0.1507 -0.1651 0.0013 0.0815 0.1530 -0.1608 0.0047 0.0780 0.1486 -0.1602 -0.0226 0.0609 -0.0543 0.0488 0.0102 0.1851 -0.0574 0.1827 0.0334 0.3242 -0.0523 0.3115 0.0281 0.3473 -0.0479 0.3304 0.0507 0.3551 -0.0456 0.3492
20: 0.0634 -0.0631 0.0710 -0.0612 0.0716 -0.0588 0.0722 -0.0564 0.0693 -0.0715 0.0686 -0.0763 0.0681 -0.0811 0.0705 -0.0563 0.0645 -0.0872 0.0587 -0.0575 0.0564 -0.0696 0.0451 -0.0005 0.0314 -0.1091 0.0354 0.0686 0.0824 -0.1520 0.0147 0.0838 0.1367 -0.1674 0.0019 0.0909 0.1508 -0.1665 -0.0000 0.0812 0.1531 -0.1619 0.0031 0.0777 0.1488 -0.1612 -0.0226 0.0609 -0.0541 0.0485 0.0098 0.1850 -0.0583 0.1806 0.0332 0.3242 -0.0523 0.3115 0.0279 0.3471 -0.0477 0.3305 0.0498 0.3551 -0.0451 0.3491
21: 0.0627 -0.0631 0.0703 -0.0616 0.0709 -0.0592 0.0716 -0.0568 0.0686 -0.0717 0.0680 -0.0765 0.0674 -0.0812 0.0700 -0.0566 0.0640 -0.0876 0.0581 -0.0576 0.0557 -0.0697 0.0450 -0.0005 0.0315 -0.1091 0.0350 0.0689 0.0827 -0.1528 0.0142 0.0838 0.1369 -0.1675 0.0013 0.0911 0.1511 -0.1667 -0.0003 0.0813 0.1533 -0.1622 0.0027 0.0777 0.1490 -0.1615 -0.0225 0.0610 -0.0539 0.0485 0.0096 0.1851 -0.0585 0.1805 0.0333 0.3245 -0.0523 0.3118 0.0280 0.3473 -0.0476 0.3308 0.0494 0.3554 -0.0450 0.3499
22: 0.0617 -0.0636 0.0696 -0.0621 0.0702 -0.0596 0.0709 -0.0572 0.0680 -0.0725 0.0674 -0.0772 0.0669 -0.0817 0.0697 -0.0566 0.0635 -0.0883 0.0573 -0.0578 0.0550 -0.0702 0.0452 -0.0004 0.0314 -0.1092 0.0345 0.0693 0.0824 -0.1541 0.0132 0.0840 0.1373 -0.1699 0.0002 0.0916 0.1513 -0.1699 -0.0009 0.0818 0.1533 -0.1634 0.0019 0.0781 0.1491 -0.1621 -0.0226 0.0614 -0.0538 0.0482 0.0095 0.1855 -0.0586 0.1795 0.0331 0.3250 -0.0523 0.3122 0.0279 0.3477 -0.0475 0.3315 0.0483 0.3561 -0.0448 0.3505
23: 0.0615 -0.0639 0.0693 -0.0625 0.0699 -0.0600 0.0706 -0.0575 0.0678 -0.0728 0.0672 -0.0775 0.0667 -0.0820 0.0695 -0.0570 0.0634 -0.0890 0.0573 -0.0581 0.0550 -0.0707 0.0453 -0.0013 0.0313 -0.1094 0.0347 0.0699 0.0816 -0.1551 0.0128 0.0846 0.1373 -0.1732 0.0003 0.0923 0.1511 -0.1736 -0.0017 0.0828 0.1529 -0.1666 0.0009 0.0790 0.1489 -0.1647 -0.0227 0.0623 -0.0539 0.0486 0.0093 0.1865 -0.0589 0.1791 0.0328 0.3260 -0.0523 0.3131 0.0274 0.3486 -0.0474 0.3325 0.0476 0.3571 -0.0449 0.3515
24: 0.0610 -0.0658 0.0689 -0.0641 0.0695 -0.0614 0.0702 -0.0589 0.0673 -0.0743 0.0668 -0.0786 0.0663 -0.0828 0.0693 -0.0579 0.0632 -0.0893 0.0570 -0.0595 0.0548 -0.0721 0.0454 -0.0014 0.0311 -0.1104 0.0348 0.0709 0.0815 -0.1579 0.0122 0.0853 0.1373 -0.1770 0.0001 0.0929 0.1509 -0.1787 -0.0025 0.0836 0.1526 -0.1717 0.0001 0.0797 0.1488 -0.1692 -0.0227 0.0629 -0.0539 0.0487 0.0091 0.1875 -0.0589 0.1777 0.0323 0.3268 -0.0526 0.3136 0.0268 0.3492 -0.0474 0.3334 0.0476 0.3581 -0.0446 0.3522
25: 0.0608 -0.0675 0.0687 -0.0654 0.0693 -0.0626 0.0699 -0.0600 0.0671 -0.0754 0.0667 -0.0794 0.0663 -0.0834 0.0691 -0.0585 0.0631 -0.0894 0.0568 -0.0610 0.0547 -0.0734 0.0455 -0.0014 0.0311 -0.1111 0.0349 0.0716 0.0812 -0.1611 0.0120 0.0859 0.1371 -0.1822 0.0001 0.0934 0.1506 -0.1831 -0.0029 0.0843 0.1521 -0.1766 -0.0003 0.0804 0.1483 -0.1741 -0.0227 0.0634 -0.0540 0.0489 0.0090 0.1883 -0.0590 0.1776 0.0318 0.3275 -0.0529 0.3143 0.0263 0.3498 -0.0478 0.3342 0.0478 0.3589 -0.0444 0.3530
26: 0.0609 -0.0691 0.0685 -0.0662 0.0692 -0.0632 0.0698 -0.0603 0.0670 -0.0766 0.0665 -0.0806 0.0660 -0.0846 0.0689 -0.0585 0.0626 -0.0909 0.0568 -0.0624 0.0546 -0.0753 0.0457 -0.0018 0.0310 -0.1113 0.0351 0.0718 0.0804 -0.1626 0.0121 0.0864 0.1361 -0.1864 0.0003 0.0937 0.1499 -0.1859 -0.0030 0.0847 0.1511 -0.1798 -0.0004 0.0808 0.1472 -0.1776 -0.0227 0.0639 -0.0539 0.0492 0.0089 0.1890 -0.0591 0.1773 0.0315 0.3280 -0.0531 0.3148 0.0259 0.3504 -0.0482 0.3348 0.0481 0.3595 -0.0442 0.3534
27: 0.0610 -0.0709 0.0685 -0.0676 0.0692 -0.0645 0.0697 -0.0615 0.0670 -0.0780 0.0665 -0.0818 0.0660 -0.0858 0.0688 -0.0596 0.0624 -0.0918 0.0569 -0.0640 0.0546 -0.0770 0.0459 -0.0020 0.0307 -0.1113 0.0352 0.0715 0.0799 -0.1635 0.0120 0.0863 0.1354 -0.1908 0.0005 0.0935 0.1494 -0.1901 -0.0029 0.0845 0.1506 -0.1846 -0.0004 0.0806 0.1467 -0.1826 -0.0227 0.0641 -0.0539 0.0493 0.0088 0.1894 -0.0606 0.1774 0.0312 0.3282 -0.0533 0.3152 0.0257 0.3507 -0.0486 0.3352 0.0482 0.3597 -0.0440 0.3536
28: 0.0611 -0.0724 0.0686 -0.0690 0.0692 -0.0657 0.0698 -0.0624 0.0672 -0.0797 0.0667 -0.0836 0.0662 -0.0876 0.0687 -0.0602 0.0626 -0.0931 0.0569 -0.0654 0.0547 -0.0786 0.0460 -0.0020 0.0304 -0.1112 0.0349 0.0718 0.0798 -0.1654 0.0115 0.0866 0.1334 -0.1937 0.0005 0.0937 0.1479 -0.1941 -0.0030 0.0848 0.1489 -0.1882 -0.0006 0.0808 0.1446 -0.1862 -0.0226 0.0644 -0.0539 0.0490 0.0087 0.1900 -0.0604 0.1782 0.0306 0.3288 -0.0536 0.3161 0.0254 0.3513 -0.0493 0.3358 0.0477 0.3598 -0.0464 0.3542
29: 0.0612 -0.0732 0.0687 -0.0700 0.0693 -0.0666 0.0698 -0.0633 0.0673 -0.0803 0.0669 -0.0841 0.0664 -0.0881 0.0687 -0.0607 0.0627 -0.0932 0.0568 -0.0663 0.0547 -0.0793 0.0461 -0.0017 0.0303 -0.1115 0.0347 0.0720 0.0800 -0.1679 0.0107 0.0872 0.1336 -0.1975 -0.0005 0.0943 0.1478 -0.1974 -0.0033 0.0854 0.1489 -0.1912 -0.0010 0.0813 0.1447 -0.1891 -0.0225 0.0645 -0.0538 0.0487 0.0087 0.1907 -0.0602 0.1794 0.0306 0.3295 -0.0540 0.3187 0.0256 0.3519 -0.0497 0.3375 0.0465 0.3597 -0.0496 0.3556
30: 0.0612 -0.0734 0.0687 -0.0703 0.0692 -0.0671 0.0697 -0.0639 0.0674 -0.0802 0.0670 -0.0839 0.0665 -0.0877 0.0686 -0.0611 0.0628 -0.0927 0.0567 -0.0670 0.0547 -0.0794 0.0461 -0.0017 0.0303 -0.1120 0.0347 0.0713 0.0801 -0.1691 0.0103 0.0874 0.1334 -0.2007 -0.0010 0.0946 0.1472 -0.1995 -0.0035 0.0856 0.1484 -0.1939 -0.0012 0.0816 0.1443 -0.1924 -0.0225 0.0649 -0.0538 0.0490 0.0085 0.1911 -0.0602 0.1821 0.0306 0.3299 -0.0547 0.3211 0.0259 0.3523 -0.0503 0.3400 0.0465 0.3597 -0.0510 0.3572
31: 0.0611 -0.0729 0.0687 -0.0699 0.0692 -0.0667 0.0697 -0.0636 0.0674 -0.0798 0.0671 -0.0835 0.0666 -0.0873 0.0685 -0.0612 0.0629 -0.0924 0.0567 -0.0669 0.0547 -0.0790 0.0461 -0.0019 0.0303 -0.1126 0.0350 0.0696 0.0802 -0.1704 0.0106 0.0868 0.1329 -0.2043 -0.0005 0.0941 0.1465 -0.2031 -0.0025 0.0851 0.1479 -0.1978 -0.0003 0.0812 0.1438 -0.1969 -0.0227 0.0651 -0.0538 0.0492 0.0085 0.1908 -0.0600 0.1827 0.0302 0.3297 -0.0547 0.3212 0.0260 0.3522 -0.0502 0.3402 0.0468 0.3589 -0.0506 0.3574
32: 0.0613 -0.0723 0.0689 -0.0693 0.0694 -0.0663 0.0699 -0.0632 0.0677 -0.0793 0.0673 -0.0831 0.0668 -0.0869 0.0687 -0.0614 0.0632 -0.0921 0.0569 -0.0665 0.0549 -0.0785 0.0463 -0.0021 0.0304 -0.1133 0.0352 0.0674 0.0803 -0.1715 0.0119 0.0854 0.1331 -0.2061 0.0019 0.0924 0.1466 -0.2058 -0.0014 0.0846 0.1481 -0.2005 0.0007 0.0807 0.1441 -0.1992 -0.0228 0.0656 -0.0539 0.0497 0.0086 0.1907 -0.0600 0.1824 0.0297 0.3299 -0.0548 0.3198 0.0257 0.3527 -0.0500 0.3398 0.0477 0.3580 -0.0503 0.3574
33: 0.0615 -0.0719 0.0691 -0.0690 0.0696 -0.0660 0.0701 -0.0629 0.0679 -0.0790 0.0675 -0.0828 0.0671 -0.0867 0.0688 -0.0614 0.0634 -0.0919 0.0570 -0.0662 0.0551 -0.0782 0.0463 -0.0019 0.0306 -0.1139 0.0351 0.0657 0.0804 -0.1724 0.0130 0.0850 0.1333 -0.2071 0.0047 0.0919 0.1468 -0.2066 0.0015 0.0847 0.1483 -0.2006 0.0034 0.0808 0.1442 -0.1992 -0.0229 0.0659 -0.0541 0.0500 0.0088 0.1906 -0.0623 0.1824 0.0293 0.3299 -0.0551 0.3196 0.0255 0.3527 -0.0505 0.3392 0.0480 0.3579 -0.0564 0.3576
34: 0.0619 -0.0716 0.0695 -0.0689 0.0700 -0.0660 0.0705 -0.0631 0.0683 -0.0785 0.0680 -0.0823 0.0675 -0.0861 0.0692 -0.0618 0.0640 -0.0911 0.0575 -0.0664 0.0556 -0.0780 0.0463 -0.0023 0.0310 -0.1142 0.0340 0.0628 0.0806 -0.1724 0.0137 0.0844 0.1334 -0.2072 0.0049 0.0915 0.1471 -0.2067 0.0033 0.0843 0.1486 -0.2008 0.0050 0.0805 0.1444 -0.1993 -0.0232 0.0661 -0.0541 0.0505 0.0090 0.1901 -0.0607 0.1856 0.0293 0.3294 -0.0549 0.3194 0.0258 0.3523 -0.0501 0.3388 0.0484 0.3574 -0.0546 0.3571
35: 0.0622 -0.0709 0.0697 -0.0683 0.0702 -0.0656 0.0707 -0.0627 0.0686 -0.0779 0.0682 -0.0819 0.0677 -0.0859 0.0694 -0.0620 0.0642 -0.0912 0.0577 -0.0660 0.0558 -0.0777 0.0462 -0.0024 0.0312 -0.1145 0.0343 0.0626 0.0805 -0.1723 0.0139 0.0842 0.1331 -0.2063 0.0051 0.0913 0.1469 -0.2058 0.0033 0.0841 0.1486 -0.2002 0.0051 0.0802 0.1443 -0.1987 -0.0233 0.0662 -0.0541 0.0504 0.0092 0.1899 -0.0603 0.1873 0.0287 0.3292 -0.0550 0.3190 0.0254 0.3520 -0.0500 0.3384 0.0479 0.3571 -0.0537 0.3567
36: 0.0625 -0.0700 0.0700 -0.0677 0.0705 -0.0649 0.0710 -0.0621 0.0689 -0.0775 0.0685 -0.0816 0.0680 -0.0859 0.0696 -0.0618 0.0644 -0.0914 0.0579 -0.0651 0.0561 -0.0771 0.0461 -0.0017 0.0313 -0.1147 0.0346 0.0634 0.0806 -0.1723 0.0141 0.0846 0.1333 -0.2057 0.0052 0.0911 0.1472 -0.2052 0.0035 0.0841 0.1488 -0.1997 0.0053 0.0803 0.1446 -0.1982 -0.0232 0.0661 -0.0541 0.0502 0.0093 0.1897 -0.0600 0.1871 0.0287 0.3291 -0.0552 0.3188 0.0254 0.3517 -0.0503 0.3381 0.0476 0.3568 -0.0534 0.3564
37: 0.0628 -0.0706 0.0703 -0.0684 0.0708 -0.0656 0.0713 -0.0628 0.0691 -0.0781 0.0687 -0.0823 0.0682 -0.0866 0.0699 -0.0623 0.0647 -0.0921 0.0582 -0.0653 0.0563 -0.0777 0.0462 -0.0017 0.0314 -0.1145 0.0353 0.0658 0.0806 -0.1706 0.0134 0.0845 0.1335 -0.2052 0.0029 0.0909 0.1473 -0.2058 0.0018 0.0834 0.1490 -0.1999 0.0039 0.0796 0.1448 -0.1985 -0.0232 0.0661 -0.0544 0.0501 0.0094 0.1892 -0.0600 0.1870 0.0286 0.3287 -0.0553 0.3185 0.0254 0.3510 -0.0501 0.3377 0.0469 0.3564 -0.0531 0.3558
38: 0.0631 -0.0710 0.0706 -0.0690 0.0711 -0.0662 0.0717 -0.0633 0.0694 -0.0787 0.0690 -0.0830 0.0685 -0.0873 0.0702 -0.0626 0.0649 -0.0927 0.0585 -0.0652 0.0566 -0.0778 0.0465 -0.0023 0.0315 -0.1142 0.0364 0.0685 0.0809 -0.1689 0.0124 0.0843 0.1341 -0.2040 0.0009 0.0905 0.1480 -0.2060 -0.0001 0.0826 0.1498 -0.2001 0.0021 0.0790 0.1457 -0.1989 -0.0232 0.0663 -0.0548 0.0502 0.0096 0.1887 -0.0599 0.1877 0.0289 0.3288 -0.0555 0.3183 0.0256 0.3506 -0.0500 0.3374 0.0471 0.3563 -0.0527 0.3554
39: 0.0636 -0.0703 0.0710 -0.0688 0.0715 -0.0660 0.0721 -0.0631 0.0698 -0.0788 0.0693 -0.0832 0.0688 -0.0876 0.0705 -0.0628 0.0652 -0.0932 0.0590 -0.0647 0.0571 -0.0773 0.0468 -0.0029 0.0318 -0.1142 0.0375 0.0698 0.0812 -0.1672 0.0112 0.0845 0.1349 -0.2007 -0.0006 0.0902 0.1487 -0.2036 -0.0017 0.0820 0.1504 -0.1970 0.0004 0.0784 0.1464 -0.1949 -0.0233 0.0669 -0.0551 0.0504 0.0094 0.1881 -0.0597 0.1883 0.0291 0.3284 -0.0556 0.3184 0.0258 0.3501 -0.0501 0.3373 0.0473 0.3560 -0.0523 0.3551
40: 0.0639 -0.0698 0.0712 -0.0684 0.0718 -0.0655 0.0723 -0.0626 0.0700 -0.0787 0.0695 -0.0833 0.0690 -0.0878 0.0705 -0.0624 0.0652 -0.0934 0.0592 -0.0643 0.0573 -0.0771 0.0468 -0.0031 0.0319 -0.1140 0.0381 0.0718 0.0824 -0.1655 0.0111 0.0849 0.1363 -0.1954 -0.0012 0.0904 0.1494 -0.2002 -0.0026 0.0818 0.1514 -0.1933 -0.0004 0.0782 0.1476 -0.1905 -0.0235 0.0669 -0.0554 0.0502 0.0089 0.1880 -0.0602 0.1891 0.0287 0.3282 -0.0561 0.3190 0.0255 0.3499 -0.0506 0.3374 0.0466 0.3558 -0.0523 0.3554
