1: 0.0006 -0.2582 0.0067 -0.2715 0.0103 -0.2706 0.0143 -0.2694 -0.0043 -0.2708 -0.0081 -0.2697 -0.0117 -0.2685 0.0216 -0.2545 -0.0166 -0.2513 0.0088 -0.2374 -0.0060 -0.2363 0.0493 -0.1460 -0.0450 -0.1546 0.1168 -0.1684 -0.0902 -0.2275 0.1858 -0.2335 -0.1432 -0.3217 0.2100 -0.2260 -0.1630 -0.3270 0.2092 -0.2308 -0.1631 -0.3303 0.2017 -0.2329 -0.1559 -0.3283 0.0266 0.1516 -0.0311 0.1491 0.0154 0.3685 -0.0263 0.3783 0.0204 0.5254 -0.0257 0.5609 0.0085 0.5734 -0.0229 0.5804 0.0092 0.6355 -0.0208 0.6360
2: -0.0002 -0.2582 0.0060 -0.2715 0.0098 -0.2706 0.0137 -0.2694 -0.0050 -0.2715 -0.0088 -0.2709 -0.0123 -0.2701 0.0213 -0.2541 -0.0171 -0.2532 0.0081 -0.2373 -0.0068 -0.2367 0.0512 -0.1459 -0.0451 -0.1547 0.1195 -0.1733 -0.0908 -0.2305 0.1866 -0.2381 -0.1440 -0.3272 0.2096 -0.2279 -0.1639 -0.3310 0.2090 -0.2324 -0.1636 -0.3343 0.2019 -0.2350 -0.1565 -0.3324 0.0258 0.1516 -0.0321 0.1489 0.0154 0.3738 -0.0277 0.3793 0.0166 0.5706 -0.0271 0.5706 0.0093 0.5983 -0.0237 0.5968 0.0091 0.6388 -0.0311 0.6390
3: -0.0002 -0.2580 0.0060 -0.2713 0.0100 -0.2703 0.0138 -0.2690 -0.0051 -0.2717 -0.0087 -0.2714 -0.0122 -0.2708 0.0216 -0.2534 -0.0171 -0.2543 0.0082 -0.2368 -0.0068 -0.2367 0.0519 -0.1456 -0.0450 -0.1546 0.1205 -0.1759 -0.0902 -0.2318 0.1868 -0.2411 -0.1430 -0.3319 0.2095 -0.2300 -0.1634 -0.3370 0.2089 -0.2349 -0.1623 -0.3401 0.2019 -0.2377 -0.1554 -0.3377 0.0256 0.1517 -0.0323 0.1485 0.0156 0.3749 -0.0282 0.3795 0.0142 0.5788 -0.0281 0.5751 0.0094 0.6047 -0.0242 0.6028 0.0090 0.6412 -0.0346 0.6413
4: -0.0002 -0.2580 0.0062 -0.2712 0.0103 -0.2701 0.0139 -0.2687 -0.0051 -0.2719 -0.0086 -0.2717 -0.0122 -0.2713 0.0218 -0.2528 -0.0172 -0.2550 0.0083 -0.2366 -0.0068 -0.2368 0.0522 -0.1454 -0.0450 -0.1548 0.1202 -0.1781 -0.0898 -0.2336 0.1867 -0.2469 -0.1411 -0.3377 0.2093 -0.2349 -0.1613 -0.3439 0.2088 -0.2390 -0.1598 -0.3469 0.2018 -0.2421 -0.1530 -0.3441 0.0255 0.1518 -0.0326 0.1485 0.0158 0.3783 -0.0286 0.3799 0.0134 0.5873 -0.0291 0.5800 0.0098 0.6131 -0.0249 0.6078 0.0089 0.6478 -0.0351 0.6460
5: -0.0001 -0.2578 0.0064 -0.2710 0.0106 -0.2698 0.0141 -0.2683 -0.0050 -0.2718 -0.0085 -0.2717 -0.0121 -0.2714 0.0220 -0.2524 -0.0171 -0.2552 0.0084 -0.2362 -0.0068 -0.2367 0.0522 -0.1452 -0.0449 -0.1548 0.1201 -0.1794 -0.0892 -0.2350 0.1866 -0.2523 -0.1369 -0.3414 0.2088 -0.2419 -0.1565 -0.3495 0.2084 -0.2445 -0.1552 -0.3528 0.2017 -0.2470 -0.1483 -0.3497 0.0255 0.1519 -0.0327 0.1482 0.0159 0.3790 -0.0287 0.3801 0.0133 0.5878 -0.0294 0.5812 0.0106 0.6142 -0.0250 0.6087 0.0089 0.6495 -0.0352 0.6476
6: -0.0002 -0.2575 0.0064 -0.2707 0.0107 -0.2694 0.0142 -0.2679 -0.0049 -0.2718 -0.0084 -0.2717 -0.0120 -0.2714 0.0222 -0.2519 -0.0170 -0.2552 0.0083 -0.2359 -0.0069 -0.2367 0.0522 -0.1451 -0.0447 -0.1548 0.1198 -0.1814 -0.0879 -0.2367 0.1861 -0.2558 -0.1330 -0.3459 0.2078 -0.2465 -0.1532 -0.3553 0.2074 -0.2487 -0.1522 -0.3590 0.2010 -0.2510 -0.1450 -0.3558 0.0253 0.1519 -0.0328 0.1480 0.0159 0.3789 -0.0290 0.3801 0.0130 0.5856 -0.0298 0.5807 0.0106 0.6125 -0.0252 0.6079 0.0088 0.6493 -0.0359 0.6477
7: -0.0002 -0.2570 0.0064 -0.2704 0.0108 -0.2691 0.0143 -0.2675 -0.0049 -0.2717 -0.0084 -0.2716 -0.0120 -0.2713 0.0223 -0.2515 -0.0170 -0.2551 0.0083 -0.2355 -0.0069 -0.2366 0.0524 -0.1449 -0.0447 -0.1550 0.1196 -0.1826 -0.0868 -0.2384 0.1853 -0.2578 -0.1310 -0.3498 0.2071 -0.2511 -0.1516 -0.3591 0.2066 -0.2542 -0.1506 -0.3635 0.1997 -0.2560 -0.1433 -0.3606 0.0252 0.1521 -0.0330 0.1479 0.0159 0.3793 -0.0291 0.3802 0.0127 0.5832 -0.0301 0.5800 0.0106 0.6105 -0.0254 0.6069 0.0093 0.6489 -0.0357 0.6475
8: -0.0002 -0.2565 0.0065 -0.2700 0.0108 -0.2686 0.0144 -0.2669 -0.0049 -0.2714 -0.0084 -0.2714 -0.0120 -0.2711 0.0224 -0.2509 -0.0170 -0.2550 0.0083 -0.2350 -0.0069 -0.2363 0.0525 -0.1447 -0.0446 -0.1551 0.1193 -0.1836 -0.0857 -0.2411 0.1838 -0.2601 -0.1282 -0.3551 0.2055 -0.2560 -0.1485 -0.3643 0.2048 -0.2595 -0.1471 -0.3684 0.1977 -0.2606 -0.1399 -0.3656 0.0251 0.1522 -0.0331 0.1478 0.0160 0.3792 -0.0292 0.3798 0.0128 0.5816 -0.0301 0.5795 0.0106 0.6093 -0.0254 0.6062 0.0106 0.6482 -0.0355 0.6474
9: -0.0001 -0.2558 0.0066 -0.2693 0.0110 -0.2679 0.0146 -0.2661 -0.0048 -0.2709 -0.0083 -0.2709 -0.0118 -0.2706 0.0225 -0.2502 -0.0168 -0.2546 0.0084 -0.2344 -0.0068 -0.2359 0.0526 -0.1443 -0.0444 -0.1550 0.1184 -0.1838 -0.0836 -0.2430 0.1828 -0.2618 -0.1247 -0.3584 0.2046 -0.2593 -0.1441 -0.3679 0.2042 -0.2623 -0.1429 -0.3729 0.1972 -0.2625 -0.1361 -0.3703 0.0250 0.1523 -0.0332 0.1471 0.0161 0.3794 -0.0292 0.3790 0.0130 0.5799 -0.0299 0.5793 0.0107 0.6085 -0.0252 0.6061 0.0125 0.6459 -0.0350 0.6466
10: -0.0001 -0.2548 0.0066 -0.2684 0.0110 -0.2669 0.0146 -0.2651 -0.0048 -0.2702 -0.0083 -0.2702 -0.0118 -0.2699 0.0226 -0.2492 -0.0167 -0.2541 0.0083 -0.2336 -0.0069 -0.2351 0.0527 -0.1437 -0.0443 -0.1545 0.1179 -0.1839 -0.0824 -0.2443 0.1814 -0.2638 -0.1211 -0.3624 0.2036 -0.2621 -0.1411 -0.3728 0.2035 -0.2652 -0.1403 -0.3784 0.1964 -0.2649 -0.1332 -0.3759 0.0250 0.1520 -0.0334 0.1462 0.0161 0.3789 -0.0293 0.3776 0.0126 0.5793 -0.0299 0.5752 0.0104 0.6068 -0.0251 0.6028 0.0124 0.6420 -0.0357 0.6420
11: -0.0002 -0.2543 0.0066 -0.2679 0.0110 -0.2663 0.0146 -0.2644 -0.0048 -0.2698 -0.0083 -0.2698 -0.0118 -0.2696 0.0227 -0.2486 -0.0166 -0.2538 0.0083 -0.2331 -0.0070 -0.2348 0.0528 -0.1433 -0.0441 -0.1543 0.1177 -0.1846 -0.0808 -0.2444 0.1807 -0.2669 -0.1177 -0.3649 0.2026 -0.2659 -0.1382 -0.3762 0.2020 -0.2695 -0.1376 -0.3822 0.1947 -0.2694 -0.1304 -0.3798 0.0249 0.1518 -0.0336 0.1459 0.0161 0.3785 -0.0294 0.3768 0.0123 0.5791 -0.0299 0.5728 0.0100 0.6050 -0.0251 0.6003 0.0125 0.6395 -0.0358 0.6401
12: -0.0002 -0.2535 0.0066 -0.2671 0.0110 -0.2655 0.0147 -0.2636 -0.0048 -0.2691 -0.0082 -0.2692 -0.0118 -0.2689 0.0228 -0.2480 -0.0165 -0.2534 0.0083 -0.2325 -0.0070 -0.2342 0.0530 -0.1429 -0.0439 -0.1542 0.1174 -0.1850 -0.0793 -0.2449 0.1786 -0.2696 -0.1153 -0.3682 0.2007 -0.2694 -0.1356 -0.3804 0.1999 -0.2730 -0.1353 -0.3864 0.1920 -0.2731 -0.1283 -0.3840 0.0249 0.1516 -0.0340 0.1455 0.0161 0.3773 -0.0295 0.3750 0.0120 0.5765 -0.0297 0.5674 0.0097 0.6007 -0.0246 0.5945 0.0122 0.6372 -0.0359 0.6358
13: -0.0001 -0.2520 0.0067 -0.2658 0.0111 -0.2642 0.0148 -0.2623 -0.0046 -0.2677 -0.0081 -0.2678 -0.0116 -0.2675 0.0230 -0.2467 -0.0163 -0.2521 0.0083 -0.2312 -0.0069 -0.2329 0.0532 -0.1420 -0.0438 -0.1537 0.1174 -0.1847 -0.0788 -0.2452 0.1764 -0.2708 -0.1138 -0.3724 0.1994 -0.2712 -0.1335 -0.3851 0.1984 -0.2758 -0.1331 -0.3916 0.1897 -0.2760 -0.1262 -0.3892 0.0248 0.1509 -0.0343 0.1445 0.0161 0.3760 -0.0296 0.3731 0.0120 0.5726 -0.0297 0.5595 0.0098 0.5960 -0.0245 0.5862 0.0108 0.6358 -0.0371 0.6284
14: 0.0000 -0.2515 0.0069 -0.2653 0.0113 -0.2637 0.0151 -0.2617 -0.0044 -0.2672 -0.0078 -0.2673 -0.0113 -0.2669 0.0233 -0.2462 -0.0159 -0.2516 0.0084 -0.2308 -0.0069 -0.2325 0.0534 -0.1417 -0.0434 -0.1535 0.1174 -0.1848 -0.0780 -0.2452 0.1751 -0.2743 -0.1113 -0.3736 0.1984 -0.2746 -0.1298 -0.3889 0.1975 -0.2789 -0.1296 -0.3954 0.1885 -0.2794 -0.1230 -0.3919 0.0245 0.1509 -0.0346 0.1444 0.0161 0.3760 -0.0297 0.3731 0.0113 0.5719 -0.0294 0.5599 0.0093 0.5955 -0.0239 0.5865 0.0099 0.6354 -0.0370 0.6285
15: 0.0000 -0.2514 0.0070 -0.2651 0.0114 -0.2634 0.0153 -0.2613 -0.0043 -0.2670 -0.0077 -0.2671 -0.0112 -0.2667 0.0236 -0.2458 -0.0156 -0.2514 0.0084 -0.2306 -0.0069 -0.2323 0.0535 -0.1415 -0.0429 -0.1534 0.1175 -0.1855 -0.0769 -0.2458 0.1734 -0.2790 -0.1093 -0.3782 0.1972 -0.2797 -0.1279 -0.3948 0.1962 -0.2843 -0.1278 -0.4008 0.1868 -0.2850 -0.1212 -0.3972 0.0243 0.1509 -0.0348 0.1440 0.0160 0.3761 -0.0298 0.3730 0.0109 0.5718 -0.0291 0.5602 0.0090 0.5955 -0.0236 0.5868 0.0091 0.6354 -0.0370 0.6285
16: -0.0001 -0.2513 0.0069 -0.2652 0.0114 -0.2635 0.0153 -0.2614 -0.0044 -0.2671 -0.0078 -0.2670 -0.0113 -0.2666 0.0238 -0.2457 -0.0155 -0.2515 0.0083 -0.2306 -0.0071 -0.2321 0.0535 -0.1416 -0.0423 -0.1529 0.1177 -0.1871 -0.0755 -0.2459 0.1725 -0.2848 -0.1065 -0.3814 0.1963 -0.2853 -0.1256 -0.3998 0.1950 -0.2901 -0.1253 -0.4056 0.1854 -0.2907 -0.1186 -0.4014 0.0238 0.1507 -0.0352 0.1437 0.0159 0.3759 -0.0299 0.3728 0.0107 0.5724 -0.0291 0.5610 0.0089 0.5963 -0.0237 0.5875 0.0089 0.6356 -0.0370 0.6293
17: -0.0001 -0.2512 0.0071 -0.2652 0.0116 -0.2634 0.0155 -0.2613 -0.0043 -0.2669 -0.0077 -0.2668 -0.0112 -0.2663 0.0241 -0.2455 -0.0153 -0.2514 0.0083 -0.2304 -0.0072 -0.2317 0.0537 -0.1414 -0.0418 -0.1526 0.1180 -0.1872 -0.0744 -0.2464 0.1717 -0.2885 -0.1039 -0.3832 0.1953 -0.2894 -0.1226 -0.4033 0.1936 -0.2947 -0.1222 -0.4085 0.1840 -0.2950 -0.1158 -0.4038 0.0235 0.1506 -0.0356 0.1434 0.0160 0.3758 -0.0297 0.3726 0.0107 0.5732 -0.0289 0.5622 0.0090 0.5974 -0.0235 0.5885 0.0090 0.6361 -0.0365 0.6307
18: -0.0000 -0.2510 0.0073 -0.2650 0.0118 -0.2633 0.0158 -0.2612 -0.0041 -0.2666 -0.0075 -0.2664 -0.0110 -0.2659 0.0245 -0.2453 -0.0149 -0.2514 0.0084 -0.2302 -0.0073 -0.2312 0.0539 -0.1413 -0.0412 -0.1525 0.1182 -0.1873 -0.0734 -0.2465 0.1699 -0.2907 -0.1012 -0.3857 0.1936 -0.2932 -0.1195 -0.4067 0.1920 -0.2991 -0.1187 -0.4123 0.1820 -0.2989 -0.1125 -0.4074 0.0233 0.1505 -0.0360 0.1432 0.0160 0.3757 -0.0296 0.3725 0.0108 0.5731 -0.0287 0.5622 0.0088 0.5975 -0.0235 0.5887 0.0097 0.6361 -0.0346 0.6316
19: -0.0001 -0.2499 0.0074 -0.2640 0.0119 -0.2623 0.0159 -0.2603 -0.0040 -0.2654 -0.0074 -0.2651 -0.0109 -0.2645 0.0247 -0.2447 -0.0148 -0.2506 0.0081 -0.2288 -0.0076 -0.2294 0.0540 -0.1410 -0.0408 -0.1524 0.1182 -0.1870 -0.0722 -0.2470 0.1672 -0.2917 -0.0980 -0.3885 0.1914 -0.2973 -0.1168 -0.4104 0.1900 -0.3031 -0.1156 -0.4154 0.1795 -0.3019 -0.1093 -0.4101 0.0230 0.1506 -0.0362 0.1427 0.0160 0.3749 -0.0295 0.3719 0.0109 0.5716 -0.0286 0.5623 0.0088 0.5963 -0.0238 0.5882 0.0110 0.6339 -0.0332 0.6318
20: -0.0001 -0.2488 0.0075 -0.2627 0.0120 -0.2611 0.0160 -0.2591 -0.0039 -0.2641 -0.0073 -0.2638 -0.0108 -0.2632 0.0249 -0.2439 -0.0145 -0.2501 0.0080 -0.2273 -0.0077 -0.2281 0.0540 -0.1402 -0.0404 -0.1521 0.1183 -0.1865 -0.0715 -0.2475 0.1651 -0.2948 -0.0945 -0.3882 0.1899 -0.3015 -0.1129 -0.4111 0.1885 -0.3073 -0.1113 -0.4157 0.1776 -0.3057 -0.1046 -0.4098 0.0229 0.1505 -0.0363 0.1417 0.0160 0.3732 -0.0295 0.3703 0.0107 0.5705 -0.0285 0.5610 0.0085 0.5954 -0.0238 0.5866 0.0111 0.6329 -0.0332 0.6306
21: 0.0001 -0.2477 0.0077 -0.2614 0.0122 -0.2599 0.0163 -0.2579 -0.0034 -0.2628 -0.0068 -0.2625 -0.0102 -0.2620 0.0251 -0.2427 -0.0139 -0.2492 0.0080 -0.2258 -0.0075 -0.2269 0.0539 -0.1391 -0.0403 -0.1522 0.1185 -0.1859 -0.0712 -0.2527 0.1636 -0.2966 -0.0922 -0.3924 0.1888 -0.3047 -0.1105 -0.4145 0.1870 -0.3107 -0.1084 -0.4190 0.1760 -0.3086 -0.1016 -0.4131 0.0228 0.1504 -0.0364 0.1410 0.0160 0.3725 -0.0296 0.3696 0.0108 0.5697 -0.0284 0.5613 0.0083 0.5948 -0.0238 0.5864 0.0116 0.6321 -0.0326 0.6311
22: 0.0007 -0.2467 0.0084 -0.2603 0.0127 -0.2588 0.0167 -0.2568 -0.0023 -0.2616 -0.0056 -0.2612 -0.0090 -0.2606 0.0254 -0.2417 -0.0131 -0.2481 0.0082 -0.2246 -0.0069 -0.2258 0.0538 -0.1381 -0.0402 -0.1526 0.1186 -0.1850 -0.0702 -0.2567 0.1625 -0.2985 -0.0900 -0.3956 0.1866 -0.3080 -0.1079 -0.4173 0.1846 -0.3144 -0.1054 -0.4215 0.1741 -0.3116 -0.0987 -0.4159 0.0227 0.1503 -0.0365 0.1404 0.0159 0.3719 -0.0296 0.3692 0.0109 0.5692 -0.0283 0.5620 0.0080 0.5946 -0.0238 0.5869 0.0127 0.6313 -0.0315 0.6319
23: 0.0012 -0.2463 0.0090 -0.2597 0.0132 -0.2582 0.0173 -0.2562 -0.0017 -0.2610 -0.0051 -0.2607 -0.0085 -0.2601 0.0260 -0.2411 -0.0126 -0.2476 0.0085 -0.2241 -0.0065 -0.2253 0.0540 -0.1372 -0.0398 -0.1526 0.1190 -0.1848 -0.0693 -0.2595 0.1616 -0.3008 -0.0864 -0.3963 0.1844 -0.3117 -0.1038 -0.4189 0.1822 -0.3181 -0.1014 -0.4227 0.1724 -0.3145 -0.0944 -0.4166 0.0227 0.1500 -0.0367 0.1397 0.0160 0.3716 -0.0295 0.3688 0.0112 0.5691 -0.0280 0.5625 0.0082 0.5945 -0.0237 0.5875 0.0135 0.6315 -0.0309 0.6323
24: 0.0020 -0.2465 0.0097 -0.2595 0.0138 -0.2580 0.0179 -0.2560 -0.0009 -0.2608 -0.0043 -0.2605 -0.0076 -0.2600 0.0265 -0.2408 -0.0121 -0.2474 0.0088 -0.2239 -0.0059 -0.2253 0.0541 -0.1367 -0.0396 -0.1529 0.1196 -0.1854 -0.0685 -0.2600 0.1605 -0.3045 -0.0825 -0.3974 0.1822 -0.3159 -0.1002 -0.4204 0.1804 -0.3225 -0.0982 -0.4243 0.1712 -0.3186 -0.0911 -0.4183 0.0225 0.1501 -0.0371 0.1394 0.0161 0.3714 -0.0294 0.3688 0.0114 0.5691 -0.0278 0.5626 0.0083 0.5944 -0.0238 0.5876 0.0140 0.6317 -0.0304 0.6318
25: 0.0026 -0.2458 0.0102 -0.2587 0.0143 -0.2572 0.0184 -0.2552 -0.0002 -0.2600 -0.0036 -0.2596 -0.0069 -0.2591 0.0270 -0.2397 -0.0116 -0.2464 0.0091 -0.2230 -0.0054 -0.2244 0.0543 -0.1360 -0.0392 -0.1531 0.1199 -0.1849 -0.0659 -0.2623 0.1586 -0.3052 -0.0781 -0.3990 0.1791 -0.3177 -0.0956 -0.4226 0.1772 -0.3245 -0.0937 -0.4260 0.1683 -0.3202 -0.0866 -0.4197 0.0223 0.1503 -0.0373 0.1387 0.0162 0.3716 -0.0293 0.3684 0.0117 0.5684 -0.0277 0.5239 0.0085 0.5937 -0.0238 0.5874 0.0148 0.6311 -0.0297 0.6310
26: 0.0030 -0.2449 0.0108 -0.2578 0.0149 -0.2563 0.0190 -0.2543 0.0004 -0.2589 -0.0030 -0.2585 -0.0063 -0.2579 0.0275 -0.2380 -0.0108 -0.2452 0.0094 -0.2219 -0.0050 -0.2232 0.0545 -0.1355 -0.0385 -0.1529 0.1201 -0.1846 -0.0630 -0.2647 0.1568 -0.3064 -0.0740 -0.4010 0.1769 -0.3196 -0.0910 -0.4249 0.1748 -0.3261 -0.0891 -0.4283 0.1658 -0.3214 -0.0823 -0.4218 0.0217 0.1504 -0.0375 0.1379 0.0162 0.3712 -0.0291 0.3677 0.0119 0.5647 -0.0275 0.5147 0.0086 0.5894 -0.0237 0.5842 0.0150 0.6280 -0.0291 0.6283
27: 0.0029 -0.2439 0.0108 -0.2572 0.0149 -0.2556 0.0190 -0.2537 0.0004 -0.2580 -0.0030 -0.2575 -0.0062 -0.2569 0.0276 -0.2370 -0.0105 -0.2442 0.0093 -0.2202 -0.0050 -0.2216 0.0544 -0.1350 -0.0378 -0.1528 0.1201 -0.1843 -0.0599 -0.2667 0.1534 -0.3085 -0.0697 -0.4039 0.1733 -0.3233 -0.0865 -0.4281 0.1711 -0.3296 -0.0852 -0.4317 0.1620 -0.3241 -0.0786 -0.4249 0.0212 0.1503 -0.0378 0.1375 0.0161 0.3714 -0.0293 0.3676 0.0121 0.5645 -0.0277 0.5177 0.0088 0.5891 -0.0237 0.5834 0.0148 0.6283 -0.0287 0.6278
28: 0.0030 -0.2431 0.0110 -0.2567 0.0151 -0.2551 0.0192 -0.2531 0.0005 -0.2574 -0.0027 -0.2568 -0.0060 -0.2561 0.0279 -0.2360 -0.0098 -0.2435 0.0093 -0.2191 -0.0049 -0.2208 0.0545 -0.1347 -0.0367 -0.1528 0.1202 -0.1845 -0.0578 -0.2665 0.1518 -0.3125 -0.0659 -0.4042 0.1720 -0.3270 -0.0826 -0.4290 0.1697 -0.3338 -0.0816 -0.4330 0.1607 -0.3285 -0.0748 -0.4261 0.0205 0.1502 -0.0382 0.1371 0.0159 0.3722 -0.0295 0.3675 0.0121 0.5649 -0.0278 0.5190 0.0088 0.5893 -0.0237 0.5831 0.0141 0.6292 -0.0287 0.6277
29: 0.0034 -0.2427 0.0114 -0.2563 0.0155 -0.2547 0.0196 -0.2527 0.0010 -0.2571 -0.0022 -0.2565 -0.0053 -0.2558 0.0282 -0.2353 -0.0089 -0.2431 0.0095 -0.2184 -0.0045 -0.2204 0.0544 -0.1343 -0.0361 -0.1529 0.1201 -0.1843 -0.0569 -0.2667 0.1495 -0.3148 -0.0634 -0.4052 0.1700 -0.3299 -0.0800 -0.4302 0.1669 -0.3370 -0.0788 -0.4344 0.1572 -0.3316 -0.0721 -0.4277 0.0199 0.1503 -0.0383 0.1370 0.0156 0.3727 -0.0297 0.3677 0.0120 0.5652 -0.0281 0.5185 0.0087 0.5898 -0.0240 0.5827 0.0138 0.6295 -0.0287 0.6275
30: 0.0037 -0.2421 0.0117 -0.2556 0.0157 -0.2540 0.0199 -0.2520 0.0016 -0.2564 -0.0014 -0.2558 -0.0044 -0.2552 0.0284 -0.2345 -0.0077 -0.2425 0.0096 -0.2176 -0.0040 -0.2198 0.0542 -0.1336 -0.0349 -0.1532 0.1201 -0.1838 -0.0546 -0.2688 0.1464 -0.3167 -0.0602 -0.4085 0.1671 -0.3319 -0.0764 -0.4330 0.1639 -0.3389 -0.0753 -0.4374 0.1539 -0.3336 -0.0691 -0.4306 0.0189 0.1500 -0.0383 0.1369 0.0152 0.3732 -0.0297 0.3676 0.0122 0.5658 -0.0283 0.5200 0.0089 0.5902 -0.0247 0.5815 0.0138 0.6301 -0.0286 0.6268
31: 0.0049 -0.2418 0.0127 -0.2552 0.0165 -0.2536 0.0206 -0.2516 0.0034 -0.2562 0.0006 -0.2556 -0.0021 -0.2550 0.0287 -0.2341 -0.0057 -0.2424 0.0101 -0.2172 -0.0024 -0.2197 0.0533 -0.1334 -0.0330 -0.1534 0.1201 -0.1841 -0.0517 -0.2707 0.1446 -0.3194 -0.0565 -0.4094 0.1660 -0.3350 -0.0728 -0.4350 0.1626 -0.3421 -0.0714 -0.4393 0.1524 -0.3362 -0.0651 -0.4323 0.0175 0.1498 -0.0380 0.1370 0.0146 0.3737 -0.0295 0.3678 0.0125 0.5667 -0.0282 0.5223 0.0091 0.5911 -0.0257 0.5814 0.0137 0.6306 -0.0282 0.6269
32: 0.0064 -0.2413 0.0139 -0.2546 0.0175 -0.2530 0.0214 -0.2510 0.0053 -0.2557 0.0027 -0.2552 0.0001 -0.2545 0.0292 -0.2337 -0.0036 -0.2422 0.0109 -0.2166 -0.0007 -0.2194 0.0523 -0.1328 -0.0312 -0.1536 0.1203 -0.1854 -0.0498 -0.2728 0.1426 -0.3219 -0.0544 -0.4120 0.1645 -0.3372 -0.0700 -0.4377 0.1613 -0.3436 -0.0687 -0.4424 0.1510 -0.3377 -0.0629 -0.4351 0.0162 0.1494 -0.0375 0.1372 0.0139 0.3739 -0.0290 0.3679 0.0127 0.5659 -0.0278 0.5206 0.0095 0.5900 -0.0270 0.5788 0.0131 0.6292 -0.0280 0.6256
33: 0.0076 -0.2405 0.0154 -0.2537 0.0191 -0.2520 0.0230 -0.2500 0.0065 -0.2549 0.0038 -0.2544 0.0011 -0.2538 0.0298 -0.2330 -0.0030 -0.2419 0.0118 -0.2157 0.0003 -0.2189 0.0522 -0.1322 -0.0309 -0.1539 0.1192 -0.1851 -0.0491 -0.2718 0.1406 -0.3217 -0.0520 -0.4125 0.1624 -0.3376 -0.0673 -0.4394 0.1591 -0.3440 -0.0656 -0.4441 0.1488 -0.3380 -0.0597 -0.4364 0.0160 0.1491 -0.0375 0.1370 0.0136 0.3721 -0.0291 0.3665 0.0127 0.5619 -0.0280 0.5146 0.0094 0.5857 -0.0273 0.5758 0.0131 0.6249 -0.0288 0.6217
34: 0.0078 -0.2402 0.0159 -0.2533 0.0197 -0.2517 0.0238 -0.2497 0.0066 -0.2547 0.0038 -0.2542 0.0011 -0.2537 0.0305 -0.2326 -0.0030 -0.2419 0.0122 -0.2152 0.0004 -0.2188 0.0523 -0.1315 -0.0309 -0.1547 0.1180 -0.1853 -0.0473 -0.2729 0.1377 -0.3219 -0.0491 -0.4145 0.1582 -0.3381 -0.0638 -0.4417 0.1550 -0.3443 -0.0620 -0.4469 0.1455 -0.3379 -0.0562 -0.4389 0.0162 0.1492 -0.0377 0.1371 0.0137 0.3716 -0.0294 0.3658 0.0129 0.5607 -0.0281 0.5125 0.0095 0.5846 -0.0274 0.5756 0.0135 0.6232 -0.0292 0.6204
35: 0.0080 -0.2399 0.0165 -0.2530 0.0204 -0.2513 0.0246 -0.2493 0.0068 -0.2546 0.0040 -0.2542 0.0012 -0.2537 0.0310 -0.2323 -0.0029 -0.2421 0.0125 -0.2148 0.0005 -0.2188 0.0524 -0.1311 -0.0308 -0.1554 0.1166 -0.1870 -0.0460 -0.2732 0.1354 -0.3240 -0.0461 -0.4146 0.1559 -0.3408 -0.0600 -0.4428 0.1524 -0.3475 -0.0579 -0.4483 0.1429 -0.3405 -0.0522 -0.4399 0.0163 0.1492 -0.0377 0.1371 0.0137 0.3710 -0.0297 0.3650 0.0128 0.5586 -0.0282 0.5095 0.0095 0.5826 -0.0273 0.5755 0.0133 0.6210 -0.0307 0.6181
36: 0.0085 -0.2393 0.0172 -0.2523 0.0212 -0.2505 0.0254 -0.2484 0.0073 -0.2542 0.0044 -0.2538 0.0016 -0.2534 0.0315 -0.2315 -0.0025 -0.2420 0.0129 -0.2141 0.0008 -0.2185 0.0523 -0.1304 -0.0307 -0.1559 0.1151 -0.1883 -0.0437 -0.2742 0.1321 -0.3255 -0.0429 -0.4152 0.1527 -0.3424 -0.0572 -0.4444 0.1488 -0.3491 -0.0548 -0.4499 0.1392 -0.3418 -0.0487 -0.4407 0.0162 0.1492 -0.0378 0.1373 0.0136 0.3696 -0.0300 0.3639 0.0129 0.5567 -0.0283 0.5074 0.0098 0.5805 -0.0274 0.5739 0.0131 0.6191 -0.0316 0.6153
37: 0.0091 -0.2389 0.0180 -0.2515 0.0221 -0.2495 0.0263 -0.2471 0.0078 -0.2541 0.0048 -0.2538 0.0020 -0.2535 0.0322 -0.2300 -0.0021 -0.2425 0.0135 -0.2134 0.0011 -0.2185 0.0522 -0.1295 -0.0305 -0.1570 0.1146 -0.1885 -0.0407 -0.2772 0.1309 -0.3263 -0.0395 -0.4154 0.1502 -0.3435 -0.0540 -0.4451 0.1464 -0.3500 -0.0503 -0.4507 0.1374 -0.3425 -0.0438 -0.4413 0.0163 0.1491 -0.0380 0.1373 0.0139 0.3684 -0.0300 0.3632 0.0133 0.5548 -0.0280 0.5062 0.0103 0.5787 -0.0268 0.5162 0.0134 0.6168 -0.0314 0.6153
38: 0.0101 -0.2380 0.0190 -0.2502 0.0232 -0.2481 0.0274 -0.2457 0.0085 -0.2534 0.0055 -0.2536 0.0026 -0.2538 0.0331 -0.2286 -0.0017 -0.2429 0.0145 -0.2122 0.0017 -0.2181 0.0525 -0.1281 -0.0306 -0.1594 0.1144 -0.1873 -0.0373 -0.2827 0.1298 -0.3256 -0.0363 -0.4173 0.1485 -0.3435 -0.0507 -0.4464 0.1442 -0.3500 -0.0468 -0.4517 0.1356 -0.3421 -0.0404 -0.4420 0.0166 0.1500 -0.0383 0.1377 0.0142 0.3677 -0.0299 0.3629 0.0137 0.5553 -0.0278 0.5063 0.0106 0.5792 -0.0267 0.5343 0.0147 0.6172 -0.0311 0.6158
39: 0.0119 -0.2375 0.0208 -0.2493 0.0249 -0.2470 0.0290 -0.2444 0.0103 -0.2529 0.0072 -0.2532 0.0042 -0.2535 0.0337 -0.2272 -0.0009 -0.2427 0.0159 -0.2116 0.0031 -0.2178 0.0524 -0.1276 -0.0306 -0.1606 0.1144 -0.1871 -0.0362 -0.2814 0.1289 -0.3258 -0.0330 -0.4165 0.1473 -0.3445 -0.0474 -0.4460 0.1424 -0.3507 -0.0424 -0.4510 0.1337 -0.3425 -0.0351 -0.4412 0.0166 0.1502 -0.0384 0.1378 0.0141 0.3675 -0.0299 0.3627 0.0137 0.5558 -0.0278 0.5060 0.0103 0.5799 -0.0271 0.5488 0.0153 0.6176 -0.0314 0.6161
40: 0.0137 -0.2359 0.0225 -0.2476 0.0266 -0.2452 0.0306 -0.2424 0.0119 -0.2515 0.0087 -0.2520 0.0056 -0.2524 0.0344 -0.2253 0.0001 -0.2424 0.0174 -0.2104 0.0045 -0.2168 0.0523 -0.1267 -0.0304 -0.1612 0.1142 -0.1868 -0.0354 -0.2808 0.1279 -0.3258 -0.0309 -0.4159 0.1465 -0.3452 -0.0446 -0.4460 0.1416 -0.3512 -0.0396 -0.4507 0.1327 -0.3426 -0.0324 -0.4405 0.0164 0.1502 -0.0384 0.1378 0.0142 0.3668 -0.0297 0.3617 0.0136 0.5562 -0.0276 0.5061 0.0099 0.5804 -0.0273 0.5585 0.0156 0.6176 -0.0312 0.6167
