1: -0.0008 -0.2186 0.0042 -0.2318 0.0078 -0.2309 0.0102 -0.2303 -0.0062 -0.2308 -0.0096 -0.2299 -0.0134 -0.2284 0.0166 -0.2172 -0.0174 -0.2153 0.0071 -0.1992 -0.0075 -0.1995 0.0487 -0.1156 -0.0450 -0.1115 0.0644 -0.0066 -0.0691 -0.0020 0.0679 0.0943 -0.0707 0.0974 0.0687 0.1286 -0.0746 0.1329 0.0636 0.1274 -0.0667 0.1282 0.0615 0.1157 -0.0635 0.1151 0.0254 0.1139 -0.0292 0.1134 0.0289 0.2802 -0.0370 0.2761 0.0357 0.4286 -0.0396 0.4296 0.0320 0.4458 -0.0358 0.4442 0.0527 0.4823 -0.0514 0.4864
2: -0.0007 -0.2192 0.0044 -0.2321 0.0080 -0.2313 0.0104 -0.2305 -0.0061 -0.2314 -0.0095 -0.2305 -0.0133 -0.2290 0.0167 -0.2177 -0.0174 -0.2160 0.0072 -0.1985 -0.0075 -0.1990 0.0485 -0.1174 -0.0449 -0.1125 0.0645 -0.0100 -0.0690 -0.0024 0.0684 0.0907 -0.0706 0.0972 0.0695 0.1258 -0.0745 0.1326 0.0649 0.1243 -0.0664 0.1281 0.0626 0.1135 -0.0634 0.1159 0.0256 0.1152 -0.0290 0.1148 0.0279 0.2799 -0.0375 0.2764 0.0358 0.4277 -0.0396 0.4287 0.0321 0.4442 -0.0355 0.4431 0.0526 0.4814 -0.0521 0.4851
3: -0.0005 -0.2191 0.0046 -0.2320 0.0082 -0.2311 0.0107 -0.2303 -0.0059 -0.2313 -0.0093 -0.2303 -0.0131 -0.2289 0.0168 -0.2177 -0.0172 -0.2160 0.0073 -0.1980 -0.0073 -0.1984 0.0483 -0.1182 -0.0450 -0.1127 0.0648 -0.0123 -0.0689 -0.0025 0.0693 0.0896 -0.0707 0.0973 0.0702 0.1242 -0.0746 0.1325 0.0657 0.1223 -0.0664 0.1281 0.0634 0.1120 -0.0633 0.1158 0.0258 0.1158 -0.0289 0.1152 0.0273 0.2798 -0.0377 0.2775 0.0360 0.4276 -0.0395 0.4285 0.0322 0.4439 -0.0353 0.4427 0.0527 0.4812 -0.0524 0.4847
4: -0.0002 -0.2191 0.0049 -0.2319 0.0086 -0.2311 0.0111 -0.2302 -0.0056 -0.2313 -0.0091 -0.2303 -0.0129 -0.2289 0.0168 -0.2177 -0.0169 -0.2161 0.0075 -0.1980 -0.0071 -0.1984 0.0479 -0.1196 -0.0453 -0.1128 0.0657 -0.0161 -0.0692 -0.0022 0.0708 0.0864 -0.0719 0.0978 0.0715 0.1210 -0.0757 0.1326 0.0667 0.1186 -0.0666 0.1281 0.0644 0.1086 -0.0637 0.1159 0.0261 0.1165 -0.0286 0.1158 0.0270 0.2800 -0.0375 0.2784 0.0364 0.4275 -0.0392 0.4283 0.0324 0.4436 -0.0349 0.4422 0.0531 0.4810 -0.0522 0.4845
5: 0.0001 -0.2191 0.0054 -0.2316 0.0090 -0.2309 0.0116 -0.2299 -0.0053 -0.2311 -0.0090 -0.2301 -0.0126 -0.2287 0.0169 -0.2175 -0.0166 -0.2160 0.0077 -0.1978 -0.0069 -0.1984 0.0475 -0.1206 -0.0456 -0.1126 0.0677 -0.0214 -0.0697 -0.0019 0.0723 0.0806 -0.0731 0.0983 0.0732 0.1156 -0.0769 0.1326 0.0681 0.1135 -0.0678 0.1280 0.0655 0.1030 -0.0647 0.1160 0.0266 0.1168 -0.0284 0.1162 0.0271 0.2803 -0.0370 0.2788 0.0370 0.4273 -0.0387 0.4281 0.0329 0.4434 -0.0343 0.4420 0.0534 0.4809 -0.0518 0.4845
6: -0.0002 -0.2196 0.0052 -0.2318 0.0089 -0.2311 0.0118 -0.2301 -0.0055 -0.2314 -0.0093 -0.2305 -0.0126 -0.2291 0.0167 -0.2177 -0.0167 -0.2163 0.0075 -0.1981 -0.0070 -0.1990 0.0471 -0.1214 -0.0460 -0.1126 0.0692 -0.0228 -0.0706 -0.0016 0.0738 0.0769 -0.0741 0.0985 0.0751 0.1118 -0.0781 0.1326 0.0693 0.1096 -0.0691 0.1280 0.0664 0.0987 -0.0659 0.1161 0.0269 0.1173 -0.0282 0.1166 0.0274 0.2801 -0.0367 0.2790 0.0374 0.4268 -0.0386 0.4280 0.0331 0.4429 -0.0339 0.4421 0.0535 0.4806 -0.0519 0.4841
7: -0.0001 -0.2201 0.0054 -0.2320 0.0090 -0.2313 0.0122 -0.2303 -0.0054 -0.2318 -0.0093 -0.2309 -0.0123 -0.2295 0.0169 -0.2178 -0.0165 -0.2164 0.0076 -0.1984 -0.0069 -0.1994 0.0468 -0.1226 -0.0460 -0.1123 0.0719 -0.0257 -0.0710 -0.0011 0.0757 0.0709 -0.0747 0.0986 0.0772 0.1062 -0.0789 0.1318 0.0707 0.1044 -0.0710 0.1268 0.0676 0.0930 -0.0674 0.1154 0.0273 0.1178 -0.0281 0.1171 0.0275 0.2792 -0.0361 0.2794 0.0381 0.4263 -0.0380 0.4281 0.0337 0.4425 -0.0332 0.4426 0.0536 0.4803 -0.0519 0.4841
8: -0.0000 -0.2199 0.0056 -0.2319 0.0092 -0.2313 0.0126 -0.2303 -0.0053 -0.2316 -0.0093 -0.2308 -0.0121 -0.2294 0.0171 -0.2179 -0.0162 -0.2164 0.0078 -0.1982 -0.0068 -0.1991 0.0467 -0.1229 -0.0458 -0.1128 0.0748 -0.0313 -0.0710 -0.0014 0.0777 0.0626 -0.0749 0.0988 0.0791 0.0989 -0.0793 0.1318 0.0718 0.0967 -0.0721 0.1269 0.0688 0.0855 -0.0684 0.1155 0.0275 0.1182 -0.0282 0.1176 0.0275 0.2795 -0.0357 0.2798 0.0386 0.4265 -0.0375 0.4284 0.0340 0.4428 -0.0324 0.4431 0.0535 0.4799 -0.0515 0.4837
9: 0.0000 -0.2203 0.0056 -0.2324 0.0092 -0.2319 0.0127 -0.2309 -0.0053 -0.2322 -0.0093 -0.2313 -0.0120 -0.2299 0.0172 -0.2188 -0.0161 -0.2167 0.0078 -0.1984 -0.0067 -0.1991 0.0464 -0.1232 -0.0456 -0.1135 0.0789 -0.0370 -0.0709 -0.0020 0.0799 0.0558 -0.0752 0.0982 0.0813 0.0922 -0.0799 0.1310 0.0734 0.0898 -0.0731 0.1263 0.0703 0.0796 -0.0692 0.1150 0.0274 0.1187 -0.0284 0.1181 0.0273 0.2798 -0.0354 0.2803 0.0390 0.4267 -0.0371 0.4283 0.0343 0.4430 -0.0320 0.4433 0.0535 0.4798 -0.0509 0.4832
10: 0.0002 -0.2201 0.0057 -0.2324 0.0094 -0.2319 0.0130 -0.2309 -0.0052 -0.2322 -0.0092 -0.2315 -0.0119 -0.2301 0.0174 -0.2190 -0.0159 -0.2169 0.0080 -0.1981 -0.0066 -0.1989 0.0465 -0.1234 -0.0452 -0.1145 0.0836 -0.0415 -0.0710 -0.0029 0.0814 0.0478 -0.0754 0.0979 0.0820 0.0836 -0.0802 0.1306 0.0740 0.0809 -0.0735 0.1264 0.0711 0.0718 -0.0695 0.1153 0.0274 0.1193 -0.0288 0.1188 0.0275 0.2809 -0.0354 0.2815 0.0393 0.4273 -0.0368 0.4290 0.0345 0.4437 -0.0316 0.4441 0.0539 0.4803 -0.0504 0.4837
11: 0.0002 -0.2198 0.0058 -0.2323 0.0095 -0.2318 0.0130 -0.2308 -0.0052 -0.2322 -0.0092 -0.2314 -0.0119 -0.2301 0.0176 -0.2189 -0.0159 -0.2168 0.0081 -0.1977 -0.0065 -0.1984 0.0467 -0.1236 -0.0453 -0.1151 0.0871 -0.0473 -0.0715 -0.0037 0.0820 0.0452 -0.0757 0.0978 0.0821 0.0801 -0.0805 0.1304 0.0741 0.0782 -0.0742 0.1266 0.0715 0.0694 -0.0701 0.1155 0.0275 0.1197 -0.0291 0.1190 0.0276 0.2816 -0.0355 0.2823 0.0394 0.4276 -0.0370 0.4295 0.0346 0.4440 -0.0315 0.4447 0.0539 0.4809 -0.0505 0.4842
12: 0.0004 -0.2193 0.0060 -0.2320 0.0097 -0.2315 0.0132 -0.2305 -0.0050 -0.2319 -0.0090 -0.2312 -0.0118 -0.2298 0.0178 -0.2185 -0.0157 -0.2165 0.0083 -0.1972 -0.0063 -0.1980 0.0466 -0.1243 -0.0452 -0.1148 0.0903 -0.0552 -0.0717 -0.0039 0.0828 0.0402 -0.0758 0.0978 0.0822 0.0746 -0.0808 0.1301 0.0742 0.0718 -0.0745 0.1266 0.0717 0.0632 -0.0704 0.1156 0.0276 0.1197 -0.0292 0.1194 0.0279 0.2831 -0.0355 0.2834 0.0396 0.4283 -0.0371 0.4304 0.0347 0.4447 -0.0315 0.4456 0.0541 0.4818 -0.0504 0.4850
13: 0.0007 -0.2184 0.0063 -0.2310 0.0101 -0.2305 0.0135 -0.2295 -0.0047 -0.2309 -0.0087 -0.2302 -0.0116 -0.2288 0.0181 -0.2175 -0.0155 -0.2159 0.0086 -0.1964 -0.0060 -0.1972 0.0464 -0.1257 -0.0450 -0.1140 0.0918 -0.0615 -0.0716 -0.0033 0.0834 0.0328 -0.0758 0.0981 0.0823 0.0649 -0.0810 0.1305 0.0744 0.0602 -0.0749 0.1271 0.0720 0.0508 -0.0707 0.1161 0.0277 0.1199 -0.0293 0.1198 0.0277 0.2843 -0.0355 0.2847 0.0396 0.4294 -0.0372 0.4316 0.0348 0.4459 -0.0316 0.4468 0.0542 0.4829 -0.0502 0.4861
14: 0.0010 -0.2171 0.0065 -0.2297 0.0103 -0.2292 0.0137 -0.2282 -0.0045 -0.2295 -0.0085 -0.2287 -0.0115 -0.2274 0.0182 -0.2163 -0.0153 -0.2146 0.0088 -0.1951 -0.0058 -0.1958 0.0464 -0.1271 -0.0448 -0.1129 0.0925 -0.0654 -0.0714 -0.0029 0.0834 0.0268 -0.0763 0.0984 0.0808 0.0591 -0.0817 0.1312 0.0729 0.0540 -0.0758 0.1281 0.0711 0.0440 -0.0717 0.1170 0.0278 0.1197 -0.0294 0.1204 0.0276 0.2859 -0.0356 0.2862 0.0397 0.4309 -0.0374 0.4331 0.0349 0.4474 -0.0317 0.4484 0.0543 0.4844 -0.0502 0.4875
15: 0.0011 -0.2160 0.0066 -0.2286 0.0104 -0.2281 0.0138 -0.2271 -0.0044 -0.2284 -0.0084 -0.2276 -0.0114 -0.2263 0.0183 -0.2151 -0.0152 -0.2137 0.0089 -0.1941 -0.0057 -0.1947 0.0462 -0.1276 -0.0447 -0.1124 0.0930 -0.0670 -0.0714 -0.0027 0.0812 0.0241 -0.0768 0.0984 0.0753 0.0548 -0.0823 0.1315 0.0682 0.0491 -0.0766 0.1287 0.0673 0.0395 -0.0725 0.1177 0.0279 0.1195 -0.0293 0.1205 0.0274 0.2871 -0.0357 0.2873 0.0398 0.4320 -0.0378 0.4342 0.0350 0.4485 -0.0320 0.4498 0.0541 0.4855 -0.0507 0.4885
16: 0.0013 -0.2147 0.0068 -0.2272 0.0105 -0.2267 0.0138 -0.2257 -0.0042 -0.2269 -0.0082 -0.2261 -0.0113 -0.2248 0.0183 -0.2139 -0.0151 -0.2124 0.0090 -0.1928 -0.0055 -0.1934 0.0460 -0.1278 -0.0446 -0.1118 0.0923 -0.0664 -0.0712 -0.0021 0.0759 0.0246 -0.0773 0.0993 0.0693 0.0535 -0.0827 0.1325 0.0629 0.0466 -0.0772 0.1298 0.0624 0.0367 -0.0733 0.1188 0.0280 0.1191 -0.0293 0.1206 0.0271 0.2884 -0.0358 0.2883 0.0398 0.4334 -0.0382 0.4355 0.0351 0.4500 -0.0323 0.4516 0.0538 0.4868 -0.0511 0.4898
17: 0.0015 -0.2135 0.0069 -0.2261 0.0106 -0.2256 0.0138 -0.2246 -0.0041 -0.2258 -0.0080 -0.2249 -0.0113 -0.2236 0.0183 -0.2129 -0.0151 -0.2114 0.0090 -0.1917 -0.0054 -0.1923 0.0459 -0.1274 -0.0445 -0.1118 0.0918 -0.0655 -0.0712 -0.0023 0.0715 0.0237 -0.0778 0.0998 0.0652 0.0506 -0.0831 0.1332 0.0589 0.0445 -0.0779 0.1304 0.0584 0.0348 -0.0742 0.1193 0.0279 0.1187 -0.0293 0.1204 0.0270 0.2894 -0.0361 0.2891 0.0396 0.4346 -0.0386 0.4366 0.0349 0.4515 -0.0327 0.4530 0.0536 0.4879 -0.0517 0.4909
18: 0.0016 -0.2129 0.0070 -0.2253 0.0107 -0.2248 0.0138 -0.2239 -0.0039 -0.2250 -0.0078 -0.2241 -0.0112 -0.2229 0.0183 -0.2123 -0.0151 -0.2109 0.0090 -0.1911 -0.0053 -0.1917 0.0459 -0.1269 -0.0444 -0.1122 0.0916 -0.0623 -0.0711 -0.0029 0.0680 0.0255 -0.0781 0.0994 0.0617 0.0534 -0.0835 0.1331 0.0556 0.0477 -0.0787 0.1304 0.0553 0.0375 -0.0751 0.1194 0.0279 0.1185 -0.0293 0.1204 0.0269 0.2900 -0.0362 0.2895 0.0395 0.4352 -0.0389 0.4371 0.0346 0.4523 -0.0331 0.4537 0.0533 0.4885 -0.0520 0.4915
19: 0.0016 -0.2127 0.0070 -0.2248 0.0107 -0.2243 0.0138 -0.2235 -0.0038 -0.2245 -0.0076 -0.2237 -0.0111 -0.2225 0.0184 -0.2120 -0.0150 -0.2106 0.0091 -0.1909 -0.0052 -0.1915 0.0460 -0.1263 -0.0443 -0.1127 0.0909 -0.0600 -0.0712 -0.0035 0.0663 0.0287 -0.0787 0.0992 0.0594 0.0569 -0.0841 0.1329 0.0537 0.0506 -0.0793 0.1300 0.0538 0.0406 -0.0758 0.1189 0.0278 0.1186 -0.0294 0.1203 0.0268 0.2900 -0.0363 0.2895 0.0391 0.4354 -0.0393 0.4373 0.0342 0.4525 -0.0335 0.4540 0.0529 0.4887 -0.0525 0.4917
20: 0.0016 -0.2126 0.0071 -0.2246 0.0107 -0.2241 0.0136 -0.2234 -0.0037 -0.2244 -0.0075 -0.2236 -0.0110 -0.2224 0.0189 -0.2119 -0.0150 -0.2105 0.0090 -0.1908 -0.0052 -0.1914 0.0466 -0.1259 -0.0444 -0.1131 0.0890 -0.0593 -0.0715 -0.0044 0.0659 0.0306 -0.0793 0.0967 0.0597 0.0590 -0.0847 0.1313 0.0540 0.0525 -0.0799 0.1280 0.0538 0.0426 -0.0764 0.1166 0.0276 0.1188 -0.0296 0.1205 0.0265 0.2898 -0.0367 0.2891 0.0384 0.4352 -0.0398 0.4372 0.0335 0.4526 -0.0342 0.4541 0.0521 0.4887 -0.0532 0.4917
21: 0.0020 -0.2126 0.0075 -0.2245 0.0108 -0.2240 0.0136 -0.2233 -0.0033 -0.2243 -0.0071 -0.2235 -0.0106 -0.2223 0.0194 -0.2118 -0.0151 -0.2105 0.0093 -0.1909 -0.0050 -0.1914 0.0472 -0.1257 -0.0444 -0.1134 0.0881 -0.0565 -0.0720 -0.0054 0.0657 0.0318 -0.0802 0.0940 0.0597 0.0600 -0.0857 0.1295 0.0540 0.0534 -0.0810 0.1260 0.0536 0.0437 -0.0773 0.1143 0.0271 0.1189 -0.0301 0.1203 0.0260 0.2898 -0.0372 0.2882 0.0374 0.4351 -0.0407 0.4369 0.0323 0.4526 -0.0352 0.4541 0.0510 0.4886 -0.0538 0.4917
22: 0.0027 -0.2127 0.0082 -0.2243 0.0111 -0.2238 0.0141 -0.2231 -0.0024 -0.2241 -0.0063 -0.2234 -0.0097 -0.2223 0.0201 -0.2116 -0.0147 -0.2106 0.0097 -0.1910 -0.0044 -0.1914 0.0479 -0.1253 -0.0444 -0.1142 0.0877 -0.0535 -0.0723 -0.0060 0.0655 0.0327 -0.0811 0.0919 0.0595 0.0607 -0.0868 0.1278 0.0537 0.0538 -0.0821 0.1243 0.0532 0.0443 -0.0783 0.1124 0.0268 0.1191 -0.0302 0.1203 0.0255 0.2900 -0.0376 0.2877 0.0364 0.4353 -0.0415 0.4369 0.0313 0.4528 -0.0364 0.4543 0.0503 0.4887 -0.0543 0.4918
23: 0.0036 -0.2128 0.0091 -0.2242 0.0117 -0.2237 0.0150 -0.2230 -0.0014 -0.2241 -0.0053 -0.2234 -0.0087 -0.2224 0.0211 -0.2115 -0.0140 -0.2109 0.0102 -0.1912 -0.0037 -0.1916 0.0485 -0.1250 -0.0442 -0.1149 0.0872 -0.0508 -0.0726 -0.0068 0.0651 0.0332 -0.0821 0.0905 0.0592 0.0614 -0.0882 0.1263 0.0534 0.0544 -0.0834 0.1225 0.0529 0.0448 -0.0794 0.1107 0.0264 0.1194 -0.0306 0.1204 0.0250 0.2906 -0.0381 0.2876 0.0357 0.4353 -0.0423 0.4369 0.0304 0.4529 -0.0374 0.4544 0.0496 0.4887 -0.0549 0.4919
24: 0.0049 -0.2128 0.0101 -0.2241 0.0128 -0.2236 0.0165 -0.2229 -0.0000 -0.2240 -0.0040 -0.2234 -0.0077 -0.2225 0.0224 -0.2113 -0.0131 -0.2112 0.0109 -0.1911 -0.0028 -0.1917 0.0492 -0.1244 -0.0442 -0.1157 0.0866 -0.0485 -0.0730 -0.0075 0.0647 0.0338 -0.0834 0.0891 0.0588 0.0619 -0.0896 0.1245 0.0531 0.0549 -0.0847 0.1204 0.0525 0.0454 -0.0807 0.1085 0.0259 0.1198 -0.0311 0.1204 0.0244 0.2909 -0.0387 0.2876 0.0349 0.4354 -0.0432 0.4364 0.0297 0.4530 -0.0384 0.4539 0.0488 0.4888 -0.0556 0.4919
25: 0.0069 -0.2127 0.0116 -0.2239 0.0146 -0.2234 0.0184 -0.2226 0.0019 -0.2239 -0.0021 -0.2233 -0.0060 -0.2225 0.0238 -0.2109 -0.0117 -0.2115 0.0121 -0.1911 -0.0010 -0.1918 0.0496 -0.1238 -0.0439 -0.1162 0.0863 -0.0466 -0.0732 -0.0090 0.0644 0.0351 -0.0860 0.0859 0.0583 0.0623 -0.0915 0.1215 0.0527 0.0554 -0.0864 0.1166 0.0522 0.0458 -0.0825 0.1044 0.0256 0.1200 -0.0313 0.1199 0.0240 0.2910 -0.0390 0.2873 0.0344 0.4353 -0.0438 0.4359 0.0292 0.4529 -0.0390 0.4536 0.0481 0.4888 -0.0561 0.4919
26: 0.0082 -0.2127 0.0129 -0.2237 0.0162 -0.2232 0.0198 -0.2223 0.0035 -0.2239 -0.0005 -0.2233 -0.0044 -0.2227 0.0252 -0.2104 -0.0102 -0.2122 0.0129 -0.1911 0.0000 -0.1924 0.0501 -0.1233 -0.0436 -0.1168 0.0859 -0.0443 -0.0736 -0.0111 0.0638 0.0367 -0.0885 0.0818 0.0573 0.0625 -0.0938 0.1168 0.0518 0.0557 -0.0888 0.1125 0.0516 0.0460 -0.0850 0.1002 0.0252 0.1201 -0.0317 0.1198 0.0235 0.2913 -0.0395 0.2874 0.0337 0.4352 -0.0447 0.4360 0.0286 0.4526 -0.0399 0.4537 0.0474 0.4889 -0.0570 0.4918
27: 0.0091 -0.2130 0.0140 -0.2238 0.0175 -0.2231 0.0209 -0.2220 0.0046 -0.2241 0.0007 -0.2236 -0.0033 -0.2231 0.0266 -0.2097 -0.0089 -0.2128 0.0137 -0.1914 0.0008 -0.1928 0.0507 -0.1226 -0.0432 -0.1173 0.0856 -0.0425 -0.0737 -0.0148 0.0632 0.0390 -0.0913 0.0720 0.0563 0.0628 -0.0975 0.1068 0.0510 0.0557 -0.0928 0.1042 0.0510 0.0465 -0.0891 0.0921 0.0248 0.1202 -0.0321 0.1195 0.0231 0.2912 -0.0401 0.2871 0.0333 0.4348 -0.0452 0.4359 0.0282 0.4521 -0.0402 0.4536 0.0467 0.4887 -0.0581 0.4916
28: 0.0103 -0.2138 0.0154 -0.2245 0.0190 -0.2237 0.0223 -0.2225 0.0060 -0.2250 0.0021 -0.2245 -0.0019 -0.2242 0.0279 -0.2100 -0.0077 -0.2141 0.0147 -0.1922 0.0019 -0.1940 0.0512 -0.1221 -0.0428 -0.1182 0.0853 -0.0412 -0.0741 -0.0194 0.0628 0.0402 -0.0977 0.0629 0.0558 0.0627 -0.1068 0.0963 0.0505 0.0554 -0.1017 0.0954 0.0506 0.0467 -0.0979 0.0842 0.0242 0.1213 -0.0328 0.1191 0.0224 0.2907 -0.0405 0.2865 0.0328 0.4340 -0.0458 0.4353 0.0278 0.4513 -0.0406 0.4531 0.0460 0.4879 -0.0589 0.4908
29: 0.0117 -0.2146 0.0169 -0.2252 0.0206 -0.2242 0.0237 -0.2229 0.0076 -0.2257 0.0038 -0.2254 -0.0002 -0.2253 0.0293 -0.2101 -0.0063 -0.2152 0.0159 -0.1929 0.0031 -0.1955 0.0515 -0.1216 -0.0420 -0.1190 0.0852 -0.0409 -0.0759 -0.0268 0.0628 0.0399 -0.1080 0.0506 0.0557 0.0620 -0.1196 0.0861 0.0504 0.0547 -0.1138 0.0863 0.0506 0.0461 -0.1086 0.0757 0.0237 0.1221 -0.0331 0.1187 0.0223 0.2900 -0.0404 0.2852 0.0327 0.4333 -0.0458 0.4346 0.0278 0.4506 -0.0405 0.4524 0.0459 0.4873 -0.0592 0.4901
30: 0.0127 -0.2150 0.0179 -0.2254 0.0216 -0.2243 0.0246 -0.2229 0.0086 -0.2261 0.0048 -0.2258 0.0008 -0.2258 0.0299 -0.2099 -0.0053 -0.2159 0.0167 -0.1933 0.0040 -0.1960 0.0515 -0.1205 -0.0415 -0.1197 0.0845 -0.0403 -0.0813 -0.0365 0.0623 0.0397 -0.1205 0.0297 0.0551 0.0618 -0.1323 0.0629 0.0496 0.0544 -0.1273 0.0628 0.0500 0.0458 -0.1219 0.0525 0.0234 0.1220 -0.0334 0.1183 0.0219 0.2896 -0.0408 0.2842 0.0323 0.4329 -0.0463 0.4342 0.0275 0.4502 -0.0408 0.4519 0.0455 0.4871 -0.0596 0.4897
31: 0.0134 -0.2154 0.0188 -0.2255 0.0223 -0.2244 0.0253 -0.2229 0.0096 -0.2264 0.0058 -0.2262 0.0019 -0.2264 0.0307 -0.2097 -0.0042 -0.2164 0.0171 -0.1936 0.0047 -0.1969 0.0514 -0.1194 -0.0408 -0.1207 0.0835 -0.0395 -0.0845 -0.0494 0.0618 0.0397 -0.1313 0.0056 0.0542 0.0616 -0.1461 0.0276 0.0487 0.0543 -0.1408 0.0306 0.0492 0.0457 -0.1345 0.0242 0.0230 0.1220 -0.0336 0.1181 0.0211 0.2892 -0.0414 0.2836 0.0318 0.4328 -0.0469 0.4340 0.0271 0.4501 -0.0412 0.4513 0.0449 0.4871 -0.0600 0.4896
32: 0.0140 -0.2155 0.0195 -0.2255 0.0230 -0.2242 0.0259 -0.2226 0.0104 -0.2265 0.0067 -0.2264 0.0028 -0.2267 0.0313 -0.2090 -0.0032 -0.2168 0.0175 -0.1937 0.0053 -0.1973 0.0511 -0.1181 -0.0398 -0.1217 0.0825 -0.0389 -0.0865 -0.0634 0.0615 0.0395 -0.1384 -0.0233 0.0537 0.0616 -0.1538 -0.0063 0.0482 0.0543 -0.1511 -0.0058 0.0488 0.0457 -0.1445 -0.0098 0.0224 0.1219 -0.0338 0.1179 0.0204 0.2885 -0.0418 0.2831 0.0314 0.4328 -0.0473 0.4338 0.0267 0.4501 -0.0416 0.4508 0.0444 0.4871 -0.0603 0.4895
33: 0.0144 -0.2155 0.0202 -0.2252 0.0237 -0.2238 0.0265 -0.2220 0.0112 -0.2266 0.0076 -0.2265 0.0038 -0.2268 0.0322 -0.2080 -0.0019 -0.2170 0.0179 -0.1937 0.0058 -0.1974 0.0509 -0.1158 -0.0389 -0.1239 0.0821 -0.0383 -0.0916 -0.0819 0.0613 0.0394 -0.1491 -0.0552 0.0534 0.0616 -0.1672 -0.0400 0.0480 0.0543 -0.1665 -0.0379 0.0486 0.0456 -0.1600 -0.0415 0.0218 0.1218 -0.0339 0.1178 0.0199 0.2881 -0.0420 0.2827 0.0308 0.4327 -0.0476 0.4334 0.0262 0.4500 -0.0419 0.4500 0.0440 0.4871 -0.0605 0.4895
34: 0.0156 -0.2150 0.0218 -0.2242 0.0250 -0.2224 0.0279 -0.2201 0.0129 -0.2263 0.0094 -0.2263 0.0057 -0.2267 0.0338 -0.2055 0.0001 -0.2170 0.0189 -0.1931 0.0070 -0.1973 0.0509 -0.1129 -0.0382 -0.1271 0.0819 -0.0372 -0.0952 -0.1006 0.0613 0.0395 -0.1569 -0.0927 0.0532 0.0617 -0.1768 -0.0855 0.0479 0.0541 -0.1767 -0.0827 0.0486 0.0457 -0.1702 -0.0825 0.0212 0.1221 -0.0340 0.1180 0.0193 0.2876 -0.0420 0.2827 0.0307 0.4328 -0.0477 0.4334 0.0260 0.4501 -0.0421 0.4498 0.0440 0.4874 -0.0604 0.4899
35: 0.0172 -0.2142 0.0238 -0.2230 0.0268 -0.2209 0.0299 -0.2183 0.0150 -0.2256 0.0115 -0.2259 0.0078 -0.2263 0.0357 -0.2031 0.0017 -0.2167 0.0202 -0.1921 0.0086 -0.1969 0.0511 -0.1099 -0.0380 -0.1307 0.0818 -0.0335 -0.0990 -0.1200 0.0601 0.0415 -0.1630 -0.1362 0.0516 0.0631 -0.1812 -0.1340 0.0466 0.0548 -0.1824 -0.1332 0.0479 0.0466 -0.1764 -0.1322 0.0208 0.1224 -0.0340 0.1182 0.0187 0.2879 -0.0420 0.2835 0.0304 0.4333 -0.0479 0.4337 0.0257 0.4505 -0.0423 0.4496 0.0439 0.4878 -0.0602 0.4907
36: 0.0200 -0.2133 0.0269 -0.2218 0.0298 -0.2194 0.0333 -0.2164 0.0182 -0.2251 0.0149 -0.2256 0.0112 -0.2262 0.0384 -0.2013 0.0045 -0.2168 0.0227 -0.1915 0.0116 -0.1966 0.0517 -0.1069 -0.0375 -0.1340 0.0814 -0.0289 -0.1002 -0.1447 0.0583 0.0456 -0.1586 -0.1756 0.0500 0.0653 -0.1781 -0.1827 0.0452 0.0558 -0.1793 -0.1833 0.0467 0.0481 -0.1727 -0.1789 0.0205 0.1226 -0.0345 0.1181 0.0188 0.2879 -0.0418 0.2836 0.0306 0.4335 -0.0478 0.4337 0.0259 0.4507 -0.0422 0.4494 0.0443 0.4879 -0.0597 0.4912
37: 0.0220 -0.2122 0.0291 -0.2194 0.0322 -0.2162 0.0358 -0.2128 0.0204 -0.2245 0.0173 -0.2253 0.0137 -0.2262 0.0403 -0.1986 0.0069 -0.2169 0.0243 -0.1905 0.0135 -0.1965 0.0518 -0.1040 -0.0367 -0.1365 0.0810 -0.0266 -0.0991 -0.1638 0.0586 0.0454 -0.1550 -0.2179 0.0501 0.0656 -0.1741 -0.2312 0.0453 0.0558 -0.1744 -0.2318 0.0469 0.0483 -0.1676 -0.2254 0.0197 0.1225 -0.0347 0.1178 0.0191 0.2878 -0.0415 0.2836 0.0308 0.4337 -0.0473 0.4342 0.0260 0.4513 -0.0418 0.4494 0.0450 0.4879 -0.0590 0.4928
38: 0.0235 -0.2088 0.0305 -0.2145 0.0336 -0.2112 0.0372 -0.2082 0.0219 -0.2221 0.0190 -0.2236 0.0156 -0.2248 0.0415 -0.1946 0.0089 -0.2160 0.0256 -0.1874 0.0149 -0.1946 0.0520 -0.1008 -0.0360 -0.1400 0.0801 -0.0237 -0.0965 -0.1830 0.0581 0.0459 -0.1486 -0.2505 0.0493 0.0666 -0.1663 -0.2723 0.0446 0.0566 -0.1657 -0.2750 0.0463 0.0491 -0.1597 -0.2669 0.0188 0.1228 -0.0349 0.1180 0.0194 0.2880 -0.0418 0.2839 0.0311 0.4341 -0.0469 0.4355 0.0263 0.4516 -0.0417 0.4503 0.0456 0.4886 -0.0586 0.4948
39: 0.0256 -0.2054 0.0327 -0.2103 0.0360 -0.2070 0.0393 -0.2042 0.0244 -0.2191 0.0215 -0.2210 0.0184 -0.2225 0.0432 -0.1909 0.0117 -0.2140 0.0274 -0.1841 0.0170 -0.1921 0.0520 -0.0971 -0.0348 -0.1442 0.0792 -0.0195 -0.0942 -0.2072 0.0592 0.0468 -0.1406 -0.2873 0.0504 0.0682 -0.1573 -0.3152 0.0457 0.0585 -0.1556 -0.3183 0.0473 0.0507 -0.1498 -0.3081 0.0186 0.1233 -0.0356 0.1181 0.0202 0.2897 -0.0421 0.2858 0.0318 0.4357 -0.0459 0.4383 0.0270 0.4531 -0.0407 0.4526 0.0467 0.4906 -0.0576 0.4981
40: 0.0280 -0.2017 0.0350 -0.2066 0.0383 -0.2034 0.0416 -0.2005 0.0266 -0.2158 0.0237 -0.2183 0.0209 -0.2200 0.0450 -0.1873 0.0140 -0.2117 0.0293 -0.1799 0.0192 -0.1888 0.0521 -0.0944 -0.0337 -0.1467 0.0775 -0.0169 -0.0880 -0.2190 0.0594 0.0484 -0.1237 -0.3149 0.0504 0.0702 -0.1354 -0.3492 0.0456 0.0609 -0.1337 -0.3542 0.0473 0.0527 -0.1297 -0.3418 0.0179 0.1232 -0.0363 0.1180 0.0205 0.2917 -0.0424 0.2877 0.0321 0.4374 -0.0453 0.4401 0.0273 0.4545 -0.0401 0.4545 0.0473 0.4926 -0.0569 0.5001
