1: 0.0516 -0.1660 0.0651 -0.1633 0.0678 -0.1564 0.0706 -0.1493 0.0607 -0.1773 0.0599 -0.1812 0.0591 -0.1856 0.0764 -0.1266 0.0645 -0.1761 0.0476 -0.1405 0.0439 -0.1599 0.0565 -0.0184 0.0200 -0.1790 -0.0014 0.0977 0.0261 -0.3226 -0.0629 0.0307 0.0741 -0.3973 -0.0794 0.0267 0.0787 -0.4285 -0.0763 0.0157 0.0827 -0.4159 -0.0694 0.0171 0.0805 -0.4035 -0.0139 0.1159 -0.0627 0.0815 0.0175 0.3282 -0.0925 0.3006 0.0767 0.5211 -0.1254 0.4831 0.0855 0.5492 -0.1174 0.5162 0.0719 0.5877 -0.1627 0.5331
2: 0.0516 -0.1608 0.0643 -0.1597 0.0668 -0.1538 0.0694 -0.1477 0.0604 -0.1746 0.0598 -0.1793 0.0593 -0.1844 0.0755 -0.1274 0.0645 -0.1760 0.0481 -0.1376 0.0437 -0.1584 0.0557 -0.0187 0.0201 -0.1802 -0.0027 0.0966 0.0266 -0.3177 -0.0646 0.0304 0.0824 -0.3812 -0.0809 0.0264 0.0988 -0.4110 -0.0777 0.0146 0.1052 -0.4011 -0.0707 0.0157 0.0991 -0.3863 -0.0129 0.1156 -0.0628 0.0833 0.0163 0.3282 -0.0938 0.2973 0.0754 0.5212 -0.1267 0.4828 0.0840 0.5507 -0.1193 0.5170 0.0705 0.5848 -0.1583 0.5288
3: 0.0518 -0.1597 0.0644 -0.1584 0.0666 -0.1527 0.0691 -0.1468 0.0607 -0.1744 0.0601 -0.1795 0.0597 -0.1850 0.0755 -0.1283 0.0649 -0.1766 0.0484 -0.1361 0.0436 -0.1589 0.0552 -0.0195 0.0209 -0.1814 -0.0036 0.0939 0.0286 -0.3172 -0.0658 0.0290 0.0937 -0.3706 -0.0817 0.0243 0.1132 -0.3974 -0.0786 0.0120 0.1186 -0.3876 -0.0715 0.0130 0.1119 -0.3718 -0.0129 0.1151 -0.0630 0.0859 0.0157 0.3272 -0.0947 0.2946 0.0747 0.5193 -0.1272 0.4802 0.0832 0.5497 -0.1201 0.5150 0.0697 0.5815 -0.1573 0.5235
4: 0.0515 -0.1600 0.0642 -0.1586 0.0663 -0.1530 0.0684 -0.1472 0.0611 -0.1742 0.0609 -0.1793 0.0609 -0.1845 0.0751 -0.1290 0.0653 -0.1742 0.0480 -0.1364 0.0433 -0.1596 0.0546 -0.0201 0.0232 -0.1819 -0.0047 0.0905 0.0300 -0.3155 -0.0668 0.0326 0.0984 -0.3660 -0.0826 0.0277 0.1179 -0.3853 -0.0795 0.0150 0.1226 -0.3746 -0.0724 0.0154 0.1169 -0.3632 -0.0138 0.1150 -0.0637 0.0871 0.0150 0.3251 -0.0957 0.2913 0.0739 0.5167 -0.1282 0.4766 0.0822 0.5463 -0.1214 0.5118 0.0689 0.5785 -0.1594 0.5201
5: 0.0521 -0.1599 0.0651 -0.1577 0.0669 -0.1519 0.0689 -0.1454 0.0626 -0.1730 0.0627 -0.1779 0.0629 -0.1827 0.0756 -0.1250 0.0665 -0.1713 0.0480 -0.1365 0.0436 -0.1596 0.0540 -0.0172 0.0244 -0.1811 -0.0063 0.0935 0.0322 -0.3169 -0.0673 0.0424 0.1057 -0.3633 -0.0831 0.0372 0.1241 -0.3779 -0.0800 0.0262 0.1280 -0.3616 -0.0729 0.0279 0.1219 -0.3514 -0.0143 0.1130 -0.0641 0.0854 0.0145 0.3216 -0.0962 0.2876 0.0734 0.5140 -0.1291 0.4734 0.0816 0.5430 -0.1227 0.5083 0.0684 0.5751 -0.1624 0.5168
6: 0.0536 -0.1593 0.0664 -0.1572 0.0679 -0.1510 0.0698 -0.1441 0.0647 -0.1720 0.0650 -0.1768 0.0653 -0.1815 0.0769 -0.1214 0.0684 -0.1690 0.0489 -0.1361 0.0450 -0.1585 0.0536 -0.0117 0.0256 -0.1815 -0.0071 0.0968 0.0351 -0.3192 -0.0658 0.0603 0.1107 -0.3609 -0.0835 0.0375 0.1286 -0.3738 -0.0804 0.0273 0.1319 -0.3546 -0.0733 0.0288 0.1259 -0.3441 -0.0147 0.1108 -0.0645 0.0823 0.0141 0.3178 -0.0968 0.2839 0.0730 0.5119 -0.1296 0.4696 0.0812 0.5405 -0.1238 0.5045 0.0681 0.5713 -0.1632 0.5126
7: 0.0553 -0.1585 0.0681 -0.1558 0.0694 -0.1492 0.0710 -0.1420 0.0672 -0.1707 0.0676 -0.1754 0.0682 -0.1800 0.0782 -0.1181 0.0709 -0.1671 0.0498 -0.1354 0.0466 -0.1575 0.0532 -0.0074 0.0269 -0.1831 -0.0083 0.1024 0.0387 -0.3221 -0.0649 0.0700 0.1178 -0.3578 -0.0840 0.0384 0.1349 -0.3660 -0.0809 0.0328 0.1375 -0.3473 -0.0700 0.0456 0.1321 -0.3376 -0.0152 0.1097 -0.0649 0.0810 0.0139 0.3158 -0.0972 0.2815 0.0726 0.5102 -0.1303 0.4670 0.0809 0.5380 -0.1244 0.5014 0.0676 0.5697 -0.1635 0.5098
8: 0.0583 -0.1551 0.0706 -0.1521 0.0719 -0.1452 0.0735 -0.1379 0.0697 -0.1671 0.0702 -0.1718 0.0707 -0.1765 0.0801 -0.1136 0.0727 -0.1647 0.0518 -0.1323 0.0491 -0.1544 0.0531 -0.0067 0.0273 -0.1813 -0.0085 0.1048 0.0427 -0.3211 -0.0625 0.0891 0.1210 -0.3546 -0.0828 0.0550 0.1388 -0.3583 -0.0712 0.0745 0.1408 -0.3413 -0.0667 0.0727 0.1351 -0.3329 -0.0153 0.1085 -0.0651 0.0795 0.0138 0.3153 -0.0973 0.2793 0.0725 0.5103 -0.1303 0.4654 0.0809 0.5382 -0.1245 0.4992 0.0669 0.5681 -0.1636 0.5085
9: 0.0605 -0.1509 0.0727 -0.1469 0.0739 -0.1399 0.0755 -0.1324 0.0719 -0.1624 0.0724 -0.1671 0.0730 -0.1719 0.0817 -0.1092 0.0747 -0.1621 0.0536 -0.1289 0.0515 -0.1511 0.0530 -0.0051 0.0282 -0.1808 -0.0089 0.1061 0.0458 -0.3179 -0.0595 0.0928 0.1240 -0.3475 -0.0819 0.0581 0.1418 -0.3498 -0.0662 0.0806 0.1436 -0.3335 -0.0636 0.0770 0.1377 -0.3255 -0.0156 0.1077 -0.0654 0.0781 0.0135 0.3145 -0.0977 0.2773 0.0723 0.5102 -0.1307 0.4640 0.0810 0.5379 -0.1248 0.4977 0.0659 0.5661 -0.1633 0.5071
10: 0.0610 -0.1470 0.0732 -0.1426 0.0744 -0.1353 0.0760 -0.1276 0.0726 -0.1586 0.0732 -0.1633 0.0739 -0.1682 0.0824 -0.1042 0.0757 -0.1594 0.0541 -0.1256 0.0525 -0.1479 0.0524 -0.0032 0.0293 -0.1798 -0.0097 0.1088 0.0479 -0.3145 -0.0578 0.0976 0.1256 -0.3410 -0.0812 0.0592 0.1441 -0.3410 -0.0635 0.0878 0.1457 -0.3250 -0.0615 0.0834 0.1396 -0.3178 -0.0160 0.1063 -0.0659 0.0767 0.0129 0.3139 -0.0986 0.2758 0.0718 0.5087 -0.1314 0.4628 0.0804 0.5364 -0.1255 0.4962 0.0650 0.5646 -0.1636 0.5068
11: 0.0625 -0.1419 0.0747 -0.1363 0.0760 -0.1289 0.0775 -0.1209 0.0742 -0.1531 0.0748 -0.1578 0.0756 -0.1631 0.0836 -0.0985 0.0774 -0.1567 0.0550 -0.1215 0.0540 -0.1443 0.0519 -0.0022 0.0311 -0.1790 -0.0104 0.1093 0.0500 -0.3109 -0.0555 0.0904 0.1272 -0.3336 -0.0794 0.0596 0.1464 -0.3320 -0.0598 0.0777 0.1475 -0.3166 -0.0579 0.0744 0.1412 -0.3100 -0.0166 0.1058 -0.0665 0.0754 0.0122 0.3128 -0.0995 0.2749 0.0710 0.5075 -0.1319 0.4620 0.0794 0.5347 -0.1259 0.4958 0.0634 0.5635 -0.1642 0.5065
12: 0.0630 -0.1363 0.0753 -0.1308 0.0766 -0.1236 0.0783 -0.1157 0.0748 -0.1475 0.0755 -0.1523 0.0763 -0.1575 0.0844 -0.0942 0.0783 -0.1527 0.0555 -0.1167 0.0548 -0.1389 0.0516 -0.0005 0.0321 -0.1777 -0.0110 0.1085 0.0528 -0.3073 -0.0569 0.0896 0.1303 -0.3265 -0.0802 0.0574 0.1490 -0.3236 -0.0658 0.0754 0.1501 -0.3085 -0.0600 0.0737 0.1437 -0.3029 -0.0169 0.1046 -0.0669 0.0736 0.0112 0.3120 -0.1001 0.2739 0.0702 0.5064 -0.1319 0.4609 0.0787 0.5335 -0.1260 0.4948 0.0616 0.5624 -0.1648 0.5057
13: 0.0631 -0.1317 0.0758 -0.1266 0.0771 -0.1196 0.0788 -0.1119 0.0752 -0.1432 0.0759 -0.1480 0.0768 -0.1531 0.0851 -0.0907 0.0791 -0.1488 0.0559 -0.1128 0.0550 -0.1341 0.0515 0.0013 0.0330 -0.1760 -0.0114 0.1086 0.0553 -0.3032 -0.0576 0.0924 0.1324 -0.3214 -0.0824 0.0630 0.1515 -0.3170 -0.0673 0.0807 0.1525 -0.3025 -0.0615 0.0764 0.1460 -0.2972 -0.0171 0.1030 -0.0672 0.0718 0.0106 0.3104 -0.1004 0.2723 0.0700 0.5045 -0.1321 0.4595 0.0789 0.5318 -0.1258 0.4938 0.0611 0.5618 -0.1674 0.5056
14: 0.0632 -0.1276 0.0758 -0.1225 0.0772 -0.1155 0.0790 -0.1076 0.0752 -0.1394 0.0758 -0.1445 0.0766 -0.1498 0.0851 -0.0864 0.0791 -0.1463 0.0563 -0.1096 0.0552 -0.1304 0.0511 0.0046 0.0340 -0.1743 -0.0113 0.1077 0.0584 -0.2994 -0.0583 0.0890 0.1354 -0.3149 -0.0827 0.0571 0.1548 -0.3116 -0.0736 0.0776 0.1558 -0.2971 -0.0619 0.0714 0.1490 -0.2918 -0.0174 0.1005 -0.0677 0.0693 0.0102 0.3080 -0.1008 0.2700 0.0699 0.5002 -0.1326 0.4573 0.0789 0.5275 -0.1264 0.4931 0.0613 0.5593 -0.1711 0.5044
15: 0.0645 -0.1236 0.0769 -0.1172 0.0782 -0.1098 0.0799 -0.1015 0.0763 -0.1350 0.0769 -0.1403 0.0776 -0.1458 0.0855 -0.0806 0.0798 -0.1436 0.0574 -0.1062 0.0563 -0.1277 0.0509 0.0081 0.0346 -0.1734 -0.0114 0.1065 0.0616 -0.2972 -0.0591 0.0895 0.1380 -0.3084 -0.0846 0.0579 0.1574 -0.3041 -0.0792 0.0752 0.1582 -0.2900 -0.0632 0.0709 0.1514 -0.2854 -0.0174 0.0983 -0.0682 0.0671 0.0101 0.3057 -0.1009 0.2678 0.0708 0.4981 -0.1325 0.4553 0.0791 0.5254 -0.1264 0.4920 0.0620 0.5585 -0.1730 0.5024
16: 0.0659 -0.1220 0.0783 -0.1152 0.0795 -0.1077 0.0811 -0.0992 0.0777 -0.1331 0.0783 -0.1385 0.0790 -0.1441 0.0862 -0.0779 0.0809 -0.1420 0.0585 -0.1047 0.0576 -0.1262 0.0512 0.0101 0.0353 -0.1731 -0.0094 0.1073 0.0645 -0.2951 -0.0597 0.0981 0.1422 -0.3038 -0.0844 0.0607 0.1614 -0.2982 -0.0787 0.0870 0.1621 -0.2833 -0.0661 0.0812 0.1552 -0.2797 -0.0171 0.0970 -0.0695 0.0657 0.0106 0.3040 -0.1007 0.2681 0.0716 0.4968 -0.1314 0.4536 0.0799 0.5251 -0.1260 0.4905 0.0641 0.5591 -0.1725 0.5011
17: 0.0661 -0.1214 0.0787 -0.1145 0.0799 -0.1069 0.0814 -0.0984 0.0783 -0.1322 0.0789 -0.1375 0.0795 -0.1429 0.0865 -0.0760 0.0816 -0.1403 0.0587 -0.1039 0.0579 -0.1252 0.0511 0.0128 0.0362 -0.1729 -0.0072 0.1095 0.0682 -0.2942 -0.0601 0.1080 0.1445 -0.2985 -0.0837 0.0807 0.1641 -0.2930 -0.0785 0.0981 0.1645 -0.2773 -0.0677 0.0918 0.1573 -0.2736 -0.0172 0.0959 -0.0702 0.0641 0.0107 0.3026 -0.1007 0.2663 0.0714 0.4948 -0.1308 0.4519 0.0796 0.5231 -0.1262 0.4887 0.0676 0.5581 -0.1717 0.4993
18: 0.0668 -0.1193 0.0792 -0.1126 0.0805 -0.1052 0.0820 -0.0969 0.0787 -0.1298 0.0793 -0.1351 0.0798 -0.1405 0.0872 -0.0732 0.0820 -0.1373 0.0593 -0.1013 0.0584 -0.1225 0.0523 0.0121 0.0368 -0.1717 0.0157 0.1321 0.0705 -0.2919 -0.0356 0.1279 0.1471 -0.2919 -0.0509 0.1227 0.1666 -0.2846 -0.0492 0.1133 0.1668 -0.2696 -0.0452 0.1088 0.1596 -0.2672 -0.0177 0.0962 -0.0713 0.0635 0.0103 0.3016 -0.1011 0.2652 0.0708 0.4937 -0.1313 0.4508 0.0789 0.5215 -0.1282 0.4876 0.0698 0.5600 -0.1721 0.4982
19: 0.0661 -0.1169 0.0785 -0.1100 0.0797 -0.1024 0.0812 -0.0939 0.0781 -0.1274 0.0787 -0.1329 0.0793 -0.1385 0.0864 -0.0707 0.0817 -0.1357 0.0585 -0.0988 0.0576 -0.1201 0.0536 0.0127 0.0375 -0.1717 0.0289 0.1414 0.0719 -0.2899 -0.0133 0.1387 0.1479 -0.2856 -0.0253 0.1363 0.1674 -0.2816 -0.0226 0.1221 0.1672 -0.2663 -0.0204 0.1184 0.1599 -0.2629 -0.0184 0.0957 -0.0728 0.0633 0.0093 0.2991 -0.1021 0.2639 0.0699 0.4935 -0.1321 0.4485 0.0779 0.5219 -0.1294 0.4846 0.0708 0.5585 -0.1717 0.4939
20: 0.0672 -0.1169 0.0794 -0.1081 0.0805 -0.1001 0.0818 -0.0912 0.0794 -0.1262 0.0801 -0.1317 0.0808 -0.1372 0.0866 -0.0690 0.0830 -0.1342 0.0591 -0.0995 0.0586 -0.1216 0.0534 0.0147 0.0384 -0.1724 0.0151 0.1333 0.0746 -0.2890 -0.0180 0.1220 0.1504 -0.2822 -0.0343 0.1156 0.1705 -0.2778 -0.0304 0.1057 0.1699 -0.2621 -0.0338 0.1030 0.1620 -0.2589 -0.0183 0.0948 -0.0735 0.0629 0.0095 0.2955 -0.1021 0.2624 0.0701 0.4902 -0.1315 0.4448 0.0781 0.5184 -0.1290 0.4789 0.0713 0.5543 -0.1701 0.4900
21: 0.0679 -0.1154 0.0801 -0.1057 0.0810 -0.0975 0.0822 -0.0884 0.0803 -0.1242 0.0811 -0.1297 0.0819 -0.1351 0.0865 -0.0664 0.0838 -0.1316 0.0594 -0.0981 0.0593 -0.1205 0.0539 0.0143 0.0391 -0.1724 0.0143 0.1293 0.0763 -0.2862 -0.0292 0.1145 0.1520 -0.2763 -0.0473 0.1068 0.1729 -0.2714 -0.0377 0.0966 0.1720 -0.2556 -0.0362 0.0955 0.1637 -0.2526 -0.0186 0.0950 -0.0744 0.0630 0.0090 0.2934 -0.1025 0.2612 0.0698 0.4889 -0.1316 0.4430 0.0778 0.5170 -0.1293 0.4756 0.0706 0.5506 -0.1652 0.4864
22: 0.0684 -0.1151 0.0803 -0.1044 0.0811 -0.0961 0.0822 -0.0870 0.0809 -0.1231 0.0819 -0.1285 0.0828 -0.1337 0.0863 -0.0647 0.0846 -0.1296 0.0595 -0.0981 0.0598 -0.1205 0.0535 0.0165 0.0405 -0.1727 0.0025 0.1230 0.0783 -0.2843 -0.0487 0.1108 0.1548 -0.2717 -0.0653 0.1066 0.1757 -0.2657 -0.0620 0.0960 0.1753 -0.2504 -0.0594 0.0924 0.1668 -0.2480 -0.0188 0.0940 -0.0750 0.0622 0.0088 0.2916 -0.1029 0.2609 0.0696 0.4875 -0.1318 0.4410 0.0773 0.5151 -0.1295 0.4725 0.0701 0.5478 -0.1645 0.4840
23: 0.0690 -0.1134 0.0809 -0.1028 0.0816 -0.0948 0.0826 -0.0860 0.0816 -0.1208 0.0826 -0.1260 0.0836 -0.1312 0.0863 -0.0640 0.0853 -0.1270 0.0601 -0.0969 0.0604 -0.1190 0.0534 0.0186 0.0412 -0.1724 -0.0047 0.1179 0.0805 -0.2829 -0.0591 0.1064 0.1568 -0.2682 -0.0763 0.0999 0.1775 -0.2607 -0.0720 0.0929 0.1769 -0.2446 -0.0689 0.0886 0.1685 -0.2432 -0.0189 0.0927 -0.0758 0.0610 0.0089 0.2892 -0.1029 0.2622 0.0698 0.4862 -0.1315 0.4384 0.0763 0.5134 -0.1287 0.4688 0.0724 0.5449 -0.1628 0.4812
24: 0.0698 -0.1117 0.0815 -0.1008 0.0821 -0.0927 0.0830 -0.0838 0.0824 -0.1189 0.0834 -0.1241 0.0844 -0.1291 0.0864 -0.0622 0.0859 -0.1248 0.0605 -0.0954 0.0611 -0.1176 0.0532 0.0202 0.0418 -0.1713 -0.0087 0.1135 0.0827 -0.2807 -0.0625 0.1016 0.1595 -0.2650 -0.0782 0.0945 0.1801 -0.2568 -0.0745 0.0895 0.1795 -0.2412 -0.0711 0.0854 0.1709 -0.2403 -0.0190 0.0916 -0.0759 0.0596 0.0089 0.2875 -0.1029 0.2611 0.0701 0.4852 -0.1315 0.4364 0.0763 0.5131 -0.1286 0.4654 0.0739 0.5425 -0.1627 0.4781
25: 0.0704 -0.1095 0.0820 -0.0981 0.0825 -0.0901 0.0834 -0.0810 0.0830 -0.1164 0.0841 -0.1216 0.0852 -0.1267 0.0865 -0.0597 0.0867 -0.1227 0.0609 -0.0936 0.0617 -0.1158 0.0529 0.0211 0.0424 -0.1703 -0.0084 0.1112 0.0841 -0.2798 -0.0625 0.0982 0.1614 -0.2605 -0.0785 0.0913 0.1821 -0.2495 -0.0749 0.0868 0.1817 -0.2352 -0.0712 0.0810 0.1728 -0.2354 -0.0191 0.0908 -0.0761 0.0586 0.0088 0.2863 -0.1031 0.2602 0.0699 0.4856 -0.1317 0.4353 0.0761 0.5155 -0.1288 0.4641 0.0735 0.5404 -0.1630 0.4770
26: 0.0706 -0.1055 0.0821 -0.0941 0.0826 -0.0859 0.0835 -0.0768 0.0833 -0.1128 0.0845 -0.1183 0.0859 -0.1236 0.0865 -0.0566 0.0873 -0.1205 0.0610 -0.0899 0.0619 -0.1127 0.0527 0.0227 0.0429 -0.1696 -0.0083 0.1139 0.0862 -0.2796 -0.0627 0.0963 0.1630 -0.2570 -0.0790 0.0899 0.1835 -0.2449 -0.0755 0.0840 0.1830 -0.2312 -0.0716 0.0789 0.1741 -0.2317 -0.0192 0.0894 -0.0764 0.0575 0.0087 0.2848 -0.1035 0.2589 0.0697 0.4847 -0.1323 0.4339 0.0759 0.5143 -0.1289 0.4626 0.0753 0.5390 -0.1633 0.4756
27: 0.0705 -0.1018 0.0819 -0.0902 0.0824 -0.0818 0.0833 -0.0727 0.0832 -0.1096 0.0845 -0.1155 0.0859 -0.1213 0.0863 -0.0539 0.0872 -0.1191 0.0609 -0.0866 0.0618 -0.1101 0.0525 0.0239 0.0432 -0.1699 -0.0101 0.1138 0.0885 -0.2788 -0.0654 0.0943 0.1647 -0.2545 -0.0836 0.0679 0.1854 -0.2428 -0.0777 0.0821 0.1847 -0.2287 -0.0738 0.0761 0.1757 -0.2291 -0.0193 0.0887 -0.0766 0.0572 0.0089 0.2836 -0.1037 0.2570 0.0696 0.4829 -0.1329 0.4319 0.0773 0.5126 -0.1290 0.4605 0.0748 0.5371 -0.1644 0.4737
28: 0.0703 -0.0994 0.0817 -0.0878 0.0823 -0.0795 0.0832 -0.0707 0.0829 -0.1072 0.0842 -0.1132 0.0857 -0.1192 0.0860 -0.0519 0.0871 -0.1173 0.0607 -0.0847 0.0615 -0.1079 0.0523 0.0253 0.0438 -0.1697 -0.0115 0.1158 0.0902 -0.2782 -0.0678 0.1020 0.1668 -0.2511 -0.0846 0.0948 0.1878 -0.2387 -0.0803 0.0927 0.1869 -0.2252 -0.0765 0.0859 0.1778 -0.2258 -0.0193 0.0880 -0.0767 0.0565 0.0090 0.2829 -0.1039 0.2555 0.0694 0.4814 -0.1334 0.4306 0.0771 0.5123 -0.1291 0.4592 0.0755 0.5356 -0.1658 0.4729
29: 0.0703 -0.0986 0.0818 -0.0867 0.0823 -0.0784 0.0831 -0.0695 0.0829 -0.1060 0.0842 -0.1118 0.0856 -0.1176 0.0856 -0.0502 0.0870 -0.1153 0.0607 -0.0838 0.0616 -0.1068 0.0514 0.0255 0.0445 -0.1685 -0.0153 0.1146 0.0918 -0.2769 -0.0743 0.1135 0.1681 -0.2472 -0.0903 0.1159 0.1894 -0.2336 -0.0884 0.1106 0.1882 -0.2206 -0.0844 0.1018 0.1789 -0.2218 -0.0193 0.0873 -0.0767 0.0560 0.0093 0.2822 -0.1041 0.2549 0.0695 0.4804 -0.1332 0.4297 0.0772 0.5125 -0.1272 0.4583 0.0754 0.5348 -0.1657 0.4721
30: 0.0702 -0.0972 0.0817 -0.0854 0.0822 -0.0772 0.0831 -0.0684 0.0828 -0.1047 0.0842 -0.1106 0.0857 -0.1164 0.0855 -0.0491 0.0871 -0.1141 0.0606 -0.0826 0.0616 -0.1054 0.0509 0.0259 0.0451 -0.1680 -0.0151 0.1206 0.0934 -0.2759 -0.0739 0.1230 0.1700 -0.2422 -0.0899 0.1258 0.1919 -0.2274 -0.0882 0.1194 0.1906 -0.2149 -0.0841 0.1109 0.1814 -0.2163 -0.0194 0.0869 -0.0767 0.0551 0.0094 0.2823 -0.1049 0.2552 0.0698 0.4790 -0.1333 0.4283 0.0775 0.5121 -0.1267 0.4568 0.0752 0.5343 -0.1653 0.4707
31: 0.0709 -0.0978 0.0823 -0.0858 0.0827 -0.0775 0.0835 -0.0686 0.0837 -0.1052 0.0852 -0.1110 0.0868 -0.1168 0.0859 -0.0485 0.0880 -0.1139 0.0611 -0.0830 0.0620 -0.1062 0.0508 0.0259 0.0456 -0.1678 -0.0141 0.1210 0.0941 -0.2746 -0.0729 0.1173 0.1707 -0.2398 -0.0886 0.1170 0.1927 -0.2247 -0.0874 0.1105 0.1912 -0.2119 -0.0834 0.1034 0.1818 -0.2135 -0.0196 0.0872 -0.0767 0.0546 0.0098 0.2811 -0.1046 0.2540 0.0703 0.4766 -0.1328 0.4266 0.0780 0.5098 -0.1251 0.4550 0.0858 0.5325 -0.1641 0.4690
32: 0.0714 -0.0968 0.0827 -0.0848 0.0831 -0.0766 0.0838 -0.0676 0.0844 -0.1042 0.0860 -0.1101 0.0877 -0.1160 0.0861 -0.0478 0.0888 -0.1135 0.0614 -0.0822 0.0624 -0.1057 0.0505 0.0259 0.0460 -0.1672 -0.0135 0.1187 0.0952 -0.2734 -0.0714 0.1129 0.1716 -0.2366 -0.0880 0.0818 0.1934 -0.2207 -0.0836 0.1034 0.1918 -0.2083 -0.0800 0.0971 0.1823 -0.2101 -0.0198 0.0872 -0.0767 0.0540 0.0103 0.2816 -0.1044 0.2526 0.0705 0.4748 -0.1326 0.4252 0.0780 0.5075 -0.1239 0.4536 0.0874 0.5305 -0.1638 0.4678
33: 0.0715 -0.0953 0.0828 -0.0834 0.0830 -0.0752 0.0837 -0.0663 0.0846 -0.1028 0.0862 -0.1087 0.0880 -0.1146 0.0860 -0.0469 0.0890 -0.1129 0.0613 -0.0811 0.0624 -0.1046 0.0504 0.0256 0.0462 -0.1666 -0.0129 0.1198 0.0963 -0.2720 -0.0694 0.1112 0.1726 -0.2336 -0.0853 0.0850 0.1943 -0.2169 -0.0807 0.0993 0.1926 -0.2045 -0.0771 0.0938 0.1831 -0.2068 -0.0199 0.0873 -0.0768 0.0537 0.0106 0.2827 -0.1044 0.2515 0.0705 0.4737 -0.1326 0.4241 0.0776 0.5063 -0.1236 0.4524 0.0896 0.5294 -0.1638 0.4667
34: 0.0714 -0.0939 0.0827 -0.0820 0.0829 -0.0738 0.0836 -0.0649 0.0847 -0.1014 0.0863 -0.1074 0.0881 -0.1133 0.0858 -0.0460 0.0893 -0.1121 0.0612 -0.0802 0.0623 -0.1034 0.0503 0.0262 0.0468 -0.1668 -0.0127 0.1216 0.0973 -0.2705 -0.0689 0.1097 0.1729 -0.2316 -0.0850 0.0969 0.1945 -0.2147 -0.0805 0.0984 0.1925 -0.2023 -0.0768 0.0927 0.1829 -0.2047 -0.0202 0.0873 -0.0770 0.0533 0.0106 0.2832 -0.1045 0.2507 0.0705 0.4728 -0.1327 0.4234 0.0775 0.5045 -0.1232 0.4517 0.0901 0.5283 -0.1640 0.4661
35: 0.0716 -0.0922 0.0829 -0.0801 0.0831 -0.0719 0.0837 -0.0630 0.0849 -0.0999 0.0865 -0.1060 0.0884 -0.1120 0.0857 -0.0447 0.0896 -0.1112 0.0614 -0.0789 0.0625 -0.1021 0.0500 0.0265 0.0474 -0.1663 -0.0141 0.1204 0.0984 -0.2697 -0.0708 0.1229 0.1738 -0.2287 -0.0861 0.1248 0.1955 -0.2119 -0.0837 0.1200 0.1933 -0.1993 -0.0799 0.1113 0.1836 -0.2017 -0.0205 0.0871 -0.0768 0.0527 0.0108 0.2847 -0.1043 0.2500 0.0707 0.4721 -0.1325 0.4228 0.0777 0.5043 -0.1224 0.4514 0.0904 0.5276 -0.1638 0.4655
36: 0.0715 -0.0907 0.0828 -0.0787 0.0830 -0.0705 0.0835 -0.0618 0.0848 -0.0984 0.0864 -0.1045 0.0883 -0.1104 0.0855 -0.0439 0.0895 -0.1102 0.0613 -0.0776 0.0624 -0.1007 0.0498 0.0270 0.0480 -0.1661 -0.0168 0.1196 0.1012 -0.2702 -0.0750 0.1273 0.1743 -0.2252 -0.0902 0.1330 0.1959 -0.2079 -0.0892 0.1274 0.1936 -0.1955 -0.0852 0.1177 0.1839 -0.1980 -0.0208 0.0869 -0.0769 0.0524 0.0106 0.2849 -0.1044 0.2480 0.0706 0.4719 -0.1326 0.4227 0.0778 0.5042 -0.1223 0.4515 0.0894 0.5273 -0.1640 0.4656
37: 0.0713 -0.0894 0.0825 -0.0774 0.0827 -0.0693 0.0832 -0.0606 0.0846 -0.0971 0.0863 -0.1032 0.0882 -0.1092 0.0850 -0.0432 0.0894 -0.1091 0.0610 -0.0767 0.0622 -0.0997 0.0492 0.0277 0.0487 -0.1662 -0.0207 0.1182 0.1016 -0.2679 -0.0831 0.1503 0.1747 -0.2223 -0.0982 0.1661 0.1962 -0.2042 -0.0998 0.1613 0.1939 -0.1921 -0.0953 0.1476 0.1843 -0.1946 -0.0211 0.0867 -0.0770 0.0517 0.0101 0.2869 -0.1048 0.2476 0.0705 0.4716 -0.1329 0.4225 0.0782 0.5029 -0.1224 0.4514 0.0888 0.5271 -0.1642 0.4654
38: 0.0712 -0.0875 0.0824 -0.0756 0.0825 -0.0676 0.0830 -0.0591 0.0845 -0.0953 0.0862 -0.1014 0.0881 -0.1075 0.0848 -0.0422 0.0894 -0.1079 0.0609 -0.0751 0.0621 -0.0980 0.0490 0.0287 0.0492 -0.1662 -0.0223 0.1167 0.1036 -0.2678 -0.0869 0.1500 0.1750 -0.2196 -0.1025 0.1648 0.1964 -0.2013 -0.1044 0.1594 0.1940 -0.1893 -0.0998 0.1460 0.1845 -0.1921 -0.0212 0.0867 -0.0770 0.0509 0.0097 0.2878 -0.1049 0.2475 0.0705 0.4714 -0.1334 0.4226 0.0789 0.5020 -0.1226 0.4520 0.0884 0.5273 -0.1644 0.4654
39: 0.0710 -0.0867 0.0821 -0.0749 0.0822 -0.0670 0.0826 -0.0586 0.0843 -0.0946 0.0860 -0.1007 0.0880 -0.1068 0.0844 -0.0421 0.0892 -0.1073 0.0607 -0.0744 0.0619 -0.0971 0.0488 0.0299 0.0494 -0.1663 -0.0239 0.1145 0.1050 -0.2676 -0.0882 0.1461 0.1751 -0.2174 -0.1039 0.1596 0.1968 -0.1990 -0.1054 0.1542 0.1941 -0.1871 -0.1008 0.1413 0.1846 -0.1899 -0.0213 0.0865 -0.0770 0.0500 0.0095 0.2888 -0.1052 0.2469 0.0705 0.4710 -0.1341 0.4222 0.0795 0.5006 -0.1229 0.4522 0.0882 0.5270 -0.1649 0.4651
40: 0.0707 -0.0848 0.0818 -0.0733 0.0818 -0.0655 0.0822 -0.0573 0.0841 -0.0930 0.0858 -0.0992 0.0878 -0.1053 0.0840 -0.0415 0.0891 -0.1061 0.0604 -0.0728 0.0616 -0.0952 0.0485 0.0309 0.0498 -0.1663 -0.0245 0.1144 0.1066 -0.2666 -0.0893 0.1491 0.1760 -0.2132 -0.1052 0.1638 0.1978 -0.1942 -0.1068 0.1578 0.1950 -0.1822 -0.1021 0.1445 0.1852 -0.1853 -0.0214 0.0867 -0.0770 0.0487 0.0092 0.2890 -0.1055 0.2469 0.0702 0.4710 -0.1344 0.4223 0.0795 0.5001 -0.1232 0.4528 0.0884 0.5265 -0.1652 0.4651
