1: -0.0006 -0.2104 0.0064 -0.2251 0.0102 -0.2246 0.0129 -0.2243 -0.0060 -0.2257 -0.0095 -0.2257 -0.0132 -0.2255 0.0191 -0.2176 -0.0164 -0.2193 0.0079 -0.1917 -0.0066 -0.1917 0.0482 -0.1196 -0.0457 -0.1160 0.0606 -0.0155 -0.0584 -0.0014 0.0505 0.0724 -0.0543 0.0857 0.0494 0.1074 -0.0521 0.1268 0.0439 0.0988 -0.0469 0.1183 0.0415 0.0893 -0.0471 0.1007 0.0248 0.1175 -0.0272 0.1181 0.0183 0.2874 -0.0252 0.2933 0.0067 0.4353 -0.0172 0.4667 0.0041 0.4549 -0.0143 0.4938 0.0061 0.4882 -0.0209 0.5155
2: -0.0014 -0.2114 0.0055 -0.2261 0.0093 -0.2257 0.0121 -0.2253 -0.0065 -0.2266 -0.0100 -0.2266 -0.0137 -0.2263 0.0181 -0.2185 -0.0168 -0.2198 0.0069 -0.1935 -0.0077 -0.1937 0.0482 -0.1205 -0.0459 -0.1175 0.0607 -0.0139 -0.0590 -0.0018 0.0502 0.0771 -0.0546 0.0847 0.0488 0.1102 -0.0521 0.1255 0.0434 0.1021 -0.0469 0.1172 0.0413 0.0925 -0.0470 0.1000 0.0248 0.1183 -0.0272 0.1196 0.0182 0.2882 -0.0251 0.2930 0.0068 0.4279 -0.0173 0.4617 0.0041 0.4432 -0.0144 0.4825 0.0064 0.4867 -0.0195 0.5160
3: -0.0022 -0.2123 0.0044 -0.2270 0.0082 -0.2266 0.0113 -0.2263 -0.0072 -0.2275 -0.0109 -0.2273 -0.0144 -0.2270 0.0166 -0.2194 -0.0173 -0.2199 0.0059 -0.1948 -0.0090 -0.1950 0.0483 -0.1214 -0.0465 -0.1183 0.0609 -0.0142 -0.0591 -0.0009 0.0502 0.0790 -0.0542 0.0872 0.0490 0.1113 -0.0516 0.1264 0.0435 0.1034 -0.0463 0.1185 0.0416 0.0937 -0.0464 0.1041 0.0251 0.1187 -0.0269 0.1210 0.0184 0.2873 -0.0244 0.2934 0.0070 0.4244 -0.0166 0.4612 0.0041 0.4400 -0.0135 0.4825 0.0067 0.4828 -0.0177 0.5193
4: -0.0028 -0.2132 0.0035 -0.2279 0.0075 -0.2274 0.0108 -0.2271 -0.0079 -0.2282 -0.0118 -0.2280 -0.0151 -0.2276 0.0154 -0.2202 -0.0182 -0.2203 0.0052 -0.1960 -0.0100 -0.1961 0.0482 -0.1221 -0.0470 -0.1189 0.0611 -0.0149 -0.0590 -0.0010 0.0506 0.0790 -0.0539 0.0871 0.0494 0.1117 -0.0513 0.1260 0.0440 0.1036 -0.0460 0.1181 0.0420 0.0935 -0.0460 0.1042 0.0255 0.1190 -0.0266 0.1219 0.0188 0.2870 -0.0238 0.2950 0.0075 0.4217 -0.0159 0.4613 0.0045 0.4358 -0.0130 0.4825 0.0074 0.4814 -0.0158 0.5241
5: -0.0026 -0.2138 0.0031 -0.2285 0.0070 -0.2281 0.0105 -0.2278 -0.0082 -0.2287 -0.0122 -0.2285 -0.0153 -0.2280 0.0145 -0.2208 -0.0191 -0.2204 0.0050 -0.1968 -0.0101 -0.1968 0.0480 -0.1233 -0.0479 -0.1193 0.0611 -0.0158 -0.0586 0.0011 0.0511 0.0785 -0.0533 0.0874 0.0500 0.1112 -0.0508 0.1258 0.0447 0.1037 -0.0455 0.1178 0.0428 0.0934 -0.0455 0.1044 0.0260 0.1197 -0.0262 0.1227 0.0194 0.2868 -0.0230 0.2958 0.0084 0.4187 -0.0151 0.4613 0.0054 0.4310 -0.0121 0.4825 0.0083 0.4791 -0.0146 0.5258
6: -0.0048 -0.2161 0.0012 -0.2301 0.0052 -0.2298 0.0091 -0.2297 -0.0103 -0.2300 -0.0139 -0.2296 -0.0164 -0.2293 0.0136 -0.2225 -0.0204 -0.2210 0.0030 -0.1984 -0.0119 -0.1984 0.0479 -0.1244 -0.0486 -0.1192 0.0610 -0.0164 -0.0587 0.0014 0.0511 0.0819 -0.0523 0.0899 0.0499 0.1148 -0.0497 0.1276 0.0444 0.1102 -0.0444 0.1201 0.0428 0.0997 -0.0444 0.1074 0.0265 0.1205 -0.0259 0.1233 0.0202 0.2868 -0.0222 0.2963 0.0097 0.4150 -0.0141 0.4603 0.0066 0.4266 -0.0112 0.4767 0.0100 0.4760 -0.0130 0.5253
7: -0.0063 -0.2191 0.0001 -0.2325 0.0040 -0.2323 0.0081 -0.2322 -0.0118 -0.2321 -0.0149 -0.2318 -0.0176 -0.2317 0.0132 -0.2245 -0.0214 -0.2231 0.0019 -0.2005 -0.0129 -0.2008 0.0474 -0.1262 -0.0492 -0.1191 0.0609 -0.0160 -0.0586 0.0012 0.0509 0.0833 -0.0511 0.0909 0.0497 0.1174 -0.0483 0.1291 0.0440 0.1137 -0.0430 0.1218 0.0425 0.1030 -0.0430 0.1087 0.0273 0.1214 -0.0254 0.1239 0.0211 0.2880 -0.0212 0.2969 0.0110 0.4153 -0.0131 0.4572 0.0074 0.4275 -0.0105 0.4718 0.0115 0.4761 -0.0114 0.5243
8: -0.0091 -0.2207 -0.0022 -0.2347 0.0017 -0.2346 0.0058 -0.2343 -0.0138 -0.2344 -0.0165 -0.2342 -0.0197 -0.2340 0.0122 -0.2255 -0.0223 -0.2246 -0.0006 -0.2021 -0.0147 -0.2027 0.0462 -0.1287 -0.0496 -0.1184 0.0610 -0.0169 -0.0588 0.0021 0.0512 0.0838 -0.0499 0.0940 0.0499 0.1179 -0.0469 0.1315 0.0440 0.1144 -0.0413 0.1242 0.0427 0.1033 -0.0413 0.1112 0.0282 0.1223 -0.0247 0.1249 0.0220 0.2890 -0.0205 0.2977 0.0121 0.4149 -0.0121 0.4545 0.0084 0.4262 -0.0094 0.4671 0.0127 0.4752 -0.0102 0.5233
9: -0.0100 -0.2232 -0.0030 -0.2374 0.0009 -0.2372 0.0050 -0.2366 -0.0148 -0.2373 -0.0174 -0.2371 -0.0208 -0.2367 0.0115 -0.2267 -0.0233 -0.2261 -0.0014 -0.2041 -0.0156 -0.2049 0.0451 -0.1308 -0.0506 -0.1177 0.0614 -0.0205 -0.0587 0.0033 0.0517 0.0843 -0.0487 0.0978 0.0504 0.1184 -0.0456 0.1348 0.0446 0.1148 -0.0399 0.1277 0.0433 0.1035 -0.0399 0.1143 0.0293 0.1230 -0.0238 0.1257 0.0230 0.2896 -0.0195 0.2978 0.0132 0.4155 -0.0109 0.4545 0.0095 0.4268 -0.0080 0.4687 0.0139 0.4748 -0.0090 0.5201
10: -0.0111 -0.2238 -0.0041 -0.2383 -0.0001 -0.2381 0.0040 -0.2375 -0.0160 -0.2381 -0.0185 -0.2379 -0.0221 -0.2374 0.0106 -0.2272 -0.0245 -0.2264 -0.0024 -0.2048 -0.0167 -0.2054 0.0445 -0.1318 -0.0512 -0.1174 0.0619 -0.0206 -0.0586 0.0046 0.0517 0.0856 -0.0479 0.1003 0.0504 0.1201 -0.0447 0.1372 0.0445 0.1174 -0.0389 0.1307 0.0431 0.1060 -0.0390 0.1169 0.0300 0.1232 -0.0235 0.1259 0.0238 0.2885 -0.0190 0.2965 0.0142 0.4152 -0.0101 0.4545 0.0104 0.4268 -0.0071 0.4699 0.0146 0.4734 -0.0081 0.5147
11: -0.0116 -0.2243 -0.0049 -0.2391 -0.0009 -0.2390 0.0031 -0.2383 -0.0169 -0.2389 -0.0194 -0.2385 -0.0230 -0.2379 0.0098 -0.2279 -0.0255 -0.2266 -0.0028 -0.2053 -0.0172 -0.2057 0.0440 -0.1326 -0.0515 -0.1169 0.0618 -0.0223 -0.0584 0.0055 0.0521 0.0850 -0.0470 0.1016 0.0509 0.1198 -0.0437 0.1379 0.0450 0.1172 -0.0380 0.1311 0.0436 0.1061 -0.0381 0.1177 0.0306 0.1232 -0.0232 0.1262 0.0248 0.2888 -0.0184 0.2958 0.0153 0.4128 -0.0092 0.4545 0.0114 0.4218 -0.0062 0.4696 0.0154 0.4714 -0.0068 0.5135
12: -0.0122 -0.2242 -0.0056 -0.2392 -0.0015 -0.2392 0.0025 -0.2386 -0.0178 -0.2389 -0.0204 -0.2384 -0.0237 -0.2378 0.0089 -0.2285 -0.0262 -0.2266 -0.0031 -0.2053 -0.0176 -0.2056 0.0439 -0.1330 -0.0513 -0.1167 0.0615 -0.0223 -0.0588 0.0057 0.0520 0.0850 -0.0467 0.1019 0.0512 0.1199 -0.0433 0.1385 0.0452 0.1170 -0.0375 0.1319 0.0437 0.1060 -0.0376 0.1184 0.0307 0.1232 -0.0233 0.1263 0.0264 0.2893 -0.0181 0.2967 0.0172 0.4016 -0.0087 0.4546 0.0133 0.4063 -0.0057 0.4687 0.0161 0.4713 -0.0047 0.5142
13: -0.0117 -0.2236 -0.0052 -0.2388 -0.0012 -0.2388 0.0028 -0.2383 -0.0176 -0.2383 -0.0204 -0.2378 -0.0234 -0.2372 0.0086 -0.2284 -0.0263 -0.2263 -0.0028 -0.2050 -0.0174 -0.2051 0.0437 -0.1336 -0.0514 -0.1162 0.0611 -0.0229 -0.0589 0.0066 0.0521 0.0854 -0.0462 0.1038 0.0516 0.1203 -0.0427 0.1401 0.0454 0.1172 -0.0368 0.1339 0.0437 0.1061 -0.0369 0.1205 0.0308 0.1231 -0.0233 0.1266 0.0296 0.2884 -0.0177 0.2983 0.0209 0.3940 -0.0083 0.4553 0.0166 0.3985 -0.0050 0.4700 0.0197 0.4683 -0.0023 0.5165
14: -0.0106 -0.2228 -0.0043 -0.2379 -0.0002 -0.2379 0.0037 -0.2373 -0.0167 -0.2375 -0.0200 -0.2370 -0.0227 -0.2364 0.0088 -0.2278 -0.0261 -0.2256 -0.0019 -0.2042 -0.0167 -0.2043 0.0436 -0.1333 -0.0513 -0.1156 0.0611 -0.0223 -0.0589 0.0072 0.0523 0.0831 -0.0457 0.1044 0.0522 0.1190 -0.0421 0.1405 0.0461 0.1150 -0.0362 0.1342 0.0443 0.1030 -0.0363 0.1210 0.0308 0.1223 -0.0232 0.1265 0.0324 0.2890 -0.0173 0.3005 0.0250 0.3887 -0.0080 0.4559 0.0207 0.3943 -0.0045 0.4691 0.0269 0.4695 0.0001 0.5172
15: -0.0098 -0.2218 -0.0037 -0.2369 0.0003 -0.2369 0.0042 -0.2364 -0.0159 -0.2364 -0.0195 -0.2360 -0.0221 -0.2354 0.0090 -0.2272 -0.0256 -0.2248 -0.0012 -0.2034 -0.0162 -0.2033 0.0436 -0.1328 -0.0513 -0.1150 0.0618 -0.0218 -0.0586 0.0079 0.0527 0.0767 -0.0458 0.1050 0.0528 0.1131 -0.0421 0.1408 0.0467 0.1063 -0.0361 0.1349 0.0446 0.0947 -0.0361 0.1217 0.0309 0.1213 -0.0233 0.1264 0.0347 0.2891 -0.0169 0.3013 0.0274 0.3943 -0.0076 0.4538 0.0226 0.4016 -0.0041 0.4658 0.0339 0.4732 0.0020 0.5173
16: -0.0095 -0.2209 -0.0035 -0.2361 0.0007 -0.2362 0.0045 -0.2358 -0.0155 -0.2351 -0.0192 -0.2346 -0.0219 -0.2338 0.0092 -0.2266 -0.0253 -0.2243 -0.0008 -0.2028 -0.0160 -0.2022 0.0437 -0.1321 -0.0513 -0.1151 0.0621 -0.0206 -0.0585 0.0080 0.0524 0.0762 -0.0461 0.1051 0.0524 0.1123 -0.0424 0.1405 0.0459 0.1051 -0.0364 0.1351 0.0437 0.0930 -0.0364 0.1218 0.0308 0.1209 -0.0234 0.1263 0.0353 0.2898 -0.0167 0.3009 0.0286 0.4084 -0.0072 0.4520 0.0237 0.4176 -0.0034 0.4646 0.0385 0.4835 0.0020 0.5166
17: -0.0091 -0.2204 -0.0030 -0.2356 0.0011 -0.2358 0.0048 -0.2354 -0.0151 -0.2346 -0.0187 -0.2340 -0.0216 -0.2332 0.0095 -0.2262 -0.0250 -0.2238 -0.0004 -0.2023 -0.0156 -0.2016 0.0436 -0.1317 -0.0513 -0.1153 0.0623 -0.0202 -0.0587 0.0082 0.0522 0.0744 -0.0462 0.1054 0.0522 0.1094 -0.0425 0.1403 0.0455 0.1009 -0.0364 0.1353 0.0430 0.0899 -0.0364 0.1221 0.0309 0.1204 -0.0233 0.1266 0.0356 0.2902 -0.0164 0.3001 0.0297 0.4227 -0.0062 0.4497 0.0249 0.4341 -0.0026 0.4632 0.0419 0.4954 0.0020 0.5153
18: -0.0086 -0.2193 -0.0028 -0.2343 0.0013 -0.2345 0.0051 -0.2343 -0.0147 -0.2334 -0.0185 -0.2328 -0.0213 -0.2320 0.0098 -0.2258 -0.0247 -0.2234 -0.0002 -0.2013 -0.0152 -0.2002 0.0437 -0.1315 -0.0514 -0.1152 0.0625 -0.0199 -0.0588 0.0086 0.0521 0.0731 -0.0461 0.1055 0.0518 0.1072 -0.0425 0.1406 0.0448 0.0980 -0.0363 0.1354 0.0425 0.0878 -0.0363 0.1222 0.0310 0.1198 -0.0231 0.1268 0.0358 0.2908 -0.0159 0.2996 0.0318 0.4383 -0.0051 0.4493 0.0274 0.4541 -0.0016 0.4640 0.0433 0.5065 0.0021 0.5143
19: -0.0079 -0.2186 -0.0024 -0.2338 0.0014 -0.2339 0.0052 -0.2339 -0.0142 -0.2329 -0.0180 -0.2323 -0.0212 -0.2315 0.0100 -0.2257 -0.0245 -0.2234 0.0000 -0.2009 -0.0145 -0.1994 0.0437 -0.1315 -0.0515 -0.1153 0.0626 -0.0202 -0.0589 0.0092 0.0520 0.0723 -0.0460 0.1055 0.0515 0.1062 -0.0424 0.1406 0.0444 0.0971 -0.0361 0.1354 0.0421 0.0872 -0.0361 0.1221 0.0310 0.1197 -0.0231 0.1270 0.0357 0.2932 -0.0158 0.3001 0.0339 0.4573 -0.0042 0.4487 0.0294 0.4753 -0.0006 0.4642 0.0435 0.5204 0.0019 0.5137
20: -0.0077 -0.2175 -0.0023 -0.2327 0.0014 -0.2329 0.0052 -0.2330 -0.0140 -0.2316 -0.0180 -0.2309 -0.0212 -0.2301 0.0100 -0.2254 -0.0245 -0.2227 -0.0000 -0.2001 -0.0144 -0.1983 0.0436 -0.1314 -0.0516 -0.1153 0.0626 -0.0204 -0.0591 0.0097 0.0519 0.0705 -0.0458 0.1062 0.0514 0.1039 -0.0423 0.1411 0.0443 0.0943 -0.0358 0.1358 0.0421 0.0849 -0.0357 0.1230 0.0311 0.1196 -0.0231 0.1270 0.0354 0.2950 -0.0158 0.3000 0.0335 0.4670 -0.0040 0.4484 0.0295 0.4844 -0.0005 0.4643 0.0411 0.5257 0.0017 0.5128
21: -0.0078 -0.2162 -0.0023 -0.2314 0.0014 -0.2316 0.0051 -0.2317 -0.0140 -0.2302 -0.0179 -0.2295 -0.0212 -0.2288 0.0100 -0.2247 -0.0245 -0.2218 0.0000 -0.1992 -0.0144 -0.1972 0.0436 -0.1314 -0.0517 -0.1153 0.0626 -0.0209 -0.0592 0.0100 0.0519 0.0687 -0.0456 0.1069 0.0513 0.1019 -0.0421 0.1422 0.0443 0.0918 -0.0356 0.1373 0.0421 0.0827 -0.0354 0.1245 0.0312 0.1195 -0.0231 0.1269 0.0352 0.2956 -0.0157 0.2999 0.0327 0.4672 -0.0037 0.4485 0.0289 0.4846 -0.0003 0.4642 0.0399 0.5250 0.0015 0.5123
22: -0.0078 -0.2152 -0.0023 -0.2305 0.0014 -0.2307 0.0050 -0.2308 -0.0141 -0.2292 -0.0179 -0.2284 -0.0212 -0.2276 0.0099 -0.2241 -0.0247 -0.2207 0.0000 -0.1985 -0.0144 -0.1964 0.0436 -0.1313 -0.0518 -0.1151 0.0625 -0.0220 -0.0592 0.0108 0.0521 0.0661 -0.0456 0.1073 0.0516 0.0988 -0.0421 0.1430 0.0446 0.0892 -0.0357 0.1383 0.0423 0.0803 -0.0354 0.1254 0.0313 0.1195 -0.0229 0.1269 0.0351 0.2954 -0.0154 0.2986 0.0325 0.4656 -0.0033 0.4486 0.0283 0.4834 -0.0004 0.4644 0.0333 0.5236 0.0014 0.5114
23: -0.0077 -0.2150 -0.0023 -0.2302 0.0013 -0.2304 0.0048 -0.2305 -0.0140 -0.2289 -0.0179 -0.2281 -0.0212 -0.2273 0.0098 -0.2240 -0.0248 -0.2203 -0.0000 -0.1984 -0.0143 -0.1962 0.0434 -0.1312 -0.0519 -0.1147 0.0623 -0.0226 -0.0594 0.0109 0.0522 0.0647 -0.0457 0.1061 0.0518 0.0970 -0.0423 0.1421 0.0447 0.0876 -0.0359 0.1370 0.0424 0.0789 -0.0356 0.1236 0.0313 0.1191 -0.0227 0.1266 0.0345 0.2936 -0.0149 0.2965 0.0307 0.4624 -0.0030 0.4485 0.0273 0.4828 -0.0006 0.4655 0.0292 0.5200 0.0011 0.5082
24: -0.0074 -0.2146 -0.0020 -0.2298 0.0012 -0.2299 0.0047 -0.2300 -0.0136 -0.2286 -0.0176 -0.2277 -0.0209 -0.2270 0.0096 -0.2234 -0.0250 -0.2199 0.0001 -0.1983 -0.0140 -0.1962 0.0433 -0.1310 -0.0521 -0.1143 0.0623 -0.0243 -0.0594 0.0109 0.0530 0.0626 -0.0459 0.1038 0.0527 0.0943 -0.0425 0.1403 0.0456 0.0855 -0.0362 0.1348 0.0433 0.0771 -0.0359 0.1210 0.0313 0.1188 -0.0225 0.1264 0.0337 0.2900 -0.0147 0.2940 0.0269 0.4612 -0.0029 0.4487 0.0245 0.4871 -0.0008 0.4726 0.0264 0.5184 0.0009 0.5031
25: -0.0067 -0.2138 -0.0015 -0.2292 0.0013 -0.2292 0.0047 -0.2292 -0.0126 -0.2282 -0.0168 -0.2274 -0.0201 -0.2266 0.0096 -0.2224 -0.0251 -0.2193 0.0004 -0.1979 -0.0137 -0.1960 0.0432 -0.1306 -0.0520 -0.1143 0.0624 -0.0249 -0.0591 0.0105 0.0532 0.0629 -0.0462 0.1025 0.0528 0.0949 -0.0428 0.1391 0.0458 0.0861 -0.0368 0.1333 0.0435 0.0774 -0.0364 0.1194 0.0313 0.1184 -0.0224 0.1263 0.0325 0.2868 -0.0150 0.2925 0.0219 0.4619 -0.0028 0.4483 0.0184 0.4915 -0.0011 0.4757 0.0250 0.5166 0.0000 0.4954
26: -0.0062 -0.2123 -0.0010 -0.2279 0.0016 -0.2279 0.0051 -0.2277 -0.0121 -0.2267 -0.0163 -0.2260 -0.0196 -0.2251 0.0101 -0.2207 -0.0251 -0.2178 0.0007 -0.1970 -0.0133 -0.1953 0.0432 -0.1303 -0.0518 -0.1143 0.0625 -0.0258 -0.0590 0.0103 0.0533 0.0626 -0.0466 0.1013 0.0529 0.0946 -0.0432 0.1382 0.0461 0.0859 -0.0372 0.1322 0.0439 0.0770 -0.0368 0.1182 0.0310 0.1182 -0.0224 0.1264 0.0313 0.2852 -0.0154 0.2912 0.0195 0.4621 -0.0027 0.4468 0.0155 0.4921 -0.0015 0.4745 0.0234 0.5155 -0.0008 0.4871
27: -0.0056 -0.2118 -0.0005 -0.2274 0.0022 -0.2274 0.0060 -0.2272 -0.0116 -0.2261 -0.0158 -0.2254 -0.0192 -0.2245 0.0109 -0.2200 -0.0249 -0.2172 0.0012 -0.1964 -0.0128 -0.1950 0.0436 -0.1303 -0.0514 -0.1143 0.0625 -0.0267 -0.0589 0.0098 0.0538 0.0618 -0.0471 0.0980 0.0533 0.0943 -0.0437 0.1359 0.0467 0.0855 -0.0379 0.1289 0.0445 0.0763 -0.0375 0.1147 0.0306 0.1184 -0.0226 0.1264 0.0301 0.2842 -0.0159 0.2895 0.0164 0.4637 -0.0033 0.4462 0.0122 0.4967 -0.0021 0.4736 0.0193 0.5136 -0.0023 0.4830
28: -0.0050 -0.2118 0.0002 -0.2272 0.0031 -0.2273 0.0071 -0.2272 -0.0107 -0.2262 -0.0150 -0.2255 -0.0184 -0.2248 0.0122 -0.2198 -0.0239 -0.2176 0.0018 -0.1959 -0.0121 -0.1953 0.0441 -0.1296 -0.0509 -0.1150 0.0623 -0.0279 -0.0582 0.0082 0.0541 0.0606 -0.0476 0.0921 0.0536 0.0942 -0.0443 0.1303 0.0476 0.0854 -0.0388 0.1228 0.0455 0.0755 -0.0383 0.1092 0.0301 0.1189 -0.0231 0.1255 0.0281 0.2846 -0.0164 0.2884 0.0152 0.4663 -0.0038 0.4428 0.0116 0.5005 -0.0025 0.4684 0.0145 0.5114 -0.0036 0.4807
29: -0.0035 -0.2127 0.0014 -0.2280 0.0047 -0.2280 0.0084 -0.2277 -0.0089 -0.2272 -0.0131 -0.2266 -0.0168 -0.2259 0.0137 -0.2200 -0.0222 -0.2185 0.0027 -0.1962 -0.0105 -0.1961 0.0446 -0.1290 -0.0500 -0.1160 0.0618 -0.0292 -0.0577 0.0065 0.0540 0.0595 -0.0484 0.0896 0.0536 0.0933 -0.0451 0.1277 0.0479 0.0852 -0.0400 0.1206 0.0458 0.0749 -0.0393 0.1071 0.0291 0.1204 -0.0239 0.1246 0.0261 0.2883 -0.0172 0.2874 0.0132 0.4664 -0.0046 0.4358 0.0100 0.4975 -0.0033 0.4522 0.0120 0.5124 -0.0046 0.4795
30: -0.0022 -0.2132 0.0027 -0.2284 0.0063 -0.2284 0.0096 -0.2279 -0.0073 -0.2280 -0.0112 -0.2274 -0.0149 -0.2267 0.0156 -0.2198 -0.0202 -0.2193 0.0037 -0.1965 -0.0091 -0.1967 0.0452 -0.1285 -0.0489 -0.1167 0.0615 -0.0299 -0.0573 0.0051 0.0536 0.0592 -0.0490 0.0882 0.0533 0.0936 -0.0458 0.1264 0.0477 0.0862 -0.0408 0.1196 0.0456 0.0757 -0.0401 0.1058 0.0282 0.1213 -0.0246 0.1241 0.0247 0.2894 -0.0179 0.2871 0.0109 0.4659 -0.0055 0.4286 0.0077 0.4941 -0.0040 0.4411 0.0100 0.5189 -0.0058 0.4785
31: -0.0002 -0.2139 0.0052 -0.2291 0.0086 -0.2290 0.0117 -0.2285 -0.0049 -0.2287 -0.0087 -0.2283 -0.0124 -0.2277 0.0176 -0.2203 -0.0181 -0.2205 0.0055 -0.1972 -0.0071 -0.1973 0.0461 -0.1278 -0.0480 -0.1174 0.0609 -0.0294 -0.0570 0.0049 0.0529 0.0601 -0.0495 0.0879 0.0527 0.0947 -0.0467 0.1260 0.0474 0.0878 -0.0418 0.1192 0.0454 0.0771 -0.0410 0.1053 0.0272 0.1219 -0.0255 0.1235 0.0237 0.2888 -0.0186 0.2865 0.0100 0.4647 -0.0063 0.4255 0.0068 0.4920 -0.0041 0.4372 0.0085 0.5200 -0.0070 0.4773
32: 0.0009 -0.2139 0.0067 -0.2292 0.0101 -0.2290 0.0132 -0.2284 -0.0036 -0.2290 -0.0075 -0.2287 -0.0112 -0.2283 0.0191 -0.2200 -0.0169 -0.2218 0.0066 -0.1972 -0.0060 -0.1975 0.0475 -0.1274 -0.0472 -0.1192 0.0603 -0.0266 -0.0567 0.0057 0.0518 0.0664 -0.0499 0.0933 0.0516 0.1023 -0.0474 0.1304 0.0462 0.0961 -0.0425 0.1254 0.0443 0.0847 -0.0417 0.1117 0.0261 0.1228 -0.0263 0.1238 0.0226 0.2919 -0.0194 0.2893 0.0088 0.4646 -0.0074 0.4218 0.0060 0.4878 -0.0047 0.4302 0.0061 0.5214 -0.0087 0.4770
33: 0.0019 -0.2169 0.0081 -0.2309 0.0115 -0.2305 0.0149 -0.2302 -0.0024 -0.2314 -0.0061 -0.2316 -0.0100 -0.2319 0.0208 -0.2215 -0.0153 -0.2258 0.0076 -0.1991 -0.0051 -0.2003 0.0486 -0.1271 -0.0469 -0.1211 0.0609 -0.0251 -0.0562 0.0061 0.0513 0.0701 -0.0504 0.0934 0.0505 0.1061 -0.0480 0.1308 0.0452 0.0996 -0.0431 0.1257 0.0434 0.0878 -0.0423 0.1120 0.0253 0.1238 -0.0268 0.1243 0.0217 0.2947 -0.0202 0.2909 0.0080 0.4649 -0.0082 0.4192 0.0053 0.4833 -0.0047 0.4285 0.0047 0.5233 -0.0098 0.4765
34: 0.0031 -0.2222 0.0093 -0.2362 0.0129 -0.2356 0.0165 -0.2349 -0.0011 -0.2373 -0.0048 -0.2377 -0.0086 -0.2378 0.0219 -0.2252 -0.0138 -0.2306 0.0090 -0.2036 -0.0037 -0.2054 0.0498 -0.1266 -0.0463 -0.1235 0.0613 -0.0208 -0.0564 0.0023 0.0509 0.0739 -0.0514 0.0846 0.0495 0.1100 -0.0490 0.1233 0.0443 0.1030 -0.0443 0.1134 0.0428 0.0908 -0.0434 0.1011 0.0243 0.1250 -0.0279 0.1249 0.0206 0.2982 -0.0213 0.2949 0.0072 0.4648 -0.0093 0.4158 0.0044 0.4806 -0.0056 0.4259 0.0044 0.5241 -0.0110 0.4756
35: 0.0039 -0.2252 0.0103 -0.2395 0.0140 -0.2390 0.0177 -0.2382 -0.0004 -0.2406 -0.0040 -0.2410 -0.0078 -0.2409 0.0233 -0.2278 -0.0127 -0.2333 0.0099 -0.2062 -0.0029 -0.2080 0.0510 -0.1259 -0.0455 -0.1250 0.0615 -0.0156 -0.0566 -0.0003 0.0505 0.0764 -0.0524 0.0807 0.0485 0.1133 -0.0501 0.1195 0.0435 0.1058 -0.0454 0.1082 0.0422 0.0932 -0.0445 0.0962 0.0234 0.1257 -0.0289 0.1254 0.0196 0.2984 -0.0224 0.2965 0.0063 0.4639 -0.0104 0.4118 0.0035 0.4785 -0.0066 0.4215 0.0036 0.5241 -0.0124 0.4717
36: 0.0051 -0.2265 0.0115 -0.2406 0.0152 -0.2401 0.0189 -0.2392 0.0009 -0.2418 -0.0027 -0.2422 -0.0064 -0.2420 0.0244 -0.2286 -0.0111 -0.2346 0.0109 -0.2074 -0.0018 -0.2096 0.0517 -0.1252 -0.0444 -0.1264 0.0617 -0.0126 -0.0563 -0.0027 0.0497 0.0779 -0.0532 0.0795 0.0474 0.1151 -0.0512 0.1188 0.0424 0.1065 -0.0465 0.1077 0.0414 0.0940 -0.0456 0.0955 0.0225 0.1261 -0.0299 0.1254 0.0189 0.2987 -0.0237 0.2996 0.0054 0.4613 -0.0116 0.4115 0.0025 0.4751 -0.0077 0.4199 0.0025 0.5246 -0.0135 0.4724
37: 0.0064 -0.2272 0.0129 -0.2412 0.0165 -0.2406 0.0202 -0.2397 0.0023 -0.2424 -0.0013 -0.2428 -0.0049 -0.2426 0.0256 -0.2290 -0.0098 -0.2352 0.0122 -0.2080 -0.0006 -0.2103 0.0526 -0.1243 -0.0437 -0.1272 0.0615 -0.0085 -0.0564 -0.0022 0.0486 0.0816 -0.0539 0.0809 0.0459 0.1184 -0.0520 0.1204 0.0412 0.1091 -0.0471 0.1125 0.0402 0.0965 -0.0462 0.0967 0.0218 0.1265 -0.0308 0.1252 0.0182 0.3024 -0.0258 0.3040 0.0043 0.4610 -0.0140 0.4074 0.0014 0.4727 -0.0096 0.4129 0.0016 0.5245 -0.0147 0.4728
38: 0.0072 -0.2273 0.0138 -0.2413 0.0175 -0.2407 0.0211 -0.2398 0.0031 -0.2426 -0.0005 -0.2430 -0.0041 -0.2428 0.0267 -0.2290 -0.0088 -0.2353 0.0130 -0.2081 0.0002 -0.2105 0.0536 -0.1230 -0.0429 -0.1282 0.0613 -0.0034 -0.0563 -0.0028 0.0473 0.0904 -0.0544 0.0812 0.0432 0.1269 -0.0528 0.1224 0.0392 0.1169 -0.0478 0.1166 0.0389 0.1035 -0.0467 0.0997 0.0212 0.1266 -0.0318 0.1247 0.0173 0.3053 -0.0282 0.3053 0.0035 0.4610 -0.0176 0.3990 0.0003 0.4729 -0.0129 0.4035 0.0004 0.5243 -0.0160 0.4718
39: 0.0079 -0.2269 0.0147 -0.2407 0.0185 -0.2401 0.0220 -0.2391 0.0040 -0.2422 0.0004 -0.2427 -0.0033 -0.2426 0.0278 -0.2285 -0.0079 -0.2352 0.0136 -0.2076 0.0007 -0.2102 0.0543 -0.1219 -0.0423 -0.1292 0.0614 0.0004 -0.0559 -0.0026 0.0463 0.0968 -0.0544 0.0854 0.0413 0.1338 -0.0532 0.1276 0.0371 0.1248 -0.0479 0.1225 0.0376 0.1106 -0.0468 0.1073 0.0209 0.1270 -0.0326 0.1243 0.0170 0.3058 -0.0305 0.3053 0.0038 0.4611 -0.0204 0.3910 0.0003 0.4714 -0.0155 0.3962 -0.0006 0.5245 -0.0179 0.4715
40: 0.0087 -0.2266 0.0154 -0.2405 0.0192 -0.2397 0.0225 -0.2388 0.0047 -0.2421 0.0009 -0.2426 -0.0029 -0.2425 0.0281 -0.2280 -0.0077 -0.2349 0.0143 -0.2072 0.0012 -0.2098 0.0548 -0.1208 -0.0423 -0.1292 0.0617 0.0032 -0.0559 -0.0023 0.0453 0.1022 -0.0543 0.0862 0.0394 0.1398 -0.0535 0.1281 0.0367 0.1287 -0.0479 0.1234 0.0360 0.1173 -0.0469 0.1077 0.0209 0.1274 -0.0333 0.1228 0.0163 0.3069 -0.0329 0.3046 0.0037 0.4573 -0.0223 0.3883 0.0002 0.4639 -0.0168 0.3954 -0.0026 0.5247 -0.0231 0.4720
