1: 0.0036 -0.2176 0.0085 -0.2333 0.0110 -0.2327 0.0142 -0.2317 -0.0019 -0.2341 -0.0064 -0.2337 -0.0100 -0.2327 0.0188 -0.2213 -0.0163 -0.2220 0.0096 -0.1990 -0.0034 -0.1978 0.0490 -0.1272 -0.0470 -0.1239 0.0704 -0.0258 -0.0736 -0.0131 0.0411 0.0306 -0.0487 0.0273 0.0362 0.0552 -0.0426 0.0466 0.0302 0.0449 -0.0355 0.0320 0.0300 0.0371 -0.0354 0.0257 0.0244 0.1264 -0.0265 0.1247 0.0196 0.3052 -0.0287 0.3088 0.0086 0.4803 -0.0193 0.4422 0.0035 0.5027 -0.0164 0.4558 0.0087 0.5315 -0.0183 0.5007
2: 0.0045 -0.2183 0.0089 -0.2338 0.0116 -0.2331 0.0149 -0.2321 -0.0012 -0.2346 -0.0056 -0.2342 -0.0095 -0.2332 0.0192 -0.2216 -0.0159 -0.2224 0.0101 -0.1996 -0.0028 -0.1987 0.0490 -0.1270 -0.0468 -0.1246 0.0703 -0.0256 -0.0720 -0.0138 0.0426 0.0238 -0.0480 0.0260 0.0385 0.0479 -0.0420 0.0451 0.0328 0.0358 -0.0348 0.0303 0.0325 0.0282 -0.0346 0.0240 0.0243 0.1266 -0.0266 0.1250 0.0195 0.3060 -0.0281 0.3083 0.0077 0.4804 -0.0194 0.4370 0.0024 0.5018 -0.0166 0.4477 0.0088 0.5347 -0.0184 0.4964
3: 0.0065 -0.2211 0.0111 -0.2344 0.0143 -0.2338 0.0173 -0.2329 0.0013 -0.2351 -0.0028 -0.2347 -0.0070 -0.2341 0.0219 -0.2220 -0.0138 -0.2238 0.0117 -0.2020 -0.0009 -0.2018 0.0500 -0.1262 -0.0463 -0.1261 0.0707 -0.0244 -0.0718 -0.0165 0.0442 0.0205 -0.0481 0.0234 0.0395 0.0405 -0.0414 0.0426 0.0350 0.0276 -0.0344 0.0263 0.0354 0.0205 -0.0344 0.0201 0.0236 0.1270 -0.0273 0.1253 0.0188 0.3082 -0.0286 0.3087 0.0070 0.4818 -0.0206 0.4307 0.0016 0.5009 -0.0177 0.4417 0.0081 0.5412 -0.0201 0.4892
4: 0.0079 -0.2257 0.0131 -0.2383 0.0166 -0.2375 0.0200 -0.2364 0.0030 -0.2388 -0.0010 -0.2384 -0.0051 -0.2378 0.0255 -0.2237 -0.0117 -0.2270 0.0137 -0.2059 0.0009 -0.2066 0.0514 -0.1245 -0.0456 -0.1301 0.0698 -0.0197 -0.0709 -0.0214 0.0477 0.0169 -0.0480 0.0180 0.0436 0.0318 -0.0406 0.0365 0.0407 0.0161 -0.0338 0.0197 0.0408 0.0108 -0.0340 0.0136 0.0226 0.1287 -0.0284 0.1258 0.0178 0.3110 -0.0295 0.3099 0.0060 0.4835 -0.0217 0.4290 0.0008 0.5005 -0.0186 0.4397 0.0069 0.5445 -0.0213 0.4865
5: 0.0093 -0.2255 0.0150 -0.2386 0.0185 -0.2377 0.0220 -0.2365 0.0047 -0.2397 0.0006 -0.2395 -0.0033 -0.2392 0.0273 -0.2242 -0.0098 -0.2295 0.0151 -0.2054 0.0022 -0.2070 0.0522 -0.1230 -0.0447 -0.1339 0.0690 -0.0154 -0.0704 -0.0237 0.0527 0.0087 -0.0465 0.0150 0.0485 0.0181 -0.0390 0.0315 0.0459 0.0025 -0.0330 0.0152 0.0460 -0.0012 -0.0333 0.0094 0.0218 0.1311 -0.0293 0.1260 0.0166 0.3146 -0.0306 0.3127 0.0049 0.4847 -0.0225 0.4288 -0.0000 0.4986 -0.0194 0.4367 0.0059 0.5466 -0.0221 0.4863
6: 0.0099 -0.2272 0.0158 -0.2409 0.0194 -0.2399 0.0230 -0.2387 0.0055 -0.2421 0.0014 -0.2421 -0.0024 -0.2418 0.0283 -0.2264 -0.0087 -0.2322 0.0157 -0.2069 0.0027 -0.2090 0.0527 -0.1232 -0.0436 -0.1369 0.0682 -0.0136 -0.0699 -0.0275 0.0550 -0.0007 -0.0470 0.0024 0.0531 0.0073 -0.0396 0.0171 0.0499 -0.0065 -0.0335 0.0020 0.0490 -0.0096 -0.0338 -0.0039 0.0209 0.1326 -0.0302 0.1273 0.0156 0.3172 -0.0317 0.3139 0.0040 0.4850 -0.0237 0.4162 -0.0009 0.4972 -0.0205 0.4227 0.0049 0.5477 -0.0229 0.4845
7: 0.0105 -0.2276 0.0164 -0.2416 0.0200 -0.2407 0.0234 -0.2395 0.0064 -0.2429 0.0023 -0.2430 -0.0014 -0.2429 0.0288 -0.2276 -0.0076 -0.2339 0.0160 -0.2080 0.0034 -0.2102 0.0532 -0.1239 -0.0428 -0.1382 0.0688 -0.0079 -0.0703 -0.0265 0.0550 -0.0139 -0.0455 -0.0088 0.0523 -0.0087 -0.0385 -0.0011 0.0490 -0.0236 -0.0336 -0.0159 0.0485 -0.0256 -0.0338 -0.0193 0.0203 0.1341 -0.0308 0.1278 0.0150 0.3198 -0.0326 0.3125 0.0034 0.4855 -0.0249 0.4030 -0.0015 0.4973 -0.0216 0.4072 0.0042 0.5487 -0.0244 0.4777
8: 0.0105 -0.2297 0.0164 -0.2436 0.0201 -0.2427 0.0234 -0.2415 0.0062 -0.2448 0.0024 -0.2448 -0.0015 -0.2446 0.0290 -0.2288 -0.0070 -0.2355 0.0158 -0.2093 0.0031 -0.2115 0.0531 -0.1240 -0.0419 -0.1396 0.0704 -0.0028 -0.0699 -0.0252 0.0543 -0.0238 -0.0452 -0.0189 0.0517 -0.0222 -0.0386 -0.0174 0.0486 -0.0399 -0.0341 -0.0327 0.0478 -0.0405 -0.0344 -0.0344 0.0199 0.1359 -0.0312 0.1278 0.0144 0.3217 -0.0334 0.3103 0.0030 0.4772 -0.0254 0.4022 -0.0016 0.4878 -0.0219 0.4076 0.0028 0.5454 -0.0279 0.4786
9: 0.0099 -0.2265 0.0158 -0.2404 0.0196 -0.2396 0.0229 -0.2384 0.0057 -0.2419 0.0020 -0.2419 -0.0020 -0.2417 0.0285 -0.2265 -0.0070 -0.2330 0.0153 -0.2066 0.0026 -0.2088 0.0528 -0.1223 -0.0407 -0.1391 0.0735 0.0022 -0.0704 -0.0210 0.0545 -0.0310 -0.0449 -0.0368 0.0508 -0.0398 -0.0382 -0.0460 0.0485 -0.0534 -0.0346 -0.0589 0.0478 -0.0513 -0.0349 -0.0570 0.0195 0.1363 -0.0316 0.1249 0.0138 0.3252 -0.0340 0.3117 0.0027 0.4773 -0.0262 0.4116 -0.0019 0.4898 -0.0226 0.4187 0.0024 0.5437 -0.0298 0.4846
10: 0.0095 -0.2272 0.0154 -0.2409 0.0190 -0.2399 0.0223 -0.2387 0.0053 -0.2424 0.0016 -0.2424 -0.0024 -0.2420 0.0280 -0.2261 -0.0071 -0.2322 0.0151 -0.2065 0.0022 -0.2086 0.0530 -0.1202 -0.0404 -0.1372 0.0744 0.0057 -0.0702 -0.0174 0.0541 -0.0479 -0.0448 -0.0488 0.0499 -0.0627 -0.0383 -0.0621 0.0476 -0.0798 -0.0349 -0.0758 0.0469 -0.0762 -0.0349 -0.0726 0.0194 0.1355 -0.0318 0.1220 0.0137 0.3265 -0.0343 0.3117 0.0026 0.4748 -0.0268 0.4312 -0.0021 0.4881 -0.0234 0.4441 0.0029 0.5423 -0.0317 0.4977
11: 0.0090 -0.2283 0.0151 -0.2412 0.0187 -0.2401 0.0220 -0.2386 0.0050 -0.2433 0.0013 -0.2435 -0.0028 -0.2434 0.0277 -0.2256 -0.0072 -0.2326 0.0148 -0.2069 0.0017 -0.2100 0.0530 -0.1188 -0.0405 -0.1351 0.0760 0.0082 -0.0703 -0.0132 0.0539 -0.0554 -0.0450 -0.0602 0.0496 -0.0743 -0.0388 -0.0765 0.0473 -0.0913 -0.0365 -0.0911 0.0464 -0.0866 -0.0357 -0.0874 0.0194 0.1337 -0.0319 0.1204 0.0137 0.3252 -0.0345 0.3092 0.0026 0.4718 -0.0277 0.4520 -0.0021 0.4842 -0.0244 0.4667 0.0032 0.5394 -0.0328 0.5171
12: 0.0071 -0.2297 0.0147 -0.2423 0.0186 -0.2411 0.0219 -0.2395 0.0039 -0.2446 0.0006 -0.2448 -0.0030 -0.2449 0.0276 -0.2261 -0.0075 -0.2330 0.0136 -0.2074 0.0003 -0.2110 0.0529 -0.1190 -0.0405 -0.1344 0.0761 0.0087 -0.0704 -0.0104 0.0539 -0.0646 -0.0451 -0.0698 0.0499 -0.0883 -0.0408 -0.0914 0.0475 -0.1030 -0.0388 -0.1045 0.0462 -0.0974 -0.0370 -0.0993 0.0195 0.1330 -0.0318 0.1206 0.0135 0.3224 -0.0347 0.3069 0.0018 0.4724 -0.0289 0.4676 -0.0029 0.4859 -0.0258 0.4855 0.0031 0.5357 -0.0344 0.5320
13: 0.0053 -0.2300 0.0139 -0.2424 0.0180 -0.2410 0.0212 -0.2394 0.0027 -0.2450 -0.0003 -0.2452 -0.0035 -0.2453 0.0274 -0.2260 -0.0077 -0.2327 0.0121 -0.2076 -0.0011 -0.2115 0.0528 -0.1189 -0.0406 -0.1348 0.0763 0.0097 -0.0705 -0.0092 0.0537 -0.0654 -0.0453 -0.0721 0.0501 -0.0896 -0.0423 -0.0950 0.0480 -0.1044 -0.0405 -0.1068 0.0464 -0.0988 -0.0383 -0.1015 0.0195 0.1325 -0.0317 0.1210 0.0133 0.3199 -0.0349 0.3066 0.0014 0.4708 -0.0299 0.4759 -0.0031 0.4853 -0.0266 0.4957 0.0022 0.5312 -0.0357 0.5403
14: 0.0041 -0.2302 0.0131 -0.2429 0.0173 -0.2417 0.0206 -0.2401 0.0014 -0.2453 -0.0014 -0.2455 -0.0047 -0.2455 0.0268 -0.2268 -0.0083 -0.2334 0.0113 -0.2083 -0.0021 -0.2117 0.0527 -0.1187 -0.0407 -0.1335 0.0762 0.0095 -0.0706 -0.0070 0.0536 -0.0622 -0.0467 -0.0689 0.0505 -0.0856 -0.0444 -0.0912 0.0487 -0.1010 -0.0424 -0.1039 0.0467 -0.0954 -0.0400 -0.0987 0.0195 0.1317 -0.0316 0.1205 0.0132 0.3177 -0.0351 0.3062 0.0010 0.4700 -0.0314 0.4868 -0.0037 0.4856 -0.0278 0.5106 0.0021 0.5277 -0.0374 0.5436
15: 0.0039 -0.2282 0.0124 -0.2406 0.0169 -0.2395 0.0201 -0.2384 0.0004 -0.2428 -0.0024 -0.2429 -0.0059 -0.2429 0.0263 -0.2264 -0.0094 -0.2316 0.0113 -0.2069 -0.0025 -0.2099 0.0528 -0.1194 -0.0417 -0.1314 0.0762 0.0080 -0.0715 -0.0032 0.0540 -0.0590 -0.0506 -0.0615 0.0508 -0.0808 -0.0476 -0.0819 0.0491 -0.0973 -0.0455 -0.0969 0.0470 -0.0919 -0.0434 -0.0915 0.0200 0.1307 -0.0312 0.1200 0.0135 0.3149 -0.0349 0.3050 0.0010 0.4630 -0.0331 0.4860 -0.0040 0.4809 -0.0299 0.5094 0.0023 0.5224 -0.0367 0.5404
16: 0.0022 -0.2240 0.0097 -0.2381 0.0142 -0.2370 0.0176 -0.2361 -0.0018 -0.2387 -0.0050 -0.2382 -0.0083 -0.2376 0.0235 -0.2254 -0.0111 -0.2276 0.0098 -0.2045 -0.0043 -0.2063 0.0524 -0.1220 -0.0421 -0.1298 0.0759 0.0064 -0.0730 -0.0043 0.0539 -0.0584 -0.0557 -0.0647 0.0506 -0.0757 -0.0530 -0.0788 0.0488 -0.0916 -0.0495 -0.0921 0.0469 -0.0875 -0.0479 -0.0903 0.0203 0.1299 -0.0307 0.1221 0.0134 0.3113 -0.0349 0.3052 0.0009 0.4530 -0.0342 0.4810 -0.0042 0.4700 -0.0321 0.5023 0.0028 0.5142 -0.0358 0.5356
17: 0.0007 -0.2217 0.0076 -0.2361 0.0121 -0.2353 0.0156 -0.2344 -0.0035 -0.2357 -0.0069 -0.2351 -0.0099 -0.2343 0.0211 -0.2245 -0.0123 -0.2253 0.0084 -0.2028 -0.0060 -0.2043 0.0518 -0.1237 -0.0423 -0.1288 0.0763 0.0050 -0.0736 -0.0042 0.0542 -0.0484 -0.0611 -0.0516 0.0507 -0.0620 -0.0611 -0.0586 0.0489 -0.0756 -0.0577 -0.0698 0.0472 -0.0721 -0.0555 -0.0679 0.0208 0.1289 -0.0301 0.1236 0.0136 0.3092 -0.0342 0.3072 0.0012 0.4472 -0.0336 0.4785 -0.0039 0.4628 -0.0312 0.5001 0.0038 0.5085 -0.0334 0.5341
18: -0.0004 -0.2211 0.0061 -0.2356 0.0104 -0.2349 0.0141 -0.2341 -0.0048 -0.2350 -0.0083 -0.2343 -0.0109 -0.2335 0.0196 -0.2240 -0.0141 -0.2239 0.0070 -0.2026 -0.0075 -0.2036 0.0506 -0.1250 -0.0433 -0.1278 0.0766 0.0020 -0.0738 -0.0048 0.0549 -0.0352 -0.0614 -0.0452 0.0515 -0.0444 -0.0617 -0.0507 0.0495 -0.0608 -0.0589 -0.0604 0.0480 -0.0588 -0.0563 -0.0586 0.0216 0.1278 -0.0289 0.1251 0.0143 0.3058 -0.0330 0.3062 0.0020 0.4416 -0.0321 0.4795 -0.0030 0.4555 -0.0301 0.5022 0.0048 0.5041 -0.0278 0.5351
19: -0.0017 -0.2222 0.0050 -0.2367 0.0090 -0.2362 0.0129 -0.2353 -0.0062 -0.2362 -0.0094 -0.2354 -0.0118 -0.2345 0.0186 -0.2249 -0.0156 -0.2246 0.0058 -0.2038 -0.0087 -0.2048 0.0496 -0.1259 -0.0451 -0.1277 0.0774 0.0004 -0.0729 -0.0007 0.0555 -0.0289 -0.0624 -0.0335 0.0514 -0.0343 -0.0626 -0.0402 0.0488 -0.0514 -0.0608 -0.0520 0.0478 -0.0507 -0.0585 -0.0496 0.0230 0.1275 -0.0274 0.1262 0.0153 0.3046 -0.0312 0.3084 0.0038 0.4378 -0.0298 0.4801 -0.0010 0.4501 -0.0285 0.5016 0.0063 0.4998 -0.0232 0.5398
20: -0.0026 -0.2228 0.0038 -0.2374 0.0077 -0.2369 0.0115 -0.2360 -0.0079 -0.2370 -0.0107 -0.2363 -0.0136 -0.2353 0.0174 -0.2255 -0.0180 -0.2249 0.0050 -0.2043 -0.0095 -0.2052 0.0486 -0.1264 -0.0465 -0.1281 0.0771 -0.0011 -0.0717 -0.0000 0.0550 -0.0251 -0.0617 -0.0299 0.0509 -0.0282 -0.0625 -0.0344 0.0479 -0.0452 -0.0612 -0.0467 0.0472 -0.0454 -0.0586 -0.0448 0.0242 0.1274 -0.0261 0.1270 0.0165 0.3041 -0.0293 0.3107 0.0062 0.4314 -0.0280 0.4802 0.0014 0.4434 -0.0271 0.5002 0.0087 0.4946 -0.0193 0.5424
21: -0.0039 -0.2228 0.0023 -0.2373 0.0063 -0.2367 0.0101 -0.2355 -0.0094 -0.2371 -0.0120 -0.2364 -0.0152 -0.2356 0.0162 -0.2261 -0.0197 -0.2250 0.0040 -0.2041 -0.0105 -0.2051 0.0480 -0.1283 -0.0478 -0.1280 0.0758 -0.0045 -0.0704 -0.0008 0.0542 -0.0223 -0.0610 -0.0255 0.0500 -0.0245 -0.0628 -0.0248 0.0473 -0.0412 -0.0615 -0.0376 0.0467 -0.0419 -0.0585 -0.0376 0.0251 0.1282 -0.0252 0.1282 0.0181 0.3048 -0.0281 0.3147 0.0090 0.4223 -0.0262 0.4788 0.0042 0.4323 -0.0258 0.4976 0.0108 0.4890 -0.0177 0.5410
22: -0.0050 -0.2218 0.0009 -0.2363 0.0050 -0.2360 0.0089 -0.2353 -0.0107 -0.2362 -0.0133 -0.2356 -0.0169 -0.2348 0.0150 -0.2276 -0.0212 -0.2241 0.0032 -0.2030 -0.0114 -0.2043 0.0473 -0.1311 -0.0487 -0.1269 0.0749 -0.0102 -0.0692 -0.0004 0.0545 -0.0208 -0.0604 -0.0220 0.0490 -0.0232 -0.0625 -0.0192 0.0466 -0.0396 -0.0614 -0.0310 0.0466 -0.0402 -0.0582 -0.0324 0.0259 0.1290 -0.0245 0.1288 0.0199 0.3029 -0.0268 0.3149 0.0109 0.4069 -0.0250 0.4781 0.0064 0.4129 -0.0246 0.4971 0.0122 0.4813 -0.0157 0.5400
23: -0.0058 -0.2223 0.0001 -0.2370 0.0042 -0.2372 0.0082 -0.2370 -0.0116 -0.2360 -0.0141 -0.2353 -0.0177 -0.2344 0.0144 -0.2295 -0.0217 -0.2239 0.0027 -0.2030 -0.0119 -0.2036 0.0470 -0.1335 -0.0492 -0.1259 0.0752 -0.0131 -0.0683 0.0005 0.0542 -0.0221 -0.0600 -0.0216 0.0492 -0.0251 -0.0616 -0.0198 0.0465 -0.0411 -0.0604 -0.0320 0.0461 -0.0418 -0.0572 -0.0327 0.0264 0.1298 -0.0241 0.1295 0.0220 0.2999 -0.0255 0.3153 0.0127 0.3938 -0.0238 0.4782 0.0082 0.3997 -0.0235 0.4963 0.0140 0.4743 -0.0141 0.5400
24: -0.0060 -0.2242 -0.0000 -0.2396 0.0040 -0.2399 0.0078 -0.2398 -0.0119 -0.2379 -0.0146 -0.2372 -0.0177 -0.2362 0.0138 -0.2314 -0.0220 -0.2256 0.0027 -0.2040 -0.0120 -0.2040 0.0460 -0.1351 -0.0488 -0.1250 0.0749 -0.0152 -0.0676 0.0011 0.0541 -0.0217 -0.0586 -0.0216 0.0502 -0.0260 -0.0598 -0.0205 0.0472 -0.0419 -0.0582 -0.0330 0.0462 -0.0425 -0.0552 -0.0332 0.0265 0.1297 -0.0236 0.1305 0.0242 0.2956 -0.0246 0.3163 0.0136 0.3857 -0.0231 0.4769 0.0089 0.3925 -0.0227 0.4932 0.0169 0.4698 -0.0128 0.5393
25: -0.0059 -0.2237 0.0001 -0.2396 0.0041 -0.2399 0.0079 -0.2397 -0.0115 -0.2376 -0.0146 -0.2367 -0.0173 -0.2358 0.0134 -0.2311 -0.0215 -0.2263 0.0023 -0.2040 -0.0120 -0.2036 0.0451 -0.1354 -0.0488 -0.1249 0.0746 -0.0158 -0.0677 -0.0004 0.0541 -0.0210 -0.0579 -0.0200 0.0508 -0.0254 -0.0588 -0.0209 0.0477 -0.0409 -0.0570 -0.0337 0.0464 -0.0409 -0.0544 -0.0335 0.0269 0.1293 -0.0231 0.1311 0.0253 0.2961 -0.0238 0.3149 0.0145 0.3929 -0.0225 0.4723 0.0096 0.4009 -0.0220 0.4864 0.0186 0.4756 -0.0115 0.5358
26: -0.0048 -0.2242 0.0012 -0.2410 0.0051 -0.2411 0.0088 -0.2406 -0.0104 -0.2391 -0.0139 -0.2381 -0.0168 -0.2369 0.0135 -0.2308 -0.0211 -0.2273 0.0032 -0.2045 -0.0112 -0.2032 0.0446 -0.1349 -0.0487 -0.1253 0.0739 -0.0166 -0.0690 -0.0012 0.0543 -0.0219 -0.0571 -0.0225 0.0513 -0.0240 -0.0567 -0.0189 0.0481 -0.0396 -0.0548 -0.0329 0.0467 -0.0391 -0.0524 -0.0339 0.0270 0.1296 -0.0229 0.1307 0.0259 0.2984 -0.0235 0.3140 0.0150 0.4031 -0.0219 0.4666 0.0099 0.4121 -0.0208 0.4788 0.0197 0.4782 -0.0115 0.5350
27: -0.0045 -0.2258 0.0016 -0.2425 0.0054 -0.2426 0.0091 -0.2419 -0.0100 -0.2411 -0.0137 -0.2401 -0.0169 -0.2387 0.0133 -0.2314 -0.0208 -0.2287 0.0036 -0.2059 -0.0109 -0.2044 0.0450 -0.1346 -0.0488 -0.1252 0.0727 -0.0146 -0.0706 -0.0006 0.0534 -0.0239 -0.0566 -0.0232 0.0513 -0.0231 -0.0537 -0.0201 0.0480 -0.0386 -0.0520 -0.0347 0.0464 -0.0388 -0.0504 -0.0357 0.0269 0.1295 -0.0231 0.1301 0.0259 0.3007 -0.0236 0.3142 0.0151 0.4168 -0.0212 0.4627 0.0098 0.4258 -0.0192 0.4734 0.0202 0.4972 -0.0114 0.5331
28: -0.0041 -0.2272 0.0020 -0.2438 0.0059 -0.2437 0.0095 -0.2429 -0.0096 -0.2426 -0.0131 -0.2417 -0.0163 -0.2403 0.0136 -0.2320 -0.0203 -0.2295 0.0038 -0.2077 -0.0107 -0.2060 0.0451 -0.1338 -0.0489 -0.1253 0.0716 -0.0127 -0.0712 0.0003 0.0520 -0.0246 -0.0538 -0.0290 0.0508 -0.0230 -0.0482 -0.0307 0.0479 -0.0402 -0.0468 -0.0459 0.0460 -0.0407 -0.0460 -0.0463 0.0270 0.1298 -0.0232 0.1294 0.0261 0.3042 -0.0235 0.3148 0.0152 0.4401 -0.0200 0.4611 0.0099 0.4495 -0.0177 0.4718 0.0211 0.5157 -0.0115 0.5315
29: -0.0021 -0.2275 0.0027 -0.2440 0.0061 -0.2439 0.0099 -0.2433 -0.0083 -0.2425 -0.0124 -0.2415 -0.0159 -0.2400 0.0139 -0.2326 -0.0199 -0.2293 0.0050 -0.2084 -0.0089 -0.2062 0.0455 -0.1332 -0.0487 -0.1256 0.0706 -0.0124 -0.0712 0.0004 0.0519 -0.0255 -0.0520 -0.0297 0.0502 -0.0271 -0.0471 -0.0323 0.0478 -0.0443 -0.0455 -0.0483 0.0461 -0.0440 -0.0444 -0.0486 0.0270 0.1298 -0.0237 0.1289 0.0263 0.3077 -0.0233 0.3146 0.0153 0.4595 -0.0193 0.4621 0.0094 0.4746 -0.0171 0.4737 0.0236 0.5297 -0.0109 0.5238
30: 0.0001 -0.2272 0.0041 -0.2436 0.0067 -0.2437 0.0099 -0.2433 -0.0063 -0.2420 -0.0111 -0.2409 -0.0148 -0.2393 0.0141 -0.2322 -0.0197 -0.2287 0.0066 -0.2083 -0.0068 -0.2060 0.0457 -0.1327 -0.0486 -0.1255 0.0695 -0.0116 -0.0711 0.0006 0.0518 -0.0259 -0.0513 -0.0296 0.0501 -0.0293 -0.0460 -0.0328 0.0479 -0.0466 -0.0445 -0.0488 0.0461 -0.0459 -0.0436 -0.0486 0.0269 0.1298 -0.0240 0.1284 0.0261 0.3110 -0.0233 0.3142 0.0152 0.4749 -0.0189 0.4629 0.0092 0.4949 -0.0169 0.4768 0.0251 0.5372 -0.0109 0.5190
31: 0.0027 -0.2220 0.0055 -0.2385 0.0076 -0.2386 0.0104 -0.2386 -0.0045 -0.2364 -0.0092 -0.2348 -0.0131 -0.2328 0.0144 -0.2299 -0.0195 -0.2230 0.0083 -0.2048 -0.0041 -0.2025 0.0459 -0.1310 -0.0484 -0.1257 0.0683 -0.0088 -0.0709 0.0011 0.0521 -0.0267 -0.0510 -0.0290 0.0505 -0.0316 -0.0458 -0.0335 0.0491 -0.0488 -0.0443 -0.0492 0.0474 -0.0475 -0.0434 -0.0491 0.0268 0.1291 -0.0243 0.1276 0.0259 0.3113 -0.0233 0.3128 0.0156 0.4842 -0.0187 0.4620 0.0093 0.5053 -0.0168 0.4773 0.0261 0.5393 -0.0114 0.5145
32: 0.0040 -0.2177 0.0065 -0.2347 0.0083 -0.2351 0.0109 -0.2353 -0.0037 -0.2315 -0.0081 -0.2299 -0.0119 -0.2283 0.0145 -0.2273 -0.0190 -0.2195 0.0094 -0.2006 -0.0026 -0.1981 0.0464 -0.1280 -0.0485 -0.1259 0.0672 -0.0052 -0.0715 -0.0009 0.0520 -0.0259 -0.0509 -0.0267 0.0521 -0.0315 -0.0454 -0.0320 0.0508 -0.0485 -0.0438 -0.0477 0.0486 -0.0471 -0.0431 -0.0474 0.0266 0.1275 -0.0246 0.1263 0.0257 0.3095 -0.0235 0.3102 0.0161 0.4843 -0.0187 0.4561 0.0106 0.5060 -0.0166 0.4705 0.0246 0.5365 -0.0126 0.5094
33: 0.0057 -0.2125 0.0077 -0.2293 0.0096 -0.2298 0.0124 -0.2301 -0.0020 -0.2274 -0.0063 -0.2265 -0.0099 -0.2257 0.0154 -0.2233 -0.0179 -0.2172 0.0107 -0.1951 -0.0005 -0.1937 0.0465 -0.1267 -0.0484 -0.1263 0.0674 -0.0044 -0.0717 -0.0022 0.0521 -0.0252 -0.0501 -0.0246 0.0529 -0.0272 -0.0451 -0.0290 0.0509 -0.0456 -0.0431 -0.0445 0.0487 -0.0455 -0.0424 -0.0438 0.0265 0.1263 -0.0247 0.1265 0.0252 0.3063 -0.0237 0.3072 0.0162 0.4816 -0.0188 0.4451 0.0117 0.5020 -0.0164 0.4548 0.0189 0.5320 -0.0138 0.5029
34: 0.0059 -0.2089 0.0080 -0.2263 0.0102 -0.2268 0.0134 -0.2274 -0.0015 -0.2247 -0.0056 -0.2241 -0.0092 -0.2236 0.0166 -0.2209 -0.0168 -0.2154 0.0110 -0.1913 0.0001 -0.1907 0.0472 -0.1258 -0.0476 -0.1267 0.0671 -0.0029 -0.0724 -0.0047 0.0515 -0.0248 -0.0504 -0.0222 0.0531 -0.0235 -0.0451 -0.0241 0.0503 -0.0410 -0.0428 -0.0397 0.0480 -0.0423 -0.0425 -0.0393 0.0258 0.1260 -0.0253 0.1265 0.0239 0.3043 -0.0244 0.3049 0.0152 0.4828 -0.0195 0.4344 0.0110 0.5000 -0.0168 0.4438 0.0146 0.5339 -0.0166 0.4932
35: 0.0077 -0.2088 0.0110 -0.2261 0.0138 -0.2264 0.0166 -0.2265 0.0017 -0.2254 -0.0024 -0.2250 -0.0065 -0.2246 0.0203 -0.2195 -0.0149 -0.2171 0.0128 -0.1908 0.0019 -0.1907 0.0481 -0.1246 -0.0468 -0.1280 0.0673 0.0006 -0.0724 -0.0061 0.0506 -0.0227 -0.0495 -0.0234 0.0525 -0.0215 -0.0448 -0.0253 0.0494 -0.0386 -0.0425 -0.0405 0.0472 -0.0399 -0.0421 -0.0401 0.0248 0.1267 -0.0261 0.1260 0.0222 0.3059 -0.0253 0.3042 0.0123 0.4841 -0.0207 0.4295 0.0072 0.5003 -0.0179 0.4368 0.0133 0.5389 -0.0189 0.4861
36: 0.0093 -0.2107 0.0132 -0.2275 0.0158 -0.2278 0.0187 -0.2278 0.0037 -0.2267 -0.0005 -0.2264 -0.0047 -0.2260 0.0222 -0.2206 -0.0133 -0.2186 0.0144 -0.1925 0.0035 -0.1922 0.0493 -0.1246 -0.0454 -0.1289 0.0665 0.0020 -0.0724 -0.0084 0.0499 -0.0217 -0.0491 -0.0248 0.0515 -0.0214 -0.0449 -0.0259 0.0485 -0.0382 -0.0426 -0.0409 0.0464 -0.0390 -0.0421 -0.0408 0.0234 0.1278 -0.0273 0.1256 0.0203 0.3101 -0.0267 0.3048 0.0105 0.4840 -0.0224 0.4247 0.0053 0.4975 -0.0194 0.4324 0.0114 0.5423 -0.0207 0.4816
37: 0.0105 -0.2100 0.0147 -0.2268 0.0172 -0.2269 0.0203 -0.2268 0.0051 -0.2262 0.0009 -0.2260 -0.0033 -0.2256 0.0237 -0.2197 -0.0119 -0.2185 0.0153 -0.1918 0.0046 -0.1918 0.0508 -0.1245 -0.0444 -0.1309 0.0653 0.0015 -0.0711 -0.0134 0.0496 -0.0188 -0.0485 -0.0245 0.0518 -0.0185 -0.0438 -0.0244 0.0491 -0.0350 -0.0418 -0.0390 0.0468 -0.0358 -0.0413 -0.0397 0.0221 0.1289 -0.0285 0.1264 0.0187 0.3122 -0.0281 0.3058 0.0087 0.4806 -0.0236 0.4260 0.0038 0.4943 -0.0205 0.4359 0.0091 0.5418 -0.0220 0.4823
38: 0.0113 -0.2099 0.0159 -0.2268 0.0185 -0.2269 0.0217 -0.2267 0.0060 -0.2262 0.0017 -0.2259 -0.0025 -0.2254 0.0253 -0.2194 -0.0108 -0.2176 0.0160 -0.1918 0.0052 -0.1917 0.0522 -0.1239 -0.0439 -0.1333 0.0647 0.0015 -0.0701 -0.0167 0.0496 -0.0183 -0.0485 -0.0238 0.0520 -0.0176 -0.0439 -0.0237 0.0494 -0.0345 -0.0417 -0.0377 0.0469 -0.0355 -0.0412 -0.0388 0.0210 0.1301 -0.0294 0.1273 0.0165 0.3142 -0.0293 0.3071 0.0070 0.4792 -0.0245 0.4282 0.0022 0.4931 -0.0213 0.4389 0.0078 0.5415 -0.0228 0.4831
39: 0.0112 -0.2092 0.0163 -0.2266 0.0190 -0.2265 0.0221 -0.2263 0.0061 -0.2266 0.0017 -0.2267 -0.0026 -0.2266 0.0260 -0.2188 -0.0103 -0.2198 0.0162 -0.1912 0.0049 -0.1917 0.0528 -0.1233 -0.0430 -0.1361 0.0641 0.0018 -0.0694 -0.0207 0.0499 -0.0179 -0.0482 -0.0238 0.0517 -0.0177 -0.0442 -0.0230 0.0494 -0.0348 -0.0419 -0.0370 0.0471 -0.0356 -0.0412 -0.0383 0.0202 0.1314 -0.0300 0.1281 0.0154 0.3160 -0.0302 0.3088 0.0057 0.4786 -0.0252 0.4196 0.0012 0.4929 -0.0221 0.4265 0.0068 0.5406 -0.0234 0.4808
40: 0.0108 -0.2076 0.0158 -0.2254 0.0189 -0.2253 0.0217 -0.2249 0.0056 -0.2257 0.0013 -0.2260 -0.0029 -0.2259 0.0258 -0.2180 -0.0102 -0.2205 0.0158 -0.1902 0.0044 -0.1911 0.0535 -0.1225 -0.0428 -0.1376 0.0667 0.0032 -0.0700 -0.0225 0.0511 -0.0166 -0.0491 -0.0226 0.0502 -0.0165 -0.0453 -0.0205 0.0484 -0.0333 -0.0428 -0.0352 0.0464 -0.0342 -0.0420 -0.0368 0.0197 0.1329 -0.0305 0.1272 0.0147 0.3176 -0.0309 0.3090 0.0047 0.4800 -0.0259 0.4082 0.0004 0.4923 -0.0227 0.4121 0.0056 0.5415 -0.0249 0.4764
