1: 0.0111 -0.2067 0.0177 -0.2196 0.0211 -0.2188 0.0237 -0.2178 0.0074 -0.2214 0.0041 -0.2212 0.0007 -0.2209 0.0286 -0.2088 -0.0031 -0.2139 0.0174 -0.1888 0.0045 -0.1915 0.0527 -0.1115 -0.0389 -0.1291 0.0652 -0.0021 -0.0689 -0.0249 0.0420 0.0208 -0.0341 -0.0086 0.0329 0.0359 -0.0233 -0.0059 0.0303 0.0180 -0.0183 -0.0202 0.0320 0.0135 -0.0195 -0.0227 0.0187 0.1243 -0.0324 0.1161 0.0095 0.3038 -0.0343 0.2927 -0.0011 0.4643 -0.0216 0.3927 -0.0043 0.4801 -0.0178 0.3974 -0.0046 0.5275 -0.0207 0.4526
2: 0.0121 -0.2078 0.0185 -0.2208 0.0215 -0.2200 0.0243 -0.2190 0.0081 -0.2227 0.0044 -0.2228 0.0010 -0.2226 0.0291 -0.2100 -0.0031 -0.2154 0.0179 -0.1889 0.0050 -0.1917 0.0530 -0.1122 -0.0389 -0.1310 0.0652 -0.0020 -0.0699 -0.0245 0.0438 0.0169 -0.0336 -0.0119 0.0358 0.0275 -0.0228 -0.0078 0.0328 0.0132 -0.0180 -0.0237 0.0341 0.0089 -0.0193 -0.0263 0.0185 0.1257 -0.0325 0.1173 0.0099 0.3018 -0.0345 0.2907 -0.0005 0.4648 -0.0221 0.3863 -0.0036 0.4797 -0.0179 0.3936 -0.0057 0.5253 -0.0261 0.4513
3: 0.0125 -0.2092 0.0188 -0.2220 0.0216 -0.2213 0.0245 -0.2203 0.0085 -0.2243 0.0046 -0.2248 0.0013 -0.2248 0.0293 -0.2113 -0.0032 -0.2178 0.0181 -0.1897 0.0054 -0.1924 0.0533 -0.1133 -0.0388 -0.1322 0.0657 -0.0027 -0.0702 -0.0251 0.0442 0.0152 -0.0337 -0.0161 0.0360 0.0230 -0.0229 -0.0119 0.0337 0.0090 -0.0183 -0.0279 0.0350 0.0049 -0.0197 -0.0301 0.0180 0.1267 -0.0326 0.1186 0.0099 0.3014 -0.0354 0.2918 0.0003 0.4639 -0.0224 0.3827 -0.0023 0.4783 -0.0180 0.3893 -0.0067 0.5235 -0.0293 0.4524
4: 0.0128 -0.2096 0.0190 -0.2227 0.0217 -0.2219 0.0246 -0.2208 0.0087 -0.2251 0.0046 -0.2255 0.0013 -0.2255 0.0294 -0.2115 -0.0033 -0.2185 0.0183 -0.1894 0.0056 -0.1919 0.0535 -0.1131 -0.0383 -0.1316 0.0663 -0.0019 -0.0704 -0.0240 0.0447 0.0162 -0.0347 -0.0174 0.0361 0.0223 -0.0243 -0.0137 0.0340 0.0084 -0.0207 -0.0309 0.0355 0.0046 -0.0220 -0.0325 0.0176 0.1270 -0.0329 0.1177 0.0099 0.3027 -0.0364 0.2933 0.0002 0.4582 -0.0227 0.3875 -0.0024 0.4685 -0.0182 0.3948 -0.0070 0.5213 -0.0307 0.4594
5: 0.0128 -0.2088 0.0191 -0.2218 0.0217 -0.2210 0.0246 -0.2200 0.0087 -0.2240 0.0045 -0.2244 0.0013 -0.2242 0.0295 -0.2105 -0.0034 -0.2168 0.0184 -0.1885 0.0057 -0.1907 0.0538 -0.1121 -0.0380 -0.1298 0.0672 -0.0001 -0.0697 -0.0211 0.0445 0.0171 -0.0349 -0.0154 0.0359 0.0224 -0.0249 -0.0135 0.0341 0.0080 -0.0217 -0.0310 0.0356 0.0040 -0.0229 -0.0320 0.0172 0.1261 -0.0330 0.1158 0.0106 0.3008 -0.0370 0.2940 0.0007 0.4538 -0.0228 0.4092 -0.0023 0.4650 -0.0183 0.4197 -0.0066 0.5174 -0.0305 0.4759
6: 0.0126 -0.2075 0.0188 -0.2207 0.0215 -0.2199 0.0244 -0.2191 0.0083 -0.2226 0.0042 -0.2228 0.0011 -0.2226 0.0293 -0.2100 -0.0036 -0.2152 0.0182 -0.1874 0.0055 -0.1894 0.0542 -0.1114 -0.0379 -0.1294 0.0677 -0.0001 -0.0698 -0.0216 0.0445 0.0154 -0.0361 -0.0144 0.0358 0.0207 -0.0270 -0.0118 0.0340 0.0056 -0.0238 -0.0294 0.0357 0.0015 -0.0249 -0.0308 0.0170 0.1256 -0.0332 0.1152 0.0113 0.3003 -0.0373 0.2950 0.0006 0.4529 -0.0236 0.4318 -0.0025 0.4659 -0.0192 0.4461 -0.0049 0.5156 -0.0312 0.4962
7: 0.0122 -0.2067 0.0182 -0.2201 0.0211 -0.2192 0.0239 -0.2183 0.0077 -0.2218 0.0040 -0.2218 0.0009 -0.2214 0.0289 -0.2090 -0.0037 -0.2141 0.0179 -0.1867 0.0053 -0.1888 0.0544 -0.1109 -0.0380 -0.1289 0.0680 0.0002 -0.0689 -0.0211 0.0445 0.0148 -0.0363 -0.0133 0.0357 0.0203 -0.0279 -0.0107 0.0340 0.0042 -0.0245 -0.0277 0.0358 -0.0000 -0.0254 -0.0292 0.0169 0.1248 -0.0333 0.1150 0.0118 0.2978 -0.0372 0.2947 0.0005 0.4516 -0.0244 0.4468 -0.0027 0.4652 -0.0198 0.4633 -0.0048 0.5110 -0.0333 0.5104
8: 0.0116 -0.2055 0.0173 -0.2192 0.0204 -0.2186 0.0231 -0.2179 0.0070 -0.2200 0.0034 -0.2197 0.0004 -0.2191 0.0281 -0.2092 -0.0042 -0.2118 0.0175 -0.1865 0.0049 -0.1883 0.0544 -0.1110 -0.0380 -0.1288 0.0676 -0.0000 -0.0684 -0.0195 0.0437 0.0152 -0.0367 -0.0122 0.0346 0.0205 -0.0285 -0.0096 0.0334 0.0048 -0.0250 -0.0262 0.0354 0.0006 -0.0259 -0.0271 0.0168 0.1249 -0.0331 0.1151 0.0116 0.2966 -0.0369 0.2945 0.0001 0.4515 -0.0252 0.4634 -0.0031 0.4664 -0.0203 0.4854 -0.0052 0.5058 -0.0358 0.5187
9: 0.0104 -0.2041 0.0160 -0.2180 0.0191 -0.2175 0.0220 -0.2170 0.0057 -0.2182 0.0023 -0.2179 -0.0008 -0.2175 0.0267 -0.2090 -0.0053 -0.2097 0.0167 -0.1859 0.0041 -0.1871 0.0539 -0.1119 -0.0385 -0.1271 0.0671 -0.0015 -0.0677 -0.0172 0.0410 0.0147 -0.0362 -0.0046 0.0321 0.0205 -0.0293 0.0027 0.0321 0.0070 -0.0256 -0.0136 0.0340 0.0029 -0.0263 -0.0168 0.0171 0.1228 -0.0325 0.1162 0.0113 0.2949 -0.0367 0.2939 -0.0005 0.4477 -0.0269 0.4675 -0.0039 0.4640 -0.0223 0.4956 -0.0057 0.5000 -0.0385 0.5163
10: 0.0092 -0.2036 0.0145 -0.2175 0.0179 -0.2175 0.0208 -0.2170 0.0042 -0.2173 0.0010 -0.2173 -0.0025 -0.2168 0.0254 -0.2091 -0.0066 -0.2081 0.0160 -0.1857 0.0031 -0.1865 0.0534 -0.1122 -0.0391 -0.1243 0.0668 -0.0031 -0.0677 -0.0151 0.0386 0.0164 -0.0367 0.0014 0.0301 0.0254 -0.0310 0.0095 0.0292 0.0121 -0.0270 -0.0075 0.0310 0.0079 -0.0272 -0.0104 0.0175 0.1203 -0.0319 0.1162 0.0114 0.2905 -0.0365 0.2924 -0.0006 0.4396 -0.0280 0.4662 -0.0041 0.4551 -0.0245 0.4917 -0.0045 0.4918 -0.0385 0.5116
11: 0.0076 -0.2026 0.0126 -0.2181 0.0162 -0.2183 0.0197 -0.2180 0.0025 -0.2177 -0.0011 -0.2174 -0.0044 -0.2166 0.0241 -0.2098 -0.0087 -0.2072 0.0150 -0.1852 0.0015 -0.1859 0.0526 -0.1141 -0.0403 -0.1210 0.0667 -0.0023 -0.0676 -0.0124 0.0374 0.0155 -0.0377 0.0016 0.0291 0.0269 -0.0327 0.0092 0.0271 0.0134 -0.0292 -0.0068 0.0286 0.0090 -0.0288 -0.0094 0.0183 0.1191 -0.0306 0.1162 0.0118 0.2852 -0.0361 0.2895 -0.0003 0.4297 -0.0282 0.4598 -0.0041 0.4437 -0.0264 0.4841 -0.0031 0.4833 -0.0326 0.5042
12: 0.0059 -0.2014 0.0106 -0.2182 0.0141 -0.2183 0.0178 -0.2182 0.0005 -0.2170 -0.0031 -0.2165 -0.0059 -0.2156 0.0224 -0.2101 -0.0105 -0.2068 0.0136 -0.1844 -0.0002 -0.1851 0.0515 -0.1163 -0.0414 -0.1189 0.0670 -0.0029 -0.0670 -0.0110 0.0372 0.0133 -0.0371 0.0018 0.0296 0.0264 -0.0322 0.0094 0.0271 0.0127 -0.0290 -0.0067 0.0283 0.0076 -0.0284 -0.0090 0.0192 0.1183 -0.0293 0.1167 0.0125 0.2808 -0.0348 0.2883 0.0002 0.4221 -0.0271 0.4590 -0.0038 0.4354 -0.0254 0.4846 -0.0021 0.4754 -0.0293 0.5038
13: 0.0030 -0.2048 0.0081 -0.2208 0.0115 -0.2209 0.0154 -0.2209 -0.0025 -0.2199 -0.0055 -0.2193 -0.0080 -0.2182 0.0208 -0.2129 -0.0128 -0.2087 0.0111 -0.1870 -0.0030 -0.1880 0.0502 -0.1187 -0.0425 -0.1187 0.0676 -0.0061 -0.0661 -0.0109 0.0365 0.0137 -0.0357 0.0024 0.0291 0.0293 -0.0310 0.0101 0.0257 0.0152 -0.0277 -0.0051 0.0268 0.0098 -0.0272 -0.0074 0.0202 0.1194 -0.0281 0.1181 0.0133 0.2794 -0.0325 0.2883 0.0011 0.4166 -0.0248 0.4566 -0.0029 0.4271 -0.0242 0.4780 -0.0012 0.4727 -0.0233 0.5125
14: 0.0010 -0.2055 0.0061 -0.2210 0.0095 -0.2211 0.0132 -0.2211 -0.0046 -0.2202 -0.0074 -0.2196 -0.0105 -0.2186 0.0190 -0.2129 -0.0151 -0.2091 0.0087 -0.1876 -0.0050 -0.1887 0.0488 -0.1186 -0.0435 -0.1189 0.0682 -0.0084 -0.0651 -0.0109 0.0381 0.0138 -0.0346 0.0030 0.0309 0.0301 -0.0307 0.0106 0.0274 0.0177 -0.0277 -0.0040 0.0284 0.0119 -0.0268 -0.0063 0.0214 0.1195 -0.0268 0.1180 0.0144 0.2795 -0.0309 0.2894 0.0023 0.4099 -0.0235 0.4572 -0.0017 0.4185 -0.0228 0.4783 -0.0001 0.4684 -0.0215 0.5171
15: -0.0010 -0.2046 0.0042 -0.2196 0.0078 -0.2199 0.0115 -0.2201 -0.0068 -0.2194 -0.0098 -0.2187 -0.0132 -0.2178 0.0174 -0.2121 -0.0175 -0.2084 0.0069 -0.1866 -0.0067 -0.1879 0.0479 -0.1209 -0.0445 -0.1189 0.0688 -0.0140 -0.0644 -0.0085 0.0393 0.0148 -0.0339 0.0032 0.0321 0.0317 -0.0297 0.0104 0.0285 0.0203 -0.0275 -0.0033 0.0293 0.0143 -0.0266 -0.0059 0.0225 0.1207 -0.0258 0.1193 0.0155 0.2806 -0.0294 0.2921 0.0034 0.4048 -0.0223 0.4566 -0.0006 0.4132 -0.0215 0.4769 0.0010 0.4632 -0.0199 0.5162
16: -0.0016 -0.2037 0.0032 -0.2196 0.0070 -0.2199 0.0105 -0.2200 -0.0077 -0.2181 -0.0108 -0.2168 -0.0145 -0.2158 0.0163 -0.2129 -0.0187 -0.2063 0.0062 -0.1863 -0.0075 -0.1870 0.0468 -0.1261 -0.0454 -0.1169 0.0693 -0.0194 -0.0635 -0.0072 0.0404 0.0167 -0.0326 0.0055 0.0325 0.0344 -0.0258 0.0150 0.0295 0.0228 -0.0250 0.0014 0.0304 0.0165 -0.0246 -0.0019 0.0235 0.1224 -0.0247 0.1207 0.0175 0.2829 -0.0275 0.2944 0.0047 0.3955 -0.0208 0.4564 0.0005 0.3998 -0.0203 0.4760 0.0023 0.4585 -0.0166 0.5160
17: -0.0023 -0.2047 0.0022 -0.2210 0.0060 -0.2213 0.0094 -0.2215 -0.0085 -0.2191 -0.0114 -0.2175 -0.0150 -0.2159 0.0152 -0.2153 -0.0192 -0.2064 0.0056 -0.1874 -0.0079 -0.1878 0.0463 -0.1298 -0.0461 -0.1160 0.0690 -0.0224 -0.0638 -0.0067 0.0405 0.0147 -0.0339 0.0057 0.0330 0.0333 -0.0269 0.0100 0.0299 0.0233 -0.0255 -0.0077 0.0309 0.0167 -0.0257 -0.0098 0.0241 0.1236 -0.0244 0.1222 0.0194 0.2841 -0.0263 0.2962 0.0064 0.3765 -0.0199 0.4565 0.0015 0.3787 -0.0195 0.4771 0.0051 0.4445 -0.0147 0.5155
18: -0.0026 -0.2088 0.0021 -0.2240 0.0058 -0.2245 0.0092 -0.2247 -0.0085 -0.2222 -0.0112 -0.2211 -0.0143 -0.2201 0.0146 -0.2186 -0.0186 -0.2120 0.0052 -0.1904 -0.0080 -0.1908 0.0458 -0.1314 -0.0469 -0.1166 0.0689 -0.0237 -0.0661 -0.0037 0.0416 0.0094 -0.0356 -0.0046 0.0341 0.0252 -0.0270 -0.0057 0.0310 0.0142 -0.0259 -0.0244 0.0320 0.0082 -0.0268 -0.0250 0.0247 0.1242 -0.0238 0.1239 0.0216 0.2811 -0.0252 0.2981 0.0081 0.3695 -0.0189 0.4589 0.0027 0.3749 -0.0185 0.4789 0.0090 0.4422 -0.0136 0.5171
19: -0.0019 -0.2113 0.0028 -0.2265 0.0064 -0.2269 0.0099 -0.2269 -0.0080 -0.2249 -0.0112 -0.2240 -0.0138 -0.2232 0.0146 -0.2197 -0.0181 -0.2152 0.0057 -0.1926 -0.0075 -0.1921 0.0458 -0.1311 -0.0464 -0.1172 0.0688 -0.0244 -0.0667 -0.0010 0.0420 0.0062 -0.0382 -0.0114 0.0345 0.0201 -0.0294 -0.0160 0.0314 0.0074 -0.0288 -0.0338 0.0324 0.0018 -0.0297 -0.0334 0.0247 0.1239 -0.0239 0.1245 0.0227 0.2798 -0.0249 0.3011 0.0094 0.3760 -0.0186 0.4534 0.0039 0.3822 -0.0179 0.4673 0.0117 0.4507 -0.0134 0.5160
20: -0.0011 -0.2104 0.0036 -0.2275 0.0071 -0.2277 0.0106 -0.2275 -0.0072 -0.2255 -0.0108 -0.2243 -0.0137 -0.2228 0.0147 -0.2196 -0.0180 -0.2139 0.0064 -0.1916 -0.0068 -0.1893 0.0459 -0.1280 -0.0457 -0.1176 0.0685 -0.0190 -0.0672 0.0032 0.0421 0.0114 -0.0386 -0.0234 0.0346 0.0233 -0.0302 -0.0367 0.0315 0.0094 -0.0299 -0.0501 0.0327 0.0051 -0.0305 -0.0477 0.0244 0.1230 -0.0245 0.1229 0.0237 0.2826 -0.0249 0.3040 0.0115 0.3906 -0.0184 0.4526 0.0065 0.3977 -0.0171 0.4650 0.0141 0.4577 -0.0133 0.5183
21: -0.0004 -0.2093 0.0042 -0.2262 0.0077 -0.2265 0.0111 -0.2263 -0.0067 -0.2244 -0.0104 -0.2231 -0.0136 -0.2218 0.0149 -0.2182 -0.0180 -0.2130 0.0068 -0.1902 -0.0064 -0.1880 0.0455 -0.1262 -0.0454 -0.1171 0.0684 -0.0175 -0.0685 0.0055 0.0423 0.0141 -0.0407 -0.0333 0.0348 0.0261 -0.0319 -0.0495 0.0317 0.0113 -0.0319 -0.0641 0.0328 0.0068 -0.0324 -0.0607 0.0245 0.1221 -0.0247 0.1212 0.0238 0.2862 -0.0249 0.3029 0.0116 0.4131 -0.0182 0.4486 0.0068 0.4231 -0.0169 0.4591 0.0141 0.4846 -0.0132 0.5177
22: 0.0000 -0.2085 0.0049 -0.2253 0.0084 -0.2254 0.0117 -0.2251 -0.0062 -0.2232 -0.0098 -0.2220 -0.0128 -0.2207 0.0154 -0.2168 -0.0172 -0.2119 0.0075 -0.1892 -0.0059 -0.1873 0.0455 -0.1254 -0.0452 -0.1176 0.0681 -0.0163 -0.0684 0.0055 0.0427 0.0139 -0.0415 -0.0386 0.0350 0.0240 -0.0343 -0.0582 0.0319 0.0085 -0.0344 -0.0742 0.0331 0.0046 -0.0342 -0.0694 0.0246 0.1221 -0.0248 0.1209 0.0243 0.2884 -0.0243 0.3011 0.0117 0.4340 -0.0178 0.4476 0.0070 0.4470 -0.0166 0.4610 0.0158 0.5034 -0.0128 0.5129
23: 0.0003 -0.2078 0.0051 -0.2244 0.0086 -0.2247 0.0117 -0.2246 -0.0059 -0.2226 -0.0094 -0.2214 -0.0126 -0.2200 0.0155 -0.2171 -0.0171 -0.2116 0.0076 -0.1894 -0.0057 -0.1876 0.0457 -0.1256 -0.0452 -0.1178 0.0670 -0.0166 -0.0692 0.0065 0.0429 0.0138 -0.0431 -0.0413 0.0359 0.0237 -0.0361 -0.0619 0.0322 0.0084 -0.0362 -0.0777 0.0331 0.0045 -0.0358 -0.0723 0.0245 0.1224 -0.0252 0.1210 0.0239 0.2934 -0.0239 0.3005 0.0115 0.4526 -0.0176 0.4480 0.0065 0.4688 -0.0167 0.4618 0.0187 0.5180 -0.0128 0.5075
24: 0.0005 -0.2070 0.0053 -0.2231 0.0089 -0.2233 0.0119 -0.2233 -0.0056 -0.2211 -0.0091 -0.2199 -0.0122 -0.2189 0.0159 -0.2159 -0.0168 -0.2108 0.0078 -0.1892 -0.0055 -0.1876 0.0460 -0.1228 -0.0450 -0.1184 0.0662 -0.0140 -0.0698 0.0068 0.0431 0.0120 -0.0440 -0.0399 0.0360 0.0221 -0.0372 -0.0578 0.0323 0.0071 -0.0369 -0.0731 0.0333 0.0033 -0.0365 -0.0683 0.0244 0.1207 -0.0256 0.1207 0.0234 0.2918 -0.0238 0.2975 0.0116 0.4676 -0.0174 0.4461 0.0059 0.4917 -0.0166 0.4602 0.0220 0.5195 -0.0140 0.4949
25: 0.0023 -0.2032 0.0066 -0.2192 0.0096 -0.2193 0.0125 -0.2196 -0.0040 -0.2181 -0.0077 -0.2176 -0.0109 -0.2171 0.0167 -0.2124 -0.0164 -0.2085 0.0089 -0.1853 -0.0039 -0.1850 0.0462 -0.1213 -0.0448 -0.1188 0.0654 -0.0113 -0.0700 0.0048 0.0431 0.0089 -0.0452 -0.0404 0.0359 0.0207 -0.0388 -0.0544 0.0322 0.0070 -0.0378 -0.0700 0.0330 0.0034 -0.0375 -0.0667 0.0244 0.1201 -0.0257 0.1199 0.0227 0.2916 -0.0237 0.2936 0.0120 0.4636 -0.0174 0.4352 0.0071 0.4826 -0.0164 0.4478 0.0198 0.5151 -0.0166 0.4878
26: 0.0037 -0.2014 0.0077 -0.2176 0.0102 -0.2176 0.0134 -0.2177 -0.0023 -0.2170 -0.0060 -0.2168 -0.0092 -0.2164 0.0176 -0.2100 -0.0154 -0.2075 0.0096 -0.1836 -0.0023 -0.1844 0.0462 -0.1208 -0.0446 -0.1192 0.0647 -0.0105 -0.0702 0.0017 0.0442 0.0095 -0.0449 -0.0330 0.0384 0.0252 -0.0386 -0.0418 0.0355 0.0096 -0.0372 -0.0626 0.0354 0.0045 -0.0371 -0.0594 0.0241 0.1201 -0.0259 0.1200 0.0222 0.2892 -0.0240 0.2899 0.0126 0.4585 -0.0176 0.4282 0.0089 0.4774 -0.0163 0.4407 0.0159 0.5107 -0.0174 0.4827
27: 0.0059 -0.2003 0.0095 -0.2165 0.0124 -0.2164 0.0157 -0.2161 0.0004 -0.2166 -0.0032 -0.2164 -0.0066 -0.2161 0.0200 -0.2071 -0.0132 -0.2075 0.0109 -0.1823 -0.0002 -0.1841 0.0468 -0.1184 -0.0440 -0.1210 0.0641 -0.0093 -0.0696 0.0001 0.0440 0.0117 -0.0450 -0.0298 0.0378 0.0292 -0.0386 -0.0353 0.0349 0.0135 -0.0374 -0.0574 0.0349 0.0081 -0.0374 -0.0558 0.0235 0.1203 -0.0264 0.1190 0.0204 0.2931 -0.0246 0.2899 0.0114 0.4595 -0.0186 0.4205 0.0083 0.4753 -0.0169 0.4308 0.0099 0.5146 -0.0183 0.4778
28: 0.0091 -0.2057 0.0135 -0.2212 0.0164 -0.2208 0.0192 -0.2203 0.0048 -0.2215 0.0008 -0.2215 -0.0028 -0.2212 0.0237 -0.2109 -0.0103 -0.2127 0.0138 -0.1873 0.0029 -0.1891 0.0478 -0.1174 -0.0436 -0.1248 0.0634 -0.0082 -0.0690 -0.0022 0.0436 0.0113 -0.0442 -0.0297 0.0374 0.0274 -0.0387 -0.0349 0.0346 0.0117 -0.0377 -0.0561 0.0348 0.0064 -0.0378 -0.0543 0.0227 0.1230 -0.0270 0.1193 0.0190 0.2977 -0.0252 0.2917 0.0093 0.4597 -0.0197 0.4082 0.0059 0.4755 -0.0176 0.4170 0.0090 0.5172 -0.0193 0.4669
29: 0.0102 -0.2062 0.0152 -0.2211 0.0180 -0.2207 0.0212 -0.2201 0.0062 -0.2215 0.0024 -0.2215 -0.0012 -0.2214 0.0259 -0.2111 -0.0080 -0.2134 0.0152 -0.1872 0.0044 -0.1891 0.0492 -0.1166 -0.0411 -0.1254 0.0621 -0.0074 -0.0682 -0.0053 0.0426 0.0128 -0.0428 -0.0261 0.0360 0.0307 -0.0358 -0.0294 0.0329 0.0158 -0.0353 -0.0498 0.0332 0.0098 -0.0357 -0.0490 0.0207 0.1230 -0.0287 0.1189 0.0170 0.2966 -0.0267 0.2928 0.0073 0.4569 -0.0214 0.4033 0.0041 0.4721 -0.0192 0.4137 0.0062 0.5156 -0.0216 0.4609
30: 0.0116 -0.2052 0.0167 -0.2201 0.0196 -0.2196 0.0229 -0.2188 0.0075 -0.2205 0.0037 -0.2203 0.0000 -0.2200 0.0277 -0.2101 -0.0062 -0.2123 0.0165 -0.1863 0.0057 -0.1879 0.0509 -0.1165 -0.0400 -0.1273 0.0613 -0.0065 -0.0666 -0.0118 0.0404 0.0155 -0.0388 -0.0215 0.0345 0.0353 -0.0321 -0.0225 0.0312 0.0209 -0.0315 -0.0430 0.0313 0.0139 -0.0311 -0.0428 0.0192 0.1237 -0.0300 0.1202 0.0153 0.2965 -0.0282 0.2939 0.0058 0.4577 -0.0227 0.4062 0.0025 0.4735 -0.0198 0.4174 0.0042 0.5174 -0.0232 0.4606
31: 0.0129 -0.2042 0.0186 -0.2191 0.0216 -0.2187 0.0251 -0.2179 0.0090 -0.2193 0.0052 -0.2191 0.0014 -0.2190 0.0297 -0.2092 -0.0048 -0.2123 0.0177 -0.1854 0.0068 -0.1867 0.0521 -0.1160 -0.0390 -0.1300 0.0612 -0.0059 -0.0674 -0.0175 0.0397 0.0164 -0.0386 -0.0210 0.0334 0.0357 -0.0324 -0.0222 0.0301 0.0214 -0.0315 -0.0420 0.0303 0.0143 -0.0312 -0.0419 0.0180 0.1246 -0.0312 0.1215 0.0133 0.2979 -0.0294 0.2960 0.0042 0.4590 -0.0234 0.3992 0.0010 0.4747 -0.0199 0.4052 0.0022 0.5186 -0.0231 0.4589
32: 0.0136 -0.2068 0.0199 -0.2207 0.0230 -0.2201 0.0266 -0.2194 0.0098 -0.2216 0.0058 -0.2218 0.0020 -0.2220 0.0314 -0.2100 -0.0039 -0.2166 0.0186 -0.1876 0.0071 -0.1896 0.0536 -0.1151 -0.0388 -0.1321 0.0623 -0.0051 -0.0685 -0.0219 0.0390 0.0174 -0.0385 -0.0200 0.0326 0.0358 -0.0318 -0.0212 0.0294 0.0215 -0.0305 -0.0398 0.0298 0.0148 -0.0306 -0.0400 0.0171 0.1258 -0.0320 0.1213 0.0115 0.2998 -0.0311 0.2975 0.0032 0.4587 -0.0238 0.3862 0.0002 0.4738 -0.0199 0.3813 0.0000 0.5185 -0.0235 0.4534
33: 0.0130 -0.2103 0.0190 -0.2235 0.0223 -0.2230 0.0257 -0.2223 0.0090 -0.2245 0.0052 -0.2248 0.0015 -0.2253 0.0308 -0.2132 -0.0036 -0.2199 0.0180 -0.1911 0.0066 -0.1931 0.0543 -0.1140 -0.0383 -0.1338 0.0637 -0.0033 -0.0693 -0.0270 0.0370 0.0194 -0.0379 -0.0184 0.0286 0.0337 -0.0303 -0.0179 0.0275 0.0196 -0.0278 -0.0351 0.0285 0.0137 -0.0285 -0.0363 0.0164 0.1270 -0.0326 0.1207 0.0108 0.3012 -0.0334 0.2974 0.0025 0.4595 -0.0242 0.3830 -0.0004 0.4750 -0.0196 0.3839 -0.0011 0.5191 -0.0252 0.4528
34: 0.0121 -0.2114 0.0181 -0.2248 0.0214 -0.2242 0.0248 -0.2233 0.0080 -0.2260 0.0043 -0.2262 0.0005 -0.2264 0.0300 -0.2139 -0.0038 -0.2198 0.0174 -0.1915 0.0057 -0.1937 0.0548 -0.1130 -0.0378 -0.1339 0.0652 -0.0018 -0.0698 -0.0279 0.0373 0.0225 -0.0370 -0.0138 0.0283 0.0341 -0.0295 -0.0097 0.0271 0.0209 -0.0261 -0.0251 0.0282 0.0159 -0.0270 -0.0276 0.0159 0.1277 -0.0331 0.1191 0.0101 0.3037 -0.0356 0.2945 0.0016 0.4581 -0.0247 0.3891 -0.0016 0.4702 -0.0199 0.3924 -0.0021 0.5213 -0.0276 0.4582
35: 0.0120 -0.2088 0.0177 -0.2229 0.0208 -0.2225 0.0242 -0.2218 0.0075 -0.2237 0.0037 -0.2239 0.0001 -0.2238 0.0291 -0.2129 -0.0044 -0.2168 0.0175 -0.1892 0.0055 -0.1908 0.0553 -0.1125 -0.0376 -0.1320 0.0664 -0.0012 -0.0700 -0.0268 0.0379 0.0237 -0.0378 -0.0083 0.0289 0.0333 -0.0303 -0.0008 0.0276 0.0205 -0.0275 -0.0147 0.0288 0.0165 -0.0282 -0.0186 0.0158 0.1273 -0.0333 0.1170 0.0103 0.3054 -0.0369 0.2932 0.0014 0.4510 -0.0248 0.3953 -0.0019 0.4626 -0.0200 0.3965 -0.0021 0.5178 -0.0293 0.4617
36: 0.0113 -0.2083 0.0169 -0.2227 0.0201 -0.2223 0.0234 -0.2218 0.0069 -0.2232 0.0030 -0.2230 -0.0007 -0.2227 0.0283 -0.2129 -0.0051 -0.2150 0.0169 -0.1888 0.0049 -0.1900 0.0555 -0.1122 -0.0375 -0.1301 0.0668 -0.0010 -0.0702 -0.0263 0.0380 0.0252 -0.0381 0.0010 0.0289 0.0349 -0.0313 0.0137 0.0275 0.0222 -0.0285 0.0039 0.0287 0.0182 -0.0290 -0.0014 0.0156 0.1263 -0.0335 0.1158 0.0108 0.3028 -0.0377 0.2925 0.0012 0.4503 -0.0251 0.4208 -0.0025 0.4643 -0.0203 0.4352 -0.0022 0.5168 -0.0306 0.4862
37: 0.0109 -0.2059 0.0164 -0.2204 0.0194 -0.2200 0.0229 -0.2195 0.0065 -0.2208 0.0023 -0.2206 -0.0013 -0.2203 0.0278 -0.2112 -0.0057 -0.2127 0.0162 -0.1867 0.0043 -0.1878 0.0550 -0.1123 -0.0373 -0.1287 0.0674 -0.0023 -0.0700 -0.0279 0.0382 0.0258 -0.0411 0.0083 0.0295 0.0364 -0.0359 0.0269 0.0273 0.0240 -0.0299 0.0166 0.0285 0.0198 -0.0300 0.0103 0.0158 0.1255 -0.0334 0.1156 0.0115 0.3008 -0.0379 0.2930 0.0008 0.4515 -0.0259 0.4408 -0.0034 0.4658 -0.0211 0.4591 -0.0025 0.5144 -0.0337 0.5065
38: 0.0099 -0.2060 0.0153 -0.2206 0.0186 -0.2202 0.0221 -0.2198 0.0055 -0.2204 0.0017 -0.2197 -0.0018 -0.2191 0.0269 -0.2112 -0.0064 -0.2115 0.0157 -0.1868 0.0038 -0.1881 0.0547 -0.1127 -0.0372 -0.1286 0.0677 -0.0029 -0.0686 -0.0265 0.0378 0.0260 -0.0420 0.0135 0.0291 0.0387 -0.0378 0.0338 0.0265 0.0267 -0.0310 0.0241 0.0276 0.0221 -0.0306 0.0179 0.0158 0.1251 -0.0334 0.1161 0.0114 0.3000 -0.0383 0.2929 0.0004 0.4500 -0.0268 0.4549 -0.0039 0.4653 -0.0219 0.4755 -0.0028 0.5100 -0.0356 0.5175
39: 0.0085 -0.2051 0.0139 -0.2198 0.0176 -0.2192 0.0211 -0.2188 0.0036 -0.2191 -0.0000 -0.2184 -0.0034 -0.2177 0.0258 -0.2108 -0.0069 -0.2100 0.0150 -0.1864 0.0023 -0.1875 0.0543 -0.1129 -0.0375 -0.1277 0.0677 -0.0036 -0.0672 -0.0256 0.0379 0.0278 -0.0432 0.0203 0.0293 0.0429 -0.0403 0.0430 0.0263 0.0311 -0.0332 0.0337 0.0274 0.0257 -0.0320 0.0263 0.0164 0.1246 -0.0330 0.1159 0.0116 0.2990 -0.0383 0.2923 0.0002 0.4460 -0.0283 0.4618 -0.0044 0.4628 -0.0235 0.4862 -0.0028 0.5034 -0.0373 0.5182
40: 0.0070 -0.2040 0.0118 -0.2191 0.0158 -0.2190 0.0193 -0.2189 0.0018 -0.2180 -0.0019 -0.2174 -0.0050 -0.2165 0.0238 -0.2108 -0.0087 -0.2073 0.0141 -0.1860 0.0007 -0.1864 0.0537 -0.1147 -0.0384 -0.1236 0.0673 -0.0058 -0.0661 -0.0242 0.0379 0.0279 -0.0435 0.0214 0.0293 0.0457 -0.0413 0.0431 0.0260 0.0328 -0.0344 0.0334 0.0271 0.0265 -0.0328 0.0263 0.0171 0.1224 -0.0324 0.1158 0.0115 0.2956 -0.0384 0.2915 -0.0000 0.4396 -0.0295 0.4611 -0.0048 0.4555 -0.0264 0.4840 -0.0023 0.4949 -0.0368 0.5135
