1: -0.0012 -0.2018 0.0042 -0.2163 0.0080 -0.2162 0.0111 -0.2161 -0.0067 -0.2149 -0.0103 -0.2136 -0.0135 -0.2125 0.0167 -0.2084 -0.0170 -0.2041 0.0068 -0.1848 -0.0070 -0.1838 0.0493 -0.1201 -0.0425 -0.1285 0.0711 0.0077 -0.0690 -0.0323 0.0518 -0.0452 -0.0894 0.0491 0.0448 -0.0521 -0.0971 0.0745 0.0424 -0.0701 -0.0921 0.0735 0.0423 -0.0692 -0.0882 0.0672 0.0217 0.1252 -0.0285 0.1236 0.0112 0.2980 -0.0315 0.3049 -0.0030 0.4422 -0.0256 0.4740 -0.0071 0.4564 -0.0237 0.4984 -0.0008 0.4966 -0.0270 0.5277
2: -0.0013 -0.2059 0.0041 -0.2212 0.0078 -0.2212 0.0112 -0.2212 -0.0068 -0.2198 -0.0104 -0.2187 -0.0134 -0.2175 0.0169 -0.2135 -0.0175 -0.2088 0.0068 -0.1885 -0.0075 -0.1878 0.0489 -0.1246 -0.0432 -0.1311 0.0740 0.0027 -0.0693 -0.0378 0.0522 -0.0493 -0.0894 0.0424 0.0452 -0.0573 -0.0967 0.0671 0.0426 -0.0740 -0.0920 0.0655 0.0424 -0.0725 -0.0883 0.0600 0.0221 0.1276 -0.0279 0.1281 0.0116 0.2962 -0.0301 0.3085 -0.0026 0.4308 -0.0241 0.4743 -0.0064 0.4403 -0.0217 0.4975 -0.0004 0.4907 -0.0262 0.5302
3: -0.0007 -0.2074 0.0046 -0.2228 0.0082 -0.2227 0.0118 -0.2228 -0.0064 -0.2214 -0.0099 -0.2203 -0.0128 -0.2192 0.0174 -0.2149 -0.0174 -0.2104 0.0073 -0.1896 -0.0072 -0.1892 0.0479 -0.1239 -0.0438 -0.1317 0.0755 0.0014 -0.0704 -0.0403 0.0519 -0.0509 -0.0898 0.0354 0.0457 -0.0594 -0.0963 0.0592 0.0418 -0.0754 -0.0912 0.0565 0.0409 -0.0736 -0.0876 0.0505 0.0228 0.1277 -0.0270 0.1281 0.0125 0.2954 -0.0288 0.3082 -0.0016 0.4222 -0.0232 0.4736 -0.0055 0.4305 -0.0208 0.4960 0.0007 0.4858 -0.0246 0.5336
4: -0.0021 -0.2079 0.0038 -0.2237 0.0075 -0.2237 0.0112 -0.2237 -0.0075 -0.2225 -0.0105 -0.2216 -0.0136 -0.2204 0.0177 -0.2155 -0.0179 -0.2115 0.0062 -0.1900 -0.0087 -0.1900 0.0467 -0.1243 -0.0438 -0.1331 0.0765 0.0016 -0.0692 -0.0431 0.0492 -0.0506 -0.0890 0.0319 0.0438 -0.0571 -0.0960 0.0534 0.0387 -0.0704 -0.0919 0.0502 0.0379 -0.0696 -0.0885 0.0450 0.0233 0.1285 -0.0261 0.1288 0.0137 0.2987 -0.0276 0.3096 -0.0005 0.4177 -0.0219 0.4725 -0.0044 0.4251 -0.0196 0.4943 0.0019 0.4820 -0.0228 0.5340
5: -0.0031 -0.2079 0.0029 -0.2243 0.0069 -0.2243 0.0106 -0.2241 -0.0082 -0.2234 -0.0111 -0.2225 -0.0143 -0.2213 0.0175 -0.2156 -0.0185 -0.2121 0.0050 -0.1899 -0.0095 -0.1901 0.0465 -0.1233 -0.0440 -0.1337 0.0763 0.0015 -0.0682 -0.0448 0.0478 -0.0370 -0.0880 0.0303 0.0418 -0.0358 -0.0955 0.0512 0.0364 -0.0517 -0.0918 0.0481 0.0363 -0.0533 -0.0882 0.0432 0.0234 0.1281 -0.0260 0.1288 0.0148 0.2979 -0.0266 0.3102 0.0007 0.4094 -0.0208 0.4704 -0.0031 0.4134 -0.0184 0.4904 0.0026 0.4782 -0.0211 0.5312
6: -0.0039 -0.2084 0.0022 -0.2256 0.0062 -0.2256 0.0099 -0.2255 -0.0086 -0.2245 -0.0114 -0.2235 -0.0146 -0.2221 0.0172 -0.2169 -0.0184 -0.2133 0.0044 -0.1904 -0.0099 -0.1907 0.0471 -0.1215 -0.0437 -0.1358 0.0743 -0.0000 -0.0673 -0.0415 0.0451 -0.0044 -0.0874 0.0315 0.0374 -0.0025 -0.0958 0.0511 0.0339 -0.0186 -0.0933 0.0476 0.0350 -0.0206 -0.0897 0.0436 0.0232 0.1286 -0.0265 0.1289 0.0157 0.2978 -0.0258 0.3100 0.0040 0.3891 -0.0196 0.4675 0.0005 0.3948 -0.0172 0.4861 0.0042 0.4644 -0.0196 0.5279
7: -0.0037 -0.2092 0.0023 -0.2267 0.0063 -0.2267 0.0099 -0.2266 -0.0085 -0.2256 -0.0113 -0.2248 -0.0145 -0.2234 0.0171 -0.2179 -0.0182 -0.2146 0.0045 -0.1909 -0.0098 -0.1913 0.0475 -0.1220 -0.0435 -0.1354 0.0716 -0.0035 -0.0670 -0.0351 0.0417 0.0267 -0.0878 0.0466 0.0349 0.0453 -0.0962 0.0738 0.0298 0.0317 -0.0931 0.0710 0.0305 0.0251 -0.0894 0.0642 0.0226 0.1287 -0.0267 0.1285 0.0161 0.2954 -0.0254 0.3074 0.0077 0.3775 -0.0190 0.4610 0.0048 0.3835 -0.0167 0.4779 0.0068 0.4563 -0.0192 0.5245
8: -0.0029 -0.2092 0.0031 -0.2268 0.0069 -0.2268 0.0106 -0.2265 -0.0078 -0.2261 -0.0107 -0.2256 -0.0138 -0.2243 0.0174 -0.2179 -0.0177 -0.2154 0.0052 -0.1905 -0.0090 -0.1912 0.0481 -0.1229 -0.0434 -0.1342 0.0694 -0.0060 -0.0664 -0.0319 0.0415 0.0496 -0.0870 0.0516 0.0353 0.0788 -0.0956 0.0819 0.0290 0.0690 -0.0913 0.0799 0.0290 0.0598 -0.0866 0.0712 0.0222 0.1293 -0.0267 0.1277 0.0166 0.2927 -0.0248 0.3051 0.0106 0.3778 -0.0185 0.4511 0.0073 0.3860 -0.0162 0.4673 0.0117 0.4539 -0.0181 0.5177
9: -0.0020 -0.2089 0.0038 -0.2263 0.0076 -0.2262 0.0113 -0.2260 -0.0071 -0.2257 -0.0100 -0.2253 -0.0131 -0.2242 0.0180 -0.2178 -0.0170 -0.2153 0.0060 -0.1901 -0.0082 -0.1909 0.0488 -0.1232 -0.0433 -0.1326 0.0696 -0.0071 -0.0653 -0.0330 0.0419 0.0582 -0.0829 0.0472 0.0358 0.0894 -0.0912 0.0754 0.0291 0.0798 -0.0864 0.0737 0.0290 0.0706 -0.0816 0.0660 0.0214 0.1288 -0.0272 0.1271 0.0173 0.2916 -0.0241 0.3041 0.0139 0.3803 -0.0178 0.4452 0.0110 0.3880 -0.0154 0.4593 0.0150 0.4551 -0.0174 0.5128
10: -0.0019 -0.2079 0.0040 -0.2252 0.0077 -0.2252 0.0114 -0.2251 -0.0070 -0.2245 -0.0099 -0.2241 -0.0129 -0.2231 0.0181 -0.2174 -0.0167 -0.2146 0.0060 -0.1890 -0.0081 -0.1898 0.0493 -0.1229 -0.0434 -0.1321 0.0701 -0.0080 -0.0645 -0.0344 0.0418 0.0587 -0.0775 0.0374 0.0353 0.0887 -0.0847 0.0585 0.0284 0.0786 -0.0795 0.0502 0.0284 0.0692 -0.0751 0.0437 0.0218 0.1285 -0.0278 0.1264 0.0179 0.2913 -0.0235 0.3024 0.0155 0.4096 -0.0173 0.4430 0.0126 0.4214 -0.0143 0.4574 0.0157 0.4757 -0.0173 0.5088
11: -0.0018 -0.2075 0.0040 -0.2246 0.0077 -0.2246 0.0114 -0.2246 -0.0069 -0.2236 -0.0099 -0.2231 -0.0128 -0.2222 0.0181 -0.2168 -0.0167 -0.2140 0.0061 -0.1887 -0.0080 -0.1892 0.0498 -0.1226 -0.0441 -0.1312 0.0705 -0.0101 -0.0657 -0.0240 0.0424 0.0566 -0.0688 0.0212 0.0358 0.0816 -0.0670 0.0406 0.0290 0.0709 -0.0636 0.0275 0.0290 0.0623 -0.0631 0.0181 0.0219 0.1279 -0.0278 0.1258 0.0181 0.2907 -0.0234 0.3009 0.0161 0.4248 -0.0170 0.4394 0.0126 0.4360 -0.0133 0.4533 0.0156 0.4909 -0.0173 0.5051
12: -0.0009 -0.2035 0.0046 -0.2203 0.0084 -0.2205 0.0119 -0.2205 -0.0064 -0.2194 -0.0097 -0.2189 -0.0126 -0.2180 0.0182 -0.2134 -0.0166 -0.2105 0.0065 -0.1852 -0.0077 -0.1852 0.0499 -0.1204 -0.0442 -0.1270 0.0716 -0.0154 -0.0658 -0.0213 0.0428 0.0541 -0.0656 0.0012 0.0362 0.0794 -0.0656 0.0120 0.0299 0.0682 -0.0634 -0.0049 0.0300 0.0597 -0.0616 -0.0091 0.0221 0.1247 -0.0276 0.1226 0.0184 0.2908 -0.0231 0.2983 0.0160 0.4420 -0.0169 0.4439 0.0120 0.4582 -0.0131 0.4603 0.0166 0.5035 -0.0177 0.5043
13: 0.0005 -0.1996 0.0055 -0.2164 0.0093 -0.2165 0.0125 -0.2165 -0.0055 -0.2155 -0.0091 -0.2149 -0.0122 -0.2140 0.0181 -0.2101 -0.0164 -0.2078 0.0073 -0.1813 -0.0068 -0.1813 0.0496 -0.1213 -0.0444 -0.1248 0.0723 -0.0218 -0.0671 -0.0190 0.0464 0.0516 -0.0626 -0.0140 0.0397 0.0779 -0.0637 -0.0098 0.0325 0.0675 -0.0619 -0.0246 0.0328 0.0587 -0.0592 -0.0259 0.0224 0.1240 -0.0274 0.1220 0.0188 0.2921 -0.0229 0.2981 0.0156 0.4548 -0.0168 0.4491 0.0114 0.4755 -0.0132 0.4651 0.0181 0.5134 -0.0175 0.5063
14: 0.0012 -0.1970 0.0061 -0.2136 0.0098 -0.2138 0.0129 -0.2138 -0.0049 -0.2126 -0.0087 -0.2121 -0.0121 -0.2113 0.0178 -0.2080 -0.0164 -0.2055 0.0079 -0.1790 -0.0058 -0.1787 0.0493 -0.1209 -0.0447 -0.1238 0.0745 -0.0248 -0.0678 -0.0227 0.0497 0.0512 -0.0638 -0.0218 0.0425 0.0776 -0.0650 -0.0147 0.0351 0.0678 -0.0620 -0.0258 0.0356 0.0590 -0.0589 -0.0275 0.0227 0.1233 -0.0275 0.1214 0.0189 0.2935 -0.0229 0.2978 0.0150 0.4638 -0.0171 0.4523 0.0108 0.4862 -0.0137 0.4696 0.0176 0.5209 -0.0184 0.5057
15: 0.0008 -0.1965 0.0055 -0.2131 0.0091 -0.2134 0.0123 -0.2135 -0.0053 -0.2121 -0.0090 -0.2117 -0.0125 -0.2109 0.0170 -0.2077 -0.0166 -0.2049 0.0076 -0.1787 -0.0060 -0.1783 0.0490 -0.1210 -0.0447 -0.1238 0.0753 -0.0286 -0.0688 -0.0269 0.0541 0.0503 -0.0664 -0.0202 0.0480 0.0777 -0.0684 -0.0099 0.0409 0.0695 -0.0641 -0.0186 0.0411 0.0603 -0.0612 -0.0210 0.0229 0.1234 -0.0271 0.1214 0.0182 0.2937 -0.0236 0.2965 0.0140 0.4715 -0.0180 0.4503 0.0093 0.4948 -0.0152 0.4690 0.0160 0.5247 -0.0204 0.5016
16: 0.0008 -0.1952 0.0052 -0.2125 0.0087 -0.2129 0.0119 -0.2131 -0.0053 -0.2113 -0.0090 -0.2109 -0.0126 -0.2101 0.0166 -0.2075 -0.0164 -0.2035 0.0075 -0.1775 -0.0057 -0.1773 0.0491 -0.1214 -0.0448 -0.1233 0.0758 -0.0292 -0.0696 -0.0272 0.0579 0.0523 -0.0673 -0.0095 0.0527 0.0808 -0.0685 0.0028 0.0461 0.0739 -0.0650 -0.0089 0.0459 0.0643 -0.0623 -0.0120 0.0227 0.1233 -0.0269 0.1213 0.0177 0.2941 -0.0240 0.2964 0.0119 0.4780 -0.0186 0.4455 0.0073 0.4999 -0.0160 0.4638 0.0123 0.5310 -0.0219 0.4974
17: 0.0005 -0.1938 0.0047 -0.2114 0.0083 -0.2120 0.0115 -0.2125 -0.0056 -0.2094 -0.0091 -0.2087 -0.0129 -0.2079 0.0163 -0.2072 -0.0167 -0.2017 0.0074 -0.1762 -0.0058 -0.1756 0.0494 -0.1221 -0.0444 -0.1238 0.0784 -0.0315 -0.0696 -0.0275 0.0633 0.0509 -0.0688 -0.0069 0.0599 0.0794 -0.0708 0.0045 0.0527 0.0732 -0.0671 -0.0073 0.0517 0.0634 -0.0642 -0.0100 0.0222 0.1247 -0.0274 0.1212 0.0163 0.2993 -0.0249 0.2977 0.0087 0.4787 -0.0196 0.4384 0.0042 0.4978 -0.0171 0.4562 0.0086 0.5340 -0.0240 0.4917
18: 0.0004 -0.1897 0.0046 -0.2079 0.0083 -0.2089 0.0114 -0.2098 -0.0056 -0.2057 -0.0089 -0.2053 -0.0125 -0.2046 0.0164 -0.2057 -0.0164 -0.2005 0.0074 -0.1726 -0.0056 -0.1711 0.0495 -0.1231 -0.0446 -0.1230 0.0797 -0.0336 -0.0705 -0.0105 0.0645 0.0496 -0.0675 -0.0101 0.0621 0.0779 -0.0689 -0.0051 0.0547 0.0716 -0.0649 -0.0227 0.0533 0.0618 -0.0619 -0.0244 0.0222 0.1246 -0.0273 0.1216 0.0157 0.3005 -0.0255 0.3002 0.0071 0.4763 -0.0203 0.4333 0.0028 0.4938 -0.0178 0.4519 0.0062 0.5349 -0.0256 0.4862
19: 0.0008 -0.1859 0.0054 -0.2044 0.0089 -0.2054 0.0117 -0.2064 -0.0047 -0.2031 -0.0081 -0.2030 -0.0114 -0.2028 0.0170 -0.2037 -0.0163 -0.1999 0.0077 -0.1688 -0.0049 -0.1680 0.0492 -0.1238 -0.0448 -0.1240 0.0805 -0.0349 -0.0707 -0.0095 0.0653 0.0485 -0.0631 -0.0144 0.0626 0.0769 -0.0643 -0.0098 0.0549 0.0704 -0.0606 -0.0247 0.0536 0.0606 -0.0572 -0.0263 0.0226 0.1254 -0.0270 0.1225 0.0150 0.3029 -0.0261 0.3059 0.0060 0.4721 -0.0211 0.4308 0.0017 0.4883 -0.0186 0.4484 0.0047 0.5326 -0.0263 0.4850
20: 0.0004 -0.1844 0.0055 -0.2032 0.0090 -0.2041 0.0117 -0.2049 -0.0048 -0.2021 -0.0082 -0.2021 -0.0113 -0.2022 0.0176 -0.2025 -0.0164 -0.1999 0.0074 -0.1669 -0.0050 -0.1666 0.0491 -0.1250 -0.0448 -0.1259 0.0801 -0.0362 -0.0683 -0.0137 0.0645 0.0460 -0.0615 -0.0143 0.0620 0.0743 -0.0634 -0.0082 0.0541 0.0676 -0.0592 -0.0218 0.0529 0.0578 -0.0557 -0.0239 0.0227 0.1274 -0.0272 0.1237 0.0140 0.3038 -0.0270 0.3079 0.0043 0.4668 -0.0222 0.4164 0.0001 0.4832 -0.0196 0.4287 0.0030 0.5275 -0.0272 0.4752
21: 0.0000 -0.1833 0.0054 -0.2024 0.0089 -0.2034 0.0117 -0.2040 -0.0049 -0.2017 -0.0084 -0.2022 -0.0113 -0.2025 0.0178 -0.2024 -0.0166 -0.2013 0.0070 -0.1660 -0.0055 -0.1657 0.0496 -0.1262 -0.0454 -0.1258 0.0796 -0.0396 -0.0666 -0.0145 0.0637 0.0452 -0.0596 -0.0055 0.0608 0.0735 -0.0621 0.0084 0.0536 0.0660 -0.0577 -0.0062 0.0525 0.0563 -0.0540 -0.0111 0.0230 0.1278 -0.0273 0.1242 0.0134 0.3028 -0.0277 0.3055 0.0035 0.4612 -0.0229 0.3974 -0.0005 0.4772 -0.0202 0.4045 0.0016 0.5217 -0.0277 0.4663
22: -0.0005 -0.1844 0.0051 -0.2029 0.0087 -0.2040 0.0115 -0.2047 -0.0053 -0.2019 -0.0088 -0.2023 -0.0118 -0.2025 0.0179 -0.2029 -0.0170 -0.2012 0.0067 -0.1671 -0.0060 -0.1661 0.0504 -0.1248 -0.0455 -0.1255 0.0788 -0.0347 -0.0675 -0.0172 0.0631 0.0526 -0.0598 0.0272 0.0597 0.0833 -0.0594 0.0493 0.0527 0.0740 -0.0543 0.0384 0.0517 0.0647 -0.0520 0.0312 0.0227 0.1271 -0.0278 0.1232 0.0129 0.2986 -0.0288 0.3006 0.0022 0.4520 -0.0239 0.3777 -0.0014 0.4627 -0.0209 0.3851 -0.0006 0.5174 -0.0284 0.4518
23: -0.0007 -0.1829 0.0048 -0.2017 0.0085 -0.2028 0.0114 -0.2036 -0.0056 -0.2007 -0.0090 -0.2011 -0.0120 -0.2015 0.0179 -0.2026 -0.0171 -0.2013 0.0065 -0.1666 -0.0062 -0.1651 0.0505 -0.1233 -0.0452 -0.1274 0.0779 -0.0274 -0.0676 -0.0208 0.0630 0.0618 -0.0611 0.0500 0.0606 0.0951 -0.0606 0.0808 0.0529 0.0858 -0.0546 0.0725 0.0516 0.0755 -0.0527 0.0639 0.0227 0.1279 -0.0281 0.1227 0.0126 0.2954 -0.0294 0.2929 0.0011 0.4436 -0.0246 0.3723 -0.0022 0.4538 -0.0215 0.3790 -0.0015 0.5098 -0.0293 0.4452
24: -0.0011 -0.1807 0.0044 -0.1995 0.0081 -0.2008 0.0110 -0.2018 -0.0059 -0.1981 -0.0093 -0.1984 -0.0123 -0.1986 0.0176 -0.2009 -0.0173 -0.1989 0.0062 -0.1647 -0.0065 -0.1630 0.0501 -0.1225 -0.0441 -0.1277 0.0742 -0.0212 -0.0674 -0.0215 0.0617 0.0683 -0.0624 0.0596 0.0603 0.1031 -0.0626 0.0932 0.0522 0.0945 -0.0564 0.0884 0.0507 0.0834 -0.0540 0.0779 0.0227 0.1282 -0.0285 0.1219 0.0123 0.2955 -0.0299 0.2886 0.0004 0.4398 -0.0252 0.3770 -0.0030 0.4508 -0.0220 0.3869 -0.0022 0.5046 -0.0304 0.4485
25: -0.0014 -0.1812 0.0041 -0.2004 0.0078 -0.2017 0.0108 -0.2026 -0.0062 -0.1985 -0.0096 -0.1986 -0.0126 -0.1987 0.0174 -0.2015 -0.0174 -0.1985 0.0060 -0.1651 -0.0065 -0.1631 0.0501 -0.1221 -0.0436 -0.1280 0.0729 -0.0177 -0.0667 -0.0238 0.0587 0.0649 -0.0631 0.0570 0.0555 0.0972 -0.0638 0.0871 0.0496 0.0885 -0.0579 0.0827 0.0486 0.0787 -0.0552 0.0740 0.0224 0.1285 -0.0287 0.1217 0.0122 0.2978 -0.0302 0.2878 0.0000 0.4361 -0.0255 0.3885 -0.0035 0.4478 -0.0224 0.4010 -0.0023 0.4998 -0.0323 0.4533
26: -0.0016 -0.1813 0.0039 -0.2002 0.0076 -0.2014 0.0105 -0.2024 -0.0065 -0.1985 -0.0098 -0.1986 -0.0129 -0.1986 0.0171 -0.2010 -0.0174 -0.1978 0.0059 -0.1650 -0.0064 -0.1633 0.0498 -0.1208 -0.0433 -0.1272 0.0712 -0.0184 -0.0664 -0.0265 0.0541 0.0550 -0.0633 0.0521 0.0490 0.0820 -0.0644 0.0810 0.0432 0.0708 -0.0582 0.0771 0.0436 0.0607 -0.0555 0.0685 0.0224 0.1274 -0.0288 0.1207 0.0124 0.2958 -0.0302 0.2808 -0.0007 0.4370 -0.0257 0.4112 -0.0041 0.4500 -0.0235 0.4282 -0.0024 0.4972 -0.0324 0.4687
27: -0.0015 -0.1797 0.0036 -0.1987 0.0073 -0.2003 0.0102 -0.2017 -0.0067 -0.1960 -0.0100 -0.1957 -0.0131 -0.1955 0.0168 -0.1994 -0.0175 -0.1947 0.0058 -0.1639 -0.0063 -0.1623 0.0498 -0.1190 -0.0434 -0.1254 0.0706 -0.0162 -0.0667 -0.0284 0.0523 0.0342 -0.0632 0.0498 0.0452 0.0536 -0.0642 0.0771 0.0404 0.0372 -0.0580 0.0721 0.0416 0.0310 -0.0556 0.0638 0.0224 0.1245 -0.0287 0.1200 0.0125 0.2925 -0.0302 0.2782 -0.0015 0.4405 -0.0261 0.4344 -0.0045 0.4596 -0.0241 0.4587 -0.0027 0.4987 -0.0330 0.4887
28: -0.0010 -0.1868 0.0037 -0.2042 0.0073 -0.2053 0.0102 -0.2061 -0.0064 -0.2018 -0.0098 -0.2014 -0.0130 -0.2005 0.0166 -0.2010 -0.0176 -0.1940 0.0063 -0.1700 -0.0060 -0.1687 0.0493 -0.1192 -0.0436 -0.1226 0.0708 -0.0126 -0.0670 -0.0297 0.0514 0.0154 -0.0635 0.0538 0.0444 0.0265 -0.0645 0.0786 0.0397 0.0119 -0.0584 0.0715 0.0410 0.0068 -0.0559 0.0640 0.0225 0.1221 -0.0284 0.1195 0.0123 0.2898 -0.0302 0.2794 -0.0022 0.4457 -0.0245 0.4499 -0.0045 0.4669 -0.0207 0.4781 -0.0047 0.4996 -0.0344 0.5022
29: -0.0002 -0.1905 0.0037 -0.2082 0.0070 -0.2089 0.0098 -0.2096 -0.0062 -0.2056 -0.0096 -0.2050 -0.0130 -0.2041 0.0158 -0.2036 -0.0180 -0.1954 0.0066 -0.1735 -0.0056 -0.1720 0.0485 -0.1193 -0.0441 -0.1220 0.0724 -0.0103 -0.0668 -0.0312 0.0506 -0.0032 -0.0653 0.0548 0.0435 0.0000 -0.0686 0.0812 0.0391 -0.0157 -0.0635 0.0711 0.0403 -0.0183 -0.0606 0.0635 0.0227 0.1217 -0.0271 0.1198 0.0118 0.2893 -0.0302 0.2815 -0.0029 0.4440 -0.0233 0.4533 -0.0051 0.4661 -0.0196 0.4801 -0.0050 0.4960 -0.0324 0.5035
30: 0.0001 -0.1939 0.0038 -0.2110 0.0070 -0.2116 0.0098 -0.2121 -0.0060 -0.2085 -0.0095 -0.2078 -0.0129 -0.2070 0.0156 -0.2054 -0.0180 -0.1974 0.0069 -0.1767 -0.0054 -0.1750 0.0484 -0.1200 -0.0442 -0.1228 0.0743 -0.0092 -0.0665 -0.0311 0.0508 -0.0140 -0.0705 0.0532 0.0441 -0.0146 -0.0764 0.0804 0.0392 -0.0299 -0.0707 0.0689 0.0403 -0.0311 -0.0678 0.0614 0.0228 0.1223 -0.0269 0.1204 0.0119 0.2905 -0.0297 0.2831 -0.0027 0.4407 -0.0230 0.4591 -0.0050 0.4599 -0.0199 0.4843 -0.0036 0.4957 -0.0271 0.5099
31: 0.0001 -0.1938 0.0039 -0.2111 0.0071 -0.2117 0.0099 -0.2121 -0.0060 -0.2090 -0.0094 -0.2084 -0.0128 -0.2075 0.0157 -0.2058 -0.0179 -0.1983 0.0070 -0.1765 -0.0054 -0.1752 0.0484 -0.1205 -0.0443 -0.1238 0.0747 -0.0057 -0.0665 -0.0311 0.0510 -0.0080 -0.0770 0.0534 0.0446 -0.0081 -0.0832 0.0799 0.0401 -0.0256 -0.0781 0.0745 0.0413 -0.0267 -0.0749 0.0678 0.0228 0.1219 -0.0268 0.1226 0.0120 0.2901 -0.0292 0.2904 -0.0026 0.4380 -0.0217 0.4650 -0.0049 0.4524 -0.0188 0.4886 -0.0035 0.4960 -0.0235 0.5185
32: 0.0003 -0.1960 0.0040 -0.2133 0.0073 -0.2139 0.0101 -0.2144 -0.0058 -0.2114 -0.0093 -0.2108 -0.0127 -0.2099 0.0157 -0.2088 -0.0178 -0.2013 0.0072 -0.1788 -0.0052 -0.1776 0.0486 -0.1200 -0.0449 -0.1262 0.0748 -0.0067 -0.0667 -0.0334 0.0512 -0.0053 -0.0828 0.0517 0.0450 -0.0036 -0.0894 0.0787 0.0407 -0.0213 -0.0845 0.0748 0.0420 -0.0230 -0.0810 0.0679 0.0230 0.1215 -0.0267 0.1248 0.0122 0.2873 -0.0282 0.2959 -0.0026 0.4355 -0.0194 0.4722 -0.0049 0.4481 -0.0165 0.4969 -0.0032 0.4930 -0.0227 0.5233
33: 0.0003 -0.1977 0.0039 -0.2152 0.0072 -0.2159 0.0102 -0.2165 -0.0059 -0.2133 -0.0094 -0.2128 -0.0130 -0.2120 0.0155 -0.2100 -0.0178 -0.2032 0.0074 -0.1806 -0.0053 -0.1794 0.0482 -0.1188 -0.0449 -0.1279 0.0739 -0.0029 -0.0669 -0.0353 0.0516 -0.0060 -0.0846 0.0484 0.0455 -0.0023 -0.0909 0.0748 0.0413 -0.0208 -0.0863 0.0713 0.0424 -0.0228 -0.0828 0.0647 0.0230 0.1218 -0.0264 0.1248 0.0123 0.2857 -0.0273 0.2975 -0.0023 0.4281 -0.0191 0.4741 -0.0053 0.4376 -0.0166 0.4966 -0.0022 0.4872 -0.0191 0.5273
34: 0.0007 -0.2014 0.0044 -0.2189 0.0076 -0.2194 0.0108 -0.2197 -0.0055 -0.2170 -0.0092 -0.2165 -0.0128 -0.2157 0.0156 -0.2122 -0.0178 -0.2066 0.0078 -0.1838 -0.0053 -0.1829 0.0470 -0.1194 -0.0452 -0.1298 0.0735 -0.0009 -0.0668 -0.0392 0.0528 -0.0079 -0.0837 0.0435 0.0467 -0.0059 -0.0896 0.0695 0.0425 -0.0253 -0.0846 0.0657 0.0436 -0.0266 -0.0811 0.0591 0.0236 0.1228 -0.0255 0.1262 0.0133 0.2855 -0.0254 0.2973 -0.0016 0.4178 -0.0180 0.4673 -0.0055 0.4272 -0.0158 0.4895 -0.0003 0.4767 -0.0165 0.5264
35: 0.0002 -0.2018 0.0043 -0.2193 0.0075 -0.2196 0.0110 -0.2197 -0.0058 -0.2176 -0.0096 -0.2170 -0.0128 -0.2161 0.0156 -0.2117 -0.0179 -0.2070 0.0072 -0.1839 -0.0063 -0.1835 0.0462 -0.1191 -0.0452 -0.1302 0.0716 -0.0015 -0.0670 -0.0407 0.0530 -0.0061 -0.0822 0.0356 0.0474 -0.0033 -0.0876 0.0592 0.0435 -0.0231 -0.0824 0.0554 0.0443 -0.0245 -0.0789 0.0489 0.0238 0.1230 -0.0250 0.1264 0.0150 0.2852 -0.0239 0.2990 -0.0003 0.4086 -0.0161 0.4647 -0.0043 0.4161 -0.0141 0.4866 0.0013 0.4706 -0.0152 0.5241
36: -0.0013 -0.2024 0.0036 -0.2199 0.0069 -0.2203 0.0105 -0.2205 -0.0070 -0.2182 -0.0107 -0.2176 -0.0135 -0.2168 0.0155 -0.2121 -0.0182 -0.2078 0.0062 -0.1846 -0.0080 -0.1841 0.0462 -0.1188 -0.0450 -0.1310 0.0698 -0.0032 -0.0671 -0.0421 0.0518 -0.0062 -0.0815 0.0315 0.0463 -0.0013 -0.0863 0.0534 0.0427 -0.0201 -0.0810 0.0477 0.0433 -0.0221 -0.0779 0.0413 0.0236 0.1234 -0.0248 0.1263 0.0162 0.2856 -0.0228 0.3000 0.0009 0.3915 -0.0145 0.4629 -0.0032 0.3985 -0.0127 0.4846 0.0024 0.4577 -0.0144 0.5222
37: -0.0013 -0.2048 0.0037 -0.2224 0.0070 -0.2229 0.0108 -0.2229 -0.0070 -0.2206 -0.0107 -0.2200 -0.0133 -0.2192 0.0158 -0.2142 -0.0181 -0.2103 0.0063 -0.1872 -0.0080 -0.1865 0.0465 -0.1191 -0.0452 -0.1319 0.0691 -0.0065 -0.0684 -0.0431 0.0507 0.0118 -0.0813 0.0290 0.0454 0.0237 -0.0850 0.0508 0.0414 0.0050 -0.0797 0.0437 0.0416 0.0014 -0.0770 0.0369 0.0234 0.1243 -0.0247 0.1265 0.0176 0.2850 -0.0217 0.3001 0.0044 0.3713 -0.0129 0.4602 0.0002 0.3737 -0.0114 0.4821 0.0042 0.4444 -0.0136 0.5184
38: -0.0006 -0.2058 0.0043 -0.2238 0.0076 -0.2241 0.0114 -0.2239 -0.0064 -0.2224 -0.0102 -0.2219 -0.0129 -0.2212 0.0162 -0.2156 -0.0177 -0.2123 0.0069 -0.1879 -0.0074 -0.1877 0.0472 -0.1203 -0.0457 -0.1321 0.0688 -0.0097 -0.0692 -0.0408 0.0512 0.0331 -0.0820 0.0330 0.0466 0.0492 -0.0852 0.0551 0.0420 0.0333 -0.0799 0.0469 0.0417 0.0275 -0.0775 0.0399 0.0234 0.1252 -0.0248 0.1273 0.0200 0.2824 -0.0210 0.2988 0.0087 0.3548 -0.0123 0.4573 0.0037 0.3583 -0.0108 0.4752 0.0096 0.4329 -0.0120 0.5143
39: -0.0003 -0.2061 0.0045 -0.2241 0.0079 -0.2243 0.0116 -0.2242 -0.0061 -0.2227 -0.0099 -0.2221 -0.0128 -0.2215 0.0163 -0.2159 -0.0176 -0.2127 0.0071 -0.1882 -0.0070 -0.1880 0.0475 -0.1208 -0.0460 -0.1305 0.0692 -0.0103 -0.0698 -0.0344 0.0517 0.0604 -0.0835 0.0488 0.0463 0.0898 -0.0877 0.0776 0.0411 0.0783 -0.0821 0.0717 0.0409 0.0700 -0.0790 0.0635 0.0234 0.1245 -0.0249 0.1267 0.0223 0.2801 -0.0208 0.2974 0.0109 0.3576 -0.0121 0.4504 0.0052 0.3650 -0.0109 0.4642 0.0161 0.4336 -0.0109 0.5118
40: -0.0002 -0.2056 0.0045 -0.2235 0.0079 -0.2238 0.0116 -0.2237 -0.0061 -0.2221 -0.0098 -0.2216 -0.0128 -0.2210 0.0162 -0.2156 -0.0175 -0.2123 0.0072 -0.1878 -0.0069 -0.1875 0.0476 -0.1206 -0.0459 -0.1300 0.0690 -0.0108 -0.0696 -0.0294 0.0519 0.0702 -0.0826 0.0615 0.0487 0.1073 -0.0881 0.0922 0.0420 0.1019 -0.0826 0.0904 0.0409 0.0896 -0.0784 0.0804 0.0234 0.1242 -0.0253 0.1265 0.0239 0.2795 -0.0208 0.2969 0.0136 0.3641 -0.0123 0.4439 0.0080 0.3731 -0.0112 0.4580 0.0190 0.4398 -0.0100 0.5073
