1: -0.0166 -0.1737 -0.0111 -0.1908 -0.0071 -0.1923 -0.0027 -0.1939 -0.0188 -0.1895 -0.0203 -0.1898 -0.0216 -0.1903 0.0087 -0.1944 -0.0184 -0.1928 -0.0069 -0.1602 -0.0177 -0.1605 0.0497 -0.1217 -0.0417 -0.1297 0.0710 -0.0109 -0.0659 -0.0300 0.0296 0.0197 -0.0581 -0.0091 0.0180 0.0318 -0.0575 0.0040 0.0130 0.0154 -0.0559 -0.0088 0.0145 0.0079 -0.0544 -0.0140 0.0197 0.1283 -0.0276 0.1230 0.0100 0.3071 -0.0341 0.3047 -0.0013 0.4692 -0.0222 0.4120 -0.0012 0.4808 -0.0166 0.4171 -0.0081 0.5347 -0.0257 0.4686
2: -0.0150 -0.1796 -0.0085 -0.1976 -0.0044 -0.1988 -0.0003 -0.2001 -0.0170 -0.1959 -0.0187 -0.1961 -0.0206 -0.1962 0.0096 -0.1985 -0.0184 -0.1962 -0.0055 -0.1650 -0.0167 -0.1646 0.0499 -0.1230 -0.0419 -0.1305 0.0726 -0.0121 -0.0661 -0.0275 0.0294 0.0182 -0.0576 -0.0093 0.0172 0.0304 -0.0574 0.0028 0.0127 0.0138 -0.0560 -0.0110 0.0143 0.0069 -0.0544 -0.0159 0.0200 0.1292 -0.0279 0.1244 0.0102 0.3063 -0.0344 0.3037 -0.0012 0.4691 -0.0225 0.4078 -0.0015 0.4809 -0.0168 0.4022 -0.0080 0.5337 -0.0256 0.4676
3: -0.0143 -0.1826 -0.0079 -0.2005 -0.0037 -0.2018 0.0003 -0.2031 -0.0164 -0.1987 -0.0181 -0.1989 -0.0202 -0.1989 0.0101 -0.2013 -0.0183 -0.1981 -0.0047 -0.1683 -0.0163 -0.1675 0.0499 -0.1237 -0.0416 -0.1315 0.0733 -0.0119 -0.0658 -0.0273 0.0289 0.0168 -0.0578 -0.0100 0.0163 0.0281 -0.0577 -0.0005 0.0120 0.0120 -0.0565 -0.0142 0.0138 0.0062 -0.0547 -0.0183 0.0197 0.1301 -0.0282 0.1250 0.0101 0.3066 -0.0352 0.3017 -0.0013 0.4691 -0.0236 0.3934 -0.0018 0.4801 -0.0174 0.3982 -0.0083 0.5325 -0.0296 0.4627
4: -0.0145 -0.1840 -0.0081 -0.2019 -0.0040 -0.2036 0.0000 -0.2052 -0.0163 -0.1996 -0.0180 -0.1996 -0.0200 -0.1995 0.0102 -0.2026 -0.0179 -0.1987 -0.0050 -0.1703 -0.0163 -0.1696 0.0497 -0.1247 -0.0406 -0.1335 0.0737 -0.0104 -0.0647 -0.0275 0.0284 0.0120 -0.0581 -0.0141 0.0152 0.0227 -0.0587 -0.0061 0.0109 0.0087 -0.0578 -0.0185 0.0128 0.0024 -0.0558 -0.0218 0.0194 0.1324 -0.0285 0.1259 0.0099 0.3084 -0.0357 0.2974 -0.0005 0.4683 -0.0245 0.3877 -0.0019 0.4778 -0.0179 0.3971 -0.0087 0.5303 -0.0328 0.4647
5: -0.0140 -0.1833 -0.0078 -0.2009 -0.0037 -0.2030 0.0003 -0.2047 -0.0159 -0.1980 -0.0175 -0.1981 -0.0195 -0.1979 0.0105 -0.2023 -0.0175 -0.1972 -0.0043 -0.1700 -0.0156 -0.1697 0.0496 -0.1241 -0.0397 -0.1333 0.0742 -0.0080 -0.0646 -0.0264 0.0280 0.0071 -0.0584 -0.0166 0.0137 0.0179 -0.0592 -0.0075 0.0092 0.0035 -0.0583 -0.0192 0.0115 -0.0033 -0.0562 -0.0225 0.0189 0.1333 -0.0288 0.1242 0.0099 0.3115 -0.0363 0.2959 -0.0006 0.4666 -0.0253 0.3956 -0.0022 0.4763 -0.0187 0.4026 -0.0089 0.5299 -0.0349 0.4724
6: -0.0140 -0.1825 -0.0080 -0.2002 -0.0039 -0.2025 0.0001 -0.2044 -0.0158 -0.1972 -0.0173 -0.1972 -0.0192 -0.1970 0.0104 -0.2023 -0.0169 -0.1967 -0.0043 -0.1695 -0.0153 -0.1693 0.0498 -0.1224 -0.0394 -0.1322 0.0743 -0.0054 -0.0647 -0.0239 0.0274 0.0061 -0.0580 -0.0160 0.0127 0.0146 -0.0591 -0.0064 0.0085 -0.0007 -0.0584 -0.0183 0.0109 -0.0066 -0.0562 -0.0218 0.0187 0.1324 -0.0290 0.1222 0.0098 0.3111 -0.0365 0.2953 -0.0013 0.4606 -0.0258 0.4194 -0.0035 0.4716 -0.0198 0.4324 -0.0090 0.5240 -0.0369 0.4866
7: -0.0142 -0.1835 -0.0082 -0.2012 -0.0041 -0.2034 -0.0001 -0.2052 -0.0159 -0.1982 -0.0175 -0.1980 -0.0193 -0.1978 0.0102 -0.2029 -0.0166 -0.1974 -0.0046 -0.1704 -0.0155 -0.1701 0.0497 -0.1215 -0.0392 -0.1313 0.0741 -0.0045 -0.0649 -0.0231 0.0251 0.0062 -0.0582 -0.0166 0.0104 0.0132 -0.0595 -0.0060 0.0065 -0.0026 -0.0592 -0.0184 0.0091 -0.0080 -0.0568 -0.0220 0.0184 0.1315 -0.0292 0.1212 0.0096 0.3096 -0.0367 0.2948 -0.0017 0.4623 -0.0263 0.4440 -0.0038 0.4742 -0.0211 0.4609 -0.0092 0.5230 -0.0375 0.5073
8: -0.0144 -0.1825 -0.0084 -0.2002 -0.0045 -0.2022 -0.0006 -0.2040 -0.0161 -0.1973 -0.0176 -0.1972 -0.0195 -0.1971 0.0101 -0.2020 -0.0164 -0.1968 -0.0048 -0.1693 -0.0156 -0.1692 0.0498 -0.1214 -0.0390 -0.1309 0.0739 -0.0033 -0.0644 -0.0231 0.0237 0.0060 -0.0583 -0.0155 0.0091 0.0118 -0.0606 -0.0048 0.0052 -0.0040 -0.0606 -0.0173 0.0079 -0.0088 -0.0578 -0.0211 0.0183 0.1310 -0.0292 0.1213 0.0095 0.3061 -0.0368 0.2950 -0.0023 0.4635 -0.0269 0.4600 -0.0041 0.4777 -0.0215 0.4822 -0.0094 0.5210 -0.0388 0.5222
9: -0.0153 -0.1838 -0.0097 -0.2015 -0.0062 -0.2035 -0.0024 -0.2048 -0.0167 -0.1984 -0.0183 -0.1983 -0.0200 -0.1981 0.0095 -0.2031 -0.0166 -0.1980 -0.0070 -0.1698 -0.0162 -0.1693 0.0504 -0.1207 -0.0395 -0.1300 0.0733 -0.0009 -0.0644 -0.0191 0.0218 0.0046 -0.0595 -0.0103 0.0076 0.0103 -0.0626 -0.0026 0.0035 -0.0070 -0.0622 -0.0186 0.0063 -0.0117 -0.0592 -0.0224 0.0183 0.1299 -0.0293 0.1210 0.0094 0.3049 -0.0368 0.2953 -0.0030 0.4601 -0.0272 0.4708 -0.0045 0.4760 -0.0217 0.4948 -0.0089 0.5143 -0.0391 0.5299
10: -0.0170 -0.1857 -0.0115 -0.2036 -0.0085 -0.2051 -0.0051 -0.2060 -0.0179 -0.2016 -0.0194 -0.2018 -0.0209 -0.2018 0.0080 -0.2045 -0.0166 -0.2017 -0.0094 -0.1704 -0.0171 -0.1703 0.0504 -0.1205 -0.0397 -0.1265 0.0723 0.0000 -0.0643 -0.0178 0.0199 0.0012 -0.0605 -0.0077 0.0057 0.0068 -0.0638 -0.0011 0.0016 -0.0109 -0.0632 -0.0168 0.0047 -0.0155 -0.0599 -0.0210 0.0185 0.1267 -0.0293 0.1201 0.0094 0.3004 -0.0368 0.2924 -0.0036 0.4559 -0.0277 0.4755 -0.0049 0.4721 -0.0217 0.5043 -0.0093 0.5090 -0.0404 0.5281
11: -0.0206 -0.1829 -0.0151 -0.2005 -0.0122 -0.2016 -0.0089 -0.2027 -0.0207 -0.1994 -0.0218 -0.1998 -0.0229 -0.2003 0.0054 -0.2020 -0.0167 -0.2009 -0.0125 -0.1672 -0.0191 -0.1673 0.0501 -0.1206 -0.0399 -0.1243 0.0702 0.0005 -0.0640 -0.0182 0.0174 -0.0029 -0.0618 -0.0036 0.0033 0.0027 -0.0654 0.0018 -0.0009 -0.0149 -0.0644 -0.0135 0.0026 -0.0196 -0.0614 -0.0169 0.0190 0.1246 -0.0291 0.1204 0.0096 0.2937 -0.0365 0.2887 -0.0036 0.4458 -0.0281 0.4703 -0.0051 0.4615 -0.0224 0.4981 -0.0092 0.5011 -0.0398 0.5218
12: -0.0214 -0.1810 -0.0160 -0.1987 -0.0128 -0.1995 -0.0092 -0.2006 -0.0222 -0.1980 -0.0236 -0.1983 -0.0250 -0.1987 0.0045 -0.2007 -0.0192 -0.1993 -0.0130 -0.1656 -0.0201 -0.1651 0.0498 -0.1208 -0.0408 -0.1218 0.0685 0.0007 -0.0635 -0.0176 0.0167 -0.0084 -0.0621 -0.0043 0.0031 -0.0031 -0.0669 0.0036 -0.0019 -0.0192 -0.0651 -0.0101 0.0017 -0.0235 -0.0619 -0.0139 0.0196 0.1229 -0.0287 0.1199 0.0100 0.2881 -0.0357 0.2871 -0.0033 0.4377 -0.0279 0.4670 -0.0054 0.4520 -0.0232 0.4943 -0.0081 0.4941 -0.0363 0.5178
13: -0.0231 -0.1800 -0.0182 -0.1979 -0.0149 -0.1990 -0.0113 -0.2004 -0.0247 -0.1969 -0.0264 -0.1970 -0.0280 -0.1971 0.0026 -0.2013 -0.0220 -0.1978 -0.0142 -0.1658 -0.0216 -0.1639 0.0492 -0.1220 -0.0416 -0.1188 0.0683 -0.0002 -0.0628 -0.0125 0.0152 -0.0079 -0.0621 0.0003 0.0015 -0.0024 -0.0671 0.0087 -0.0036 -0.0163 -0.0652 -0.0047 -0.0000 -0.0195 -0.0620 -0.0082 0.0204 0.1217 -0.0279 0.1191 0.0106 0.2843 -0.0344 0.2864 -0.0029 0.4352 -0.0268 0.4703 -0.0051 0.4491 -0.0223 0.4958 -0.0077 0.4917 -0.0335 0.5222
14: -0.0260 -0.1794 -0.0214 -0.1977 -0.0183 -0.1995 -0.0148 -0.2014 -0.0279 -0.1958 -0.0293 -0.1957 -0.0306 -0.1957 -0.0010 -0.2027 -0.0239 -0.1967 -0.0162 -0.1663 -0.0235 -0.1633 0.0478 -0.1236 -0.0420 -0.1175 0.0689 -0.0027 -0.0621 -0.0090 0.0154 -0.0066 -0.0622 0.0008 0.0016 0.0004 -0.0679 0.0100 -0.0035 -0.0129 -0.0661 -0.0033 0.0001 -0.0165 -0.0625 -0.0070 0.0213 0.1217 -0.0271 0.1196 0.0114 0.2837 -0.0332 0.2897 -0.0021 0.4306 -0.0260 0.4723 -0.0044 0.4423 -0.0216 0.4940 -0.0069 0.4884 -0.0304 0.5282
15: -0.0303 -0.1789 -0.0254 -0.1973 -0.0221 -0.1990 -0.0187 -0.2008 -0.0315 -0.1953 -0.0327 -0.1953 -0.0339 -0.1953 -0.0047 -0.2015 -0.0256 -0.1964 -0.0200 -0.1659 -0.0274 -0.1630 0.0461 -0.1264 -0.0429 -0.1172 0.0703 -0.0069 -0.0609 -0.0080 0.0160 -0.0040 -0.0616 0.0037 0.0025 0.0058 -0.0674 0.0131 -0.0028 -0.0069 -0.0662 0.0002 0.0006 -0.0108 -0.0627 -0.0033 0.0226 0.1230 -0.0257 0.1206 0.0127 0.2853 -0.0311 0.2928 0.0007 0.4248 -0.0245 0.4721 -0.0015 0.4355 -0.0203 0.4934 -0.0055 0.4849 -0.0273 0.5298
16: -0.0331 -0.1778 -0.0282 -0.1965 -0.0249 -0.1983 -0.0215 -0.2000 -0.0340 -0.1943 -0.0351 -0.1943 -0.0362 -0.1943 -0.0073 -0.2010 -0.0271 -0.1956 -0.0227 -0.1650 -0.0302 -0.1621 0.0456 -0.1297 -0.0433 -0.1177 0.0708 -0.0131 -0.0604 -0.0092 0.0166 -0.0015 -0.0637 0.0046 0.0029 0.0108 -0.0691 0.0131 -0.0031 -0.0012 -0.0694 0.0009 -0.0000 -0.0053 -0.0656 -0.0020 0.0230 0.1244 -0.0252 0.1230 0.0135 0.2869 -0.0300 0.2959 0.0036 0.4116 -0.0236 0.4699 0.0017 0.4173 -0.0197 0.4910 -0.0046 0.4753 -0.0258 0.5293
17: -0.0334 -0.1764 -0.0285 -0.1953 -0.0252 -0.1975 -0.0218 -0.1995 -0.0345 -0.1926 -0.0357 -0.1926 -0.0368 -0.1926 -0.0078 -0.2023 -0.0281 -0.1942 -0.0230 -0.1638 -0.0307 -0.1605 0.0443 -0.1334 -0.0434 -0.1171 0.0719 -0.0207 -0.0595 -0.0089 0.0180 0.0003 -0.0633 0.0049 0.0041 0.0144 -0.0686 0.0137 -0.0016 0.0036 -0.0690 0.0024 0.0012 -0.0011 -0.0652 -0.0012 0.0236 0.1259 -0.0245 0.1247 0.0145 0.2875 -0.0287 0.2974 0.0071 0.3920 -0.0224 0.4690 0.0050 0.3952 -0.0187 0.4905 -0.0015 0.4603 -0.0236 0.5279
18: -0.0338 -0.1793 -0.0292 -0.1980 -0.0261 -0.2004 -0.0226 -0.2030 -0.0352 -0.1948 -0.0364 -0.1947 -0.0376 -0.1945 -0.0082 -0.2063 -0.0296 -0.1954 -0.0233 -0.1667 -0.0311 -0.1636 0.0444 -0.1355 -0.0436 -0.1175 0.0723 -0.0242 -0.0595 -0.0109 0.0186 0.0018 -0.0643 0.0054 0.0049 0.0174 -0.0694 0.0145 -0.0008 0.0070 -0.0700 0.0025 0.0019 0.0020 -0.0661 -0.0010 0.0237 0.1270 -0.0244 0.1261 0.0154 0.2866 -0.0283 0.2990 0.0117 0.3832 -0.0219 0.4672 0.0095 0.3870 -0.0183 0.4864 0.0062 0.4535 -0.0231 0.5277
19: -0.0336 -0.1808 -0.0292 -0.1991 -0.0261 -0.2017 -0.0226 -0.2047 -0.0352 -0.1953 -0.0363 -0.1950 -0.0374 -0.1947 -0.0082 -0.2081 -0.0302 -0.1954 -0.0231 -0.1694 -0.0308 -0.1662 0.0445 -0.1360 -0.0439 -0.1190 0.0728 -0.0267 -0.0599 -0.0102 0.0208 0.0044 -0.0637 0.0073 0.0074 0.0208 -0.0686 0.0169 0.0014 0.0100 -0.0689 0.0046 0.0036 0.0045 -0.0652 0.0009 0.0237 0.1269 -0.0243 0.1281 0.0170 0.2867 -0.0280 0.3014 0.0143 0.3893 -0.0217 0.4600 0.0114 0.3970 -0.0180 0.4764 0.0126 0.4604 -0.0229 0.5264
20: -0.0338 -0.1789 -0.0296 -0.1967 -0.0266 -0.1994 -0.0231 -0.2025 -0.0354 -0.1930 -0.0364 -0.1928 -0.0374 -0.1924 -0.0086 -0.2062 -0.0299 -0.1936 -0.0236 -0.1679 -0.0309 -0.1649 0.0445 -0.1348 -0.0441 -0.1200 0.0730 -0.0264 -0.0603 -0.0139 0.0232 0.0079 -0.0653 0.0104 0.0106 0.0248 -0.0703 0.0188 0.0045 0.0139 -0.0708 0.0061 0.0063 0.0082 -0.0672 0.0029 0.0238 0.1268 -0.0242 0.1281 0.0185 0.2891 -0.0279 0.3036 0.0150 0.4026 -0.0216 0.4566 0.0116 0.4108 -0.0179 0.4706 0.0165 0.4699 -0.0225 0.5261
21: -0.0335 -0.1772 -0.0292 -0.1951 -0.0263 -0.1979 -0.0229 -0.2010 -0.0351 -0.1914 -0.0362 -0.1912 -0.0372 -0.1909 -0.0082 -0.2046 -0.0296 -0.1928 -0.0234 -0.1665 -0.0308 -0.1637 0.0446 -0.1324 -0.0445 -0.1191 0.0732 -0.0239 -0.0617 -0.0146 0.0258 0.0118 -0.0662 0.0134 0.0128 0.0288 -0.0707 0.0210 0.0069 0.0179 -0.0710 0.0082 0.0088 0.0119 -0.0676 0.0052 0.0239 0.1261 -0.0242 0.1253 0.0203 0.2918 -0.0278 0.3030 0.0155 0.4177 -0.0214 0.4555 0.0114 0.4314 -0.0172 0.4691 0.0159 0.4915 -0.0222 0.5252
22: -0.0330 -0.1765 -0.0287 -0.1946 -0.0256 -0.1973 -0.0223 -0.2002 -0.0346 -0.1912 -0.0358 -0.1910 -0.0368 -0.1908 -0.0077 -0.2035 -0.0293 -0.1927 -0.0230 -0.1654 -0.0304 -0.1628 0.0446 -0.1321 -0.0446 -0.1190 0.0733 -0.0241 -0.0631 -0.0146 0.0271 0.0133 -0.0671 0.0121 0.0144 0.0315 -0.0713 0.0194 0.0082 0.0205 -0.0714 0.0061 0.0099 0.0143 -0.0682 0.0032 0.0243 0.1264 -0.0243 0.1245 0.0216 0.2937 -0.0276 0.3032 0.0149 0.4398 -0.0212 0.4544 0.0107 0.4522 -0.0170 0.4683 0.0149 0.5108 -0.0225 0.5228
23: -0.0331 -0.1765 -0.0286 -0.1948 -0.0255 -0.1972 -0.0220 -0.2000 -0.0346 -0.1916 -0.0357 -0.1915 -0.0367 -0.1912 -0.0076 -0.2029 -0.0293 -0.1930 -0.0229 -0.1649 -0.0304 -0.1624 0.0445 -0.1316 -0.0450 -0.1193 0.0736 -0.0227 -0.0642 -0.0138 0.0280 0.0147 -0.0692 0.0123 0.0151 0.0337 -0.0727 0.0191 0.0090 0.0217 -0.0725 0.0038 0.0107 0.0154 -0.0697 0.0006 0.0246 0.1263 -0.0242 0.1246 0.0225 0.2961 -0.0270 0.3021 0.0150 0.4531 -0.0212 0.4541 0.0102 0.4659 -0.0169 0.4692 0.0158 0.5238 -0.0222 0.5180
24: -0.0332 -0.1747 -0.0286 -0.1935 -0.0254 -0.1960 -0.0220 -0.1985 -0.0347 -0.1902 -0.0357 -0.1902 -0.0367 -0.1901 -0.0076 -0.2013 -0.0293 -0.1926 -0.0229 -0.1629 -0.0305 -0.1605 0.0444 -0.1312 -0.0452 -0.1190 0.0740 -0.0214 -0.0648 -0.0125 0.0290 0.0170 -0.0701 0.0127 0.0158 0.0364 -0.0729 0.0194 0.0098 0.0232 -0.0725 0.0039 0.0117 0.0169 -0.0699 0.0007 0.0248 0.1258 -0.0239 0.1245 0.0223 0.2981 -0.0259 0.3021 0.0147 0.4726 -0.0207 0.4539 0.0097 0.4928 -0.0169 0.4707 0.0163 0.5319 -0.0225 0.5113
25: -0.0333 -0.1701 -0.0289 -0.1889 -0.0257 -0.1912 -0.0222 -0.1936 -0.0350 -0.1863 -0.0361 -0.1862 -0.0371 -0.1863 -0.0076 -0.1967 -0.0297 -0.1895 -0.0229 -0.1585 -0.0306 -0.1555 0.0441 -0.1304 -0.0450 -0.1157 0.0736 -0.0231 -0.0653 -0.0123 0.0299 0.0200 -0.0707 0.0122 0.0162 0.0391 -0.0733 0.0191 0.0107 0.0241 -0.0729 0.0040 0.0127 0.0184 -0.0703 0.0007 0.0246 0.1239 -0.0239 0.1224 0.0221 0.2983 -0.0261 0.2999 0.0145 0.4769 -0.0211 0.4455 0.0097 0.4968 -0.0173 0.4612 0.0147 0.5319 -0.0245 0.5035
26: -0.0314 -0.1690 -0.0265 -0.1880 -0.0230 -0.1894 -0.0192 -0.1911 -0.0332 -0.1862 -0.0346 -0.1862 -0.0360 -0.1863 -0.0053 -0.1939 -0.0294 -0.1886 -0.0214 -0.1557 -0.0293 -0.1538 0.0444 -0.1282 -0.0452 -0.1136 0.0732 -0.0257 -0.0658 -0.0121 0.0302 0.0197 -0.0710 0.0113 0.0166 0.0401 -0.0732 0.0188 0.0111 0.0249 -0.0726 0.0047 0.0130 0.0193 -0.0701 0.0016 0.0249 0.1211 -0.0242 0.1208 0.0217 0.2972 -0.0265 0.2949 0.0142 0.4724 -0.0215 0.4345 0.0103 0.4897 -0.0175 0.4479 0.0119 0.5266 -0.0258 0.4942
27: -0.0284 -0.1699 -0.0238 -0.1888 -0.0204 -0.1901 -0.0167 -0.1915 -0.0305 -0.1875 -0.0320 -0.1876 -0.0334 -0.1876 -0.0026 -0.1943 -0.0275 -0.1895 -0.0190 -0.1559 -0.0271 -0.1547 0.0458 -0.1256 -0.0452 -0.1150 0.0723 -0.0212 -0.0665 -0.0124 0.0297 0.0231 -0.0687 0.0116 0.0159 0.0434 -0.0714 0.0199 0.0108 0.0277 -0.0702 0.0059 0.0127 0.0219 -0.0677 0.0025 0.0245 0.1207 -0.0251 0.1200 0.0206 0.2979 -0.0276 0.2924 0.0130 0.4694 -0.0225 0.4253 0.0091 0.4848 -0.0184 0.4373 0.0074 0.5248 -0.0278 0.4861
28: -0.0243 -0.1715 -0.0197 -0.1901 -0.0160 -0.1914 -0.0117 -0.1929 -0.0265 -0.1888 -0.0283 -0.1889 -0.0300 -0.1890 0.0013 -0.1957 -0.0253 -0.1907 -0.0145 -0.1571 -0.0241 -0.1566 0.0474 -0.1254 -0.0445 -0.1176 0.0719 -0.0184 -0.0672 -0.0156 0.0296 0.0228 -0.0672 0.0098 0.0156 0.0429 -0.0694 0.0196 0.0108 0.0270 -0.0679 0.0066 0.0126 0.0211 -0.0654 0.0030 0.0236 0.1225 -0.0263 0.1204 0.0194 0.3004 -0.0288 0.2936 0.0099 0.4737 -0.0241 0.4201 0.0054 0.4890 -0.0200 0.4331 0.0057 0.5313 -0.0297 0.4796
29: -0.0218 -0.1724 -0.0161 -0.1913 -0.0124 -0.1923 -0.0083 -0.1942 -0.0233 -0.1902 -0.0246 -0.1905 -0.0261 -0.1906 0.0041 -0.1977 -0.0213 -0.1917 -0.0115 -0.1592 -0.0222 -0.1574 0.0490 -0.1258 -0.0434 -0.1187 0.0709 -0.0161 -0.0670 -0.0169 0.0292 0.0226 -0.0664 0.0083 0.0156 0.0423 -0.0687 0.0177 0.0108 0.0264 -0.0680 0.0049 0.0126 0.0205 -0.0655 0.0014 0.0222 0.1236 -0.0278 0.1209 0.0178 0.3032 -0.0303 0.2952 0.0078 0.4752 -0.0258 0.4175 0.0034 0.4890 -0.0216 0.4300 0.0039 0.5370 -0.0316 0.4768
30: -0.0170 -0.1780 -0.0111 -0.1965 -0.0071 -0.1975 -0.0027 -0.1990 -0.0194 -0.1953 -0.0214 -0.1952 -0.0228 -0.1952 0.0084 -0.1982 -0.0191 -0.1939 -0.0069 -0.1628 -0.0186 -0.1613 0.0510 -0.1247 -0.0423 -0.1220 0.0702 -0.0123 -0.0677 -0.0201 0.0281 0.0229 -0.0652 0.0077 0.0142 0.0417 -0.0685 0.0173 0.0100 0.0259 -0.0668 0.0051 0.0118 0.0200 -0.0638 0.0011 0.0206 0.1249 -0.0294 0.1220 0.0161 0.3045 -0.0321 0.2971 0.0065 0.4741 -0.0272 0.4122 0.0027 0.4871 -0.0225 0.4202 0.0013 0.5374 -0.0332 0.4703
31: -0.0162 -0.1803 -0.0098 -0.1984 -0.0059 -0.1992 -0.0014 -0.2002 -0.0177 -0.1977 -0.0195 -0.1979 -0.0208 -0.1980 0.0110 -0.1975 -0.0156 -0.1967 -0.0058 -0.1638 -0.0173 -0.1639 0.0524 -0.1230 -0.0409 -0.1281 0.0708 -0.0087 -0.0674 -0.0260 0.0285 0.0241 -0.0625 0.0021 0.0143 0.0429 -0.0665 0.0142 0.0110 0.0268 -0.0655 0.0007 0.0130 0.0218 -0.0624 -0.0046 0.0192 0.1272 -0.0309 0.1238 0.0142 0.3082 -0.0341 0.2989 0.0049 0.4766 -0.0286 0.3987 0.0012 0.4885 -0.0232 0.4018 -0.0015 0.5373 -0.0344 0.4665
32: -0.0144 -0.1835 -0.0080 -0.2015 -0.0039 -0.2025 0.0007 -0.2034 -0.0160 -0.2007 -0.0176 -0.2009 -0.0189 -0.2012 0.0131 -0.1991 -0.0140 -0.2002 -0.0042 -0.1672 -0.0157 -0.1687 0.0535 -0.1220 -0.0399 -0.1337 0.0719 -0.0063 -0.0671 -0.0288 0.0276 0.0254 -0.0627 -0.0034 0.0135 0.0403 -0.0662 0.0071 0.0102 0.0240 -0.0653 -0.0086 0.0123 0.0192 -0.0624 -0.0137 0.0182 0.1303 -0.0320 0.1253 0.0131 0.3095 -0.0360 0.3003 0.0038 0.4757 -0.0293 0.3888 0.0004 0.4878 -0.0228 0.3876 -0.0035 0.5369 -0.0359 0.4595
33: -0.0123 -0.1884 -0.0059 -0.2063 -0.0020 -0.2074 0.0023 -0.2082 -0.0138 -0.2045 -0.0155 -0.2047 -0.0168 -0.2048 0.0142 -0.2034 -0.0128 -0.2036 -0.0027 -0.1732 -0.0139 -0.1747 0.0544 -0.1200 -0.0390 -0.1374 0.0718 -0.0046 -0.0676 -0.0328 0.0262 0.0228 -0.0624 -0.0106 0.0122 0.0340 -0.0648 0.0015 0.0086 0.0189 -0.0637 -0.0139 0.0106 0.0136 -0.0612 -0.0191 0.0173 0.1326 -0.0327 0.1250 0.0122 0.3101 -0.0380 0.2940 0.0029 0.4771 -0.0296 0.3840 -0.0001 0.4903 -0.0227 0.3889 -0.0054 0.5376 -0.0369 0.4608
34: -0.0106 -0.1908 -0.0040 -0.2081 -0.0002 -0.2088 0.0040 -0.2095 -0.0121 -0.2072 -0.0138 -0.2075 -0.0152 -0.2077 0.0152 -0.2053 -0.0119 -0.2066 -0.0017 -0.1750 -0.0125 -0.1769 0.0551 -0.1185 -0.0380 -0.1391 0.0713 -0.0014 -0.0660 -0.0337 0.0249 0.0145 -0.0605 -0.0166 0.0108 0.0250 -0.0640 -0.0050 0.0071 0.0106 -0.0631 -0.0197 0.0091 0.0031 -0.0601 -0.0242 0.0164 0.1341 -0.0335 0.1236 0.0112 0.3119 -0.0392 0.2946 0.0019 0.4761 -0.0295 0.3952 -0.0012 0.4857 -0.0231 0.4014 -0.0065 0.5397 -0.0371 0.4687
35: -0.0100 -0.1903 -0.0031 -0.2077 0.0007 -0.2083 0.0047 -0.2089 -0.0112 -0.2068 -0.0128 -0.2071 -0.0141 -0.2072 0.0157 -0.2057 -0.0110 -0.2062 -0.0013 -0.1742 -0.0119 -0.1762 0.0555 -0.1170 -0.0374 -0.1381 0.0718 0.0015 -0.0663 -0.0319 0.0242 0.0116 -0.0593 -0.0159 0.0101 0.0204 -0.0625 -0.0047 0.0062 0.0045 -0.0619 -0.0196 0.0083 -0.0032 -0.0589 -0.0240 0.0159 0.1338 -0.0340 0.1211 0.0110 0.3124 -0.0399 0.2943 0.0013 0.4724 -0.0286 0.4157 -0.0019 0.4842 -0.0226 0.4280 -0.0071 0.5385 -0.0377 0.4809
36: -0.0093 -0.1906 -0.0023 -0.2075 0.0015 -0.2082 0.0055 -0.2087 -0.0104 -0.2066 -0.0118 -0.2067 -0.0131 -0.2067 0.0162 -0.2056 -0.0104 -0.2051 -0.0005 -0.1741 -0.0111 -0.1760 0.0553 -0.1160 -0.0366 -0.1370 0.0718 0.0036 -0.0662 -0.0322 0.0236 0.0048 -0.0588 -0.0158 0.0096 0.0128 -0.0628 -0.0042 0.0057 -0.0035 -0.0621 -0.0188 0.0076 -0.0100 -0.0589 -0.0231 0.0156 0.1329 -0.0343 0.1199 0.0119 0.3113 -0.0403 0.2936 0.0007 0.4713 -0.0288 0.4392 -0.0034 0.4859 -0.0233 0.4572 -0.0059 0.5362 -0.0377 0.5019
37: -0.0090 -0.1886 -0.0022 -0.2058 0.0017 -0.2069 0.0057 -0.2077 -0.0101 -0.2044 -0.0115 -0.2046 -0.0128 -0.2046 0.0164 -0.2047 -0.0099 -0.2033 0.0002 -0.1727 -0.0106 -0.1744 0.0553 -0.1153 -0.0360 -0.1363 0.0713 0.0050 -0.0666 -0.0313 0.0226 -0.0002 -0.0597 -0.0175 0.0084 0.0071 -0.0639 -0.0056 0.0041 -0.0093 -0.0631 -0.0200 0.0064 -0.0150 -0.0599 -0.0242 0.0154 0.1318 -0.0347 0.1197 0.0117 0.3100 -0.0405 0.2942 -0.0000 0.4694 -0.0294 0.4564 -0.0042 0.4855 -0.0239 0.4758 -0.0065 0.5305 -0.0386 0.5212
38: -0.0095 -0.1877 -0.0032 -0.2051 0.0006 -0.2062 0.0046 -0.2071 -0.0104 -0.2036 -0.0118 -0.2038 -0.0134 -0.2038 0.0159 -0.2044 -0.0098 -0.2027 -0.0003 -0.1722 -0.0107 -0.1735 0.0551 -0.1156 -0.0359 -0.1354 0.0712 0.0055 -0.0665 -0.0307 0.0216 0.0006 -0.0595 -0.0167 0.0073 0.0069 -0.0639 -0.0046 0.0031 -0.0103 -0.0628 -0.0186 0.0058 -0.0155 -0.0595 -0.0230 0.0155 0.1311 -0.0345 0.1198 0.0117 0.3075 -0.0394 0.2945 -0.0006 0.4692 -0.0290 0.4713 -0.0043 0.4861 -0.0238 0.4934 -0.0073 0.5261 -0.0392 0.5326
39: -0.0099 -0.1878 -0.0037 -0.2055 -0.0000 -0.2066 0.0040 -0.2076 -0.0108 -0.2040 -0.0124 -0.2043 -0.0142 -0.2043 0.0155 -0.2045 -0.0104 -0.2031 -0.0009 -0.1721 -0.0111 -0.1729 0.0550 -0.1151 -0.0365 -0.1352 0.0710 0.0082 -0.0660 -0.0277 0.0213 0.0021 -0.0598 -0.0155 0.0064 0.0078 -0.0639 -0.0037 0.0026 -0.0108 -0.0629 -0.0191 0.0056 -0.0157 -0.0599 -0.0233 0.0157 0.1305 -0.0343 0.1196 0.0116 0.3048 -0.0389 0.2944 -0.0012 0.4668 -0.0290 0.4820 -0.0045 0.4851 -0.0238 0.5080 -0.0089 0.5203 -0.0400 0.5370
40: -0.0109 -0.1890 -0.0047 -0.2069 -0.0010 -0.2078 0.0031 -0.2085 -0.0118 -0.2055 -0.0134 -0.2059 -0.0151 -0.2060 0.0146 -0.2051 -0.0108 -0.2047 -0.0017 -0.1732 -0.0119 -0.1735 0.0550 -0.1146 -0.0370 -0.1335 0.0708 0.0080 -0.0662 -0.0293 0.0203 0.0000 -0.0605 -0.0176 0.0051 0.0063 -0.0644 -0.0041 0.0014 -0.0116 -0.0630 -0.0176 0.0048 -0.0165 -0.0599 -0.0233 0.0162 0.1286 -0.0342 0.1195 0.0115 0.2999 -0.0380 0.2918 -0.0014 0.4615 -0.0300 0.4814 -0.0052 0.4799 -0.0255 0.5052 -0.0079 0.5150 -0.0393 0.5318
