1: -0.0140 -0.1754 -0.0099 -0.1948 -0.0066 -0.1969 -0.0031 -0.1990 -0.0180 -0.1926 -0.0201 -0.1927 -0.0226 -0.1929 0.0051 -0.2024 -0.0207 -0.1949 -0.0056 -0.1621 -0.0160 -0.1592 0.0491 -0.1175 -0.0398 -0.1153 0.0574 0.0005 -0.0553 0.0094 0.0430 0.0836 -0.0412 0.0063 0.0405 0.1194 -0.0376 0.0095 0.0347 0.1124 -0.0365 -0.0091 0.0344 0.0996 -0.0358 -0.0120 0.0183 0.1219 -0.0279 0.1111 0.0043 0.3092 -0.0318 0.3003 -0.0018 0.4696 -0.0422 0.4812 -0.0079 0.4904 -0.0356 0.5076 0.0036 0.5342 -0.0555 0.5330
2: -0.0141 -0.1749 -0.0104 -0.1942 -0.0073 -0.1962 -0.0040 -0.1983 -0.0181 -0.1923 -0.0202 -0.1925 -0.0225 -0.1927 0.0051 -0.2023 -0.0205 -0.1949 -0.0060 -0.1623 -0.0158 -0.1593 0.0491 -0.1177 -0.0397 -0.1148 0.0575 -0.0002 -0.0552 0.0087 0.0432 0.0836 -0.0420 0.0064 0.0406 0.1193 -0.0380 0.0094 0.0346 0.1124 -0.0366 -0.0087 0.0343 0.1000 -0.0360 -0.0114 0.0183 0.1216 -0.0276 0.1109 0.0044 0.3090 -0.0321 0.3006 -0.0017 0.4699 -0.0415 0.4810 -0.0076 0.4905 -0.0354 0.5074 0.0024 0.5326 -0.0553 0.5333
3: -0.0145 -0.1747 -0.0111 -0.1940 -0.0082 -0.1960 -0.0049 -0.1982 -0.0186 -0.1921 -0.0206 -0.1923 -0.0231 -0.1925 0.0047 -0.2024 -0.0214 -0.1947 -0.0065 -0.1624 -0.0158 -0.1593 0.0485 -0.1181 -0.0399 -0.1138 0.0575 -0.0029 -0.0549 0.0083 0.0435 0.0808 -0.0428 0.0074 0.0410 0.1164 -0.0388 0.0102 0.0349 0.1097 -0.0372 -0.0070 0.0345 0.0979 -0.0366 -0.0094 0.0185 0.1209 -0.0271 0.1109 0.0044 0.3045 -0.0320 0.3003 -0.0014 0.4691 -0.0398 0.4802 -0.0072 0.4880 -0.0347 0.5055 0.0018 0.5296 -0.0529 0.5344
4: -0.0144 -0.1745 -0.0112 -0.1939 -0.0083 -0.1959 -0.0050 -0.1981 -0.0188 -0.1919 -0.0209 -0.1920 -0.0234 -0.1923 0.0047 -0.2025 -0.0224 -0.1945 -0.0066 -0.1624 -0.0157 -0.1592 0.0480 -0.1185 -0.0402 -0.1131 0.0575 -0.0040 -0.0545 0.0084 0.0439 0.0793 -0.0429 0.0082 0.0416 0.1147 -0.0391 0.0111 0.0355 0.1083 -0.0373 -0.0059 0.0349 0.0968 -0.0367 -0.0082 0.0189 0.1205 -0.0267 0.1110 0.0043 0.3020 -0.0317 0.3004 -0.0011 0.4677 -0.0381 0.4803 -0.0066 0.4855 -0.0337 0.5046 0.0023 0.5269 -0.0497 0.5370
5: -0.0144 -0.1743 -0.0114 -0.1937 -0.0085 -0.1957 -0.0052 -0.1979 -0.0190 -0.1917 -0.0211 -0.1918 -0.0238 -0.1920 0.0043 -0.2024 -0.0234 -0.1942 -0.0067 -0.1623 -0.0157 -0.1590 0.0477 -0.1188 -0.0409 -0.1120 0.0574 -0.0044 -0.0543 0.0086 0.0443 0.0795 -0.0437 0.0091 0.0420 0.1149 -0.0399 0.0121 0.0359 0.1086 -0.0380 -0.0051 0.0353 0.0971 -0.0374 -0.0074 0.0193 0.1198 -0.0263 0.1111 0.0086 0.3023 -0.0314 0.2998 -0.0007 0.4625 -0.0362 0.4792 -0.0058 0.4796 -0.0322 0.5012 0.0027 0.5236 -0.0470 0.5388
6: -0.0134 -0.1742 -0.0104 -0.1936 -0.0074 -0.1956 -0.0041 -0.1979 -0.0182 -0.1916 -0.0205 -0.1917 -0.0234 -0.1919 0.0049 -0.2024 -0.0241 -0.1940 -0.0058 -0.1626 -0.0151 -0.1590 0.0469 -0.1196 -0.0420 -0.1114 0.0574 -0.0051 -0.0549 0.0088 0.0455 0.0797 -0.0425 0.0113 0.0433 0.1151 -0.0385 0.0144 0.0372 0.1093 -0.0368 -0.0036 0.0365 0.0978 -0.0363 -0.0059 0.0203 0.1196 -0.0250 0.1113 0.0108 0.3026 -0.0300 0.2993 0.0007 0.4572 -0.0329 0.4769 -0.0043 0.4733 -0.0292 0.4967 0.0042 0.5199 -0.0419 0.5398
7: -0.0126 -0.1738 -0.0099 -0.1932 -0.0068 -0.1952 -0.0035 -0.1975 -0.0179 -0.1912 -0.0202 -0.1913 -0.0232 -0.1915 0.0051 -0.2021 -0.0246 -0.1936 -0.0053 -0.1624 -0.0147 -0.1587 0.0458 -0.1202 -0.0431 -0.1106 0.0566 -0.0075 -0.0559 0.0092 0.0466 0.0743 -0.0423 0.0148 0.0446 0.1105 -0.0377 0.0202 0.0384 0.1045 -0.0361 0.0006 0.0376 0.0932 -0.0357 -0.0021 0.0212 0.1191 -0.0240 0.1117 0.0128 0.3027 -0.0288 0.2973 0.0019 0.4509 -0.0294 0.4745 -0.0028 0.4665 -0.0260 0.4926 0.0063 0.5161 -0.0363 0.5406
8: -0.0112 -0.1739 -0.0084 -0.1935 -0.0053 -0.1954 -0.0020 -0.1975 -0.0166 -0.1915 -0.0192 -0.1917 -0.0221 -0.1920 0.0061 -0.2024 -0.0241 -0.1942 -0.0040 -0.1628 -0.0137 -0.1592 0.0457 -0.1213 -0.0446 -0.1100 0.0564 -0.0083 -0.0579 0.0088 0.0472 0.0738 -0.0443 0.0165 0.0455 0.1098 -0.0379 0.0213 0.0385 0.1040 -0.0365 0.0007 0.0376 0.0927 -0.0366 -0.0018 0.0222 0.1185 -0.0232 0.1129 0.0152 0.3019 -0.0268 0.2954 0.0041 0.4500 -0.0264 0.4716 -0.0003 0.4648 -0.0233 0.4884 0.0084 0.5162 -0.0321 0.5406
9: -0.0094 -0.1738 -0.0065 -0.1934 -0.0034 -0.1951 -0.0001 -0.1972 -0.0148 -0.1916 -0.0175 -0.1919 -0.0204 -0.1922 0.0075 -0.2023 -0.0227 -0.1946 -0.0024 -0.1628 -0.0123 -0.1596 0.0454 -0.1221 -0.0451 -0.1099 0.0554 -0.0093 -0.0589 0.0091 0.0485 0.0708 -0.0448 0.0167 0.0471 0.1070 -0.0377 0.0210 0.0398 0.1012 -0.0362 0.0004 0.0387 0.0900 -0.0364 -0.0020 0.0225 0.1181 -0.0230 0.1138 0.0134 0.2982 -0.0249 0.2965 0.0061 0.4498 -0.0238 0.4713 0.0019 0.4649 -0.0210 0.4879 0.0108 0.5166 -0.0287 0.5416
10: -0.0076 -0.1736 -0.0046 -0.1930 -0.0015 -0.1947 0.0018 -0.1968 -0.0129 -0.1914 -0.0158 -0.1918 -0.0187 -0.1922 0.0091 -0.2018 -0.0213 -0.1943 -0.0007 -0.1625 -0.0109 -0.1596 0.0450 -0.1226 -0.0454 -0.1094 0.0534 -0.0101 -0.0585 0.0099 0.0497 0.0671 -0.0434 0.0168 0.0485 0.1028 -0.0360 0.0209 0.0413 0.0970 -0.0345 0.0006 0.0400 0.0861 -0.0348 -0.0018 0.0229 0.1173 -0.0225 0.1147 0.0129 0.2957 -0.0228 0.2970 0.0084 0.4471 -0.0220 0.4712 0.0042 0.4625 -0.0191 0.4872 0.0131 0.5171 -0.0251 0.5420
11: -0.0058 -0.1749 -0.0022 -0.1941 0.0010 -0.1958 0.0042 -0.1976 -0.0110 -0.1929 -0.0141 -0.1935 -0.0173 -0.1940 0.0111 -0.2021 -0.0203 -0.1955 0.0012 -0.1632 -0.0100 -0.1609 0.0452 -0.1230 -0.0466 -0.1095 0.0526 -0.0103 -0.0592 0.0096 0.0495 0.0672 -0.0404 0.0098 0.0485 0.1035 -0.0334 0.0147 0.0415 0.0975 -0.0319 -0.0052 0.0401 0.0863 -0.0321 -0.0086 0.0237 0.1169 -0.0220 0.1157 0.0153 0.2958 -0.0205 0.2974 0.0109 0.4455 -0.0197 0.4692 0.0068 0.4592 -0.0166 0.4840 0.0153 0.5166 -0.0232 0.5415
12: -0.0048 -0.1753 -0.0004 -0.1944 0.0030 -0.1959 0.0063 -0.1975 -0.0100 -0.1934 -0.0133 -0.1940 -0.0168 -0.1946 0.0125 -0.2014 -0.0201 -0.1961 0.0019 -0.1635 -0.0100 -0.1616 0.0445 -0.1234 -0.0479 -0.1100 0.0531 -0.0108 -0.0613 0.0091 0.0483 0.0674 -0.0387 0.0069 0.0477 0.1039 -0.0312 0.0101 0.0406 0.0973 -0.0297 -0.0090 0.0391 0.0861 -0.0298 -0.0122 0.0247 0.1164 -0.0215 0.1170 0.0199 0.2961 -0.0189 0.3027 0.0134 0.4408 -0.0176 0.4668 0.0092 0.4525 -0.0139 0.4804 0.0176 0.5138 -0.0218 0.5409
13: -0.0044 -0.1766 0.0010 -0.1955 0.0046 -0.1968 0.0080 -0.1982 -0.0097 -0.1946 -0.0129 -0.1953 -0.0165 -0.1959 0.0136 -0.2015 -0.0196 -0.1975 0.0025 -0.1646 -0.0102 -0.1629 0.0444 -0.1235 -0.0492 -0.1110 0.0523 -0.0109 -0.0629 0.0079 0.0486 0.0665 -0.0392 0.0059 0.0485 0.1032 -0.0293 0.0091 0.0417 0.0966 -0.0278 -0.0102 0.0401 0.0853 -0.0287 -0.0134 0.0256 0.1162 -0.0209 0.1182 0.0254 0.2951 -0.0178 0.3083 0.0157 0.4315 -0.0161 0.4643 0.0111 0.4412 -0.0122 0.4760 0.0195 0.5089 -0.0205 0.5393
14: -0.0029 -0.1771 0.0023 -0.1958 0.0059 -0.1969 0.0093 -0.1982 -0.0083 -0.1952 -0.0117 -0.1959 -0.0150 -0.1967 0.0146 -0.2011 -0.0187 -0.1982 0.0038 -0.1649 -0.0091 -0.1635 0.0444 -0.1232 -0.0495 -0.1110 0.0515 -0.0105 -0.0636 0.0074 0.0489 0.0661 -0.0383 0.0045 0.0492 0.1033 -0.0278 0.0068 0.0423 0.0966 -0.0265 -0.0124 0.0405 0.0856 -0.0274 -0.0157 0.0260 0.1157 -0.0209 0.1183 0.0281 0.2897 -0.0184 0.3067 0.0170 0.4277 -0.0162 0.4629 0.0121 0.4376 -0.0110 0.4743 0.0208 0.5059 -0.0196 0.5365
15: -0.0021 -0.1791 0.0032 -0.1968 0.0068 -0.1978 0.0101 -0.1990 -0.0075 -0.1974 -0.0111 -0.1985 -0.0143 -0.1992 0.0151 -0.2018 -0.0183 -0.1999 0.0047 -0.1659 -0.0085 -0.1649 0.0441 -0.1236 -0.0499 -0.1113 0.0504 -0.0113 -0.0646 0.0069 0.0487 0.0655 -0.0380 0.0037 0.0492 0.1031 -0.0269 0.0061 0.0426 0.0966 -0.0256 -0.0134 0.0406 0.0851 -0.0265 -0.0168 0.0264 0.1153 -0.0206 0.1197 0.0299 0.2886 -0.0184 0.3054 0.0176 0.4275 -0.0161 0.4616 0.0123 0.4386 -0.0103 0.4740 0.0218 0.5047 -0.0190 0.5342
16: -0.0013 -0.1827 0.0040 -0.2000 0.0076 -0.2004 0.0109 -0.2011 -0.0067 -0.2017 -0.0102 -0.2029 -0.0135 -0.2039 0.0154 -0.2028 -0.0176 -0.2031 0.0053 -0.1685 -0.0080 -0.1690 0.0433 -0.1245 -0.0501 -0.1122 0.0501 -0.0143 -0.0651 0.0062 0.0488 0.0592 -0.0375 0.0020 0.0493 0.0943 -0.0258 0.0043 0.0432 0.0865 -0.0245 -0.0151 0.0412 0.0755 -0.0257 -0.0186 0.0270 0.1153 -0.0200 0.1213 0.0309 0.2881 -0.0180 0.3040 0.0179 0.4276 -0.0154 0.4601 0.0115 0.4380 -0.0096 0.4734 0.0235 0.5077 -0.0183 0.5323
17: -0.0005 -0.1830 0.0049 -0.2001 0.0085 -0.2004 0.0116 -0.2010 -0.0058 -0.2019 -0.0093 -0.2033 -0.0126 -0.2044 0.0159 -0.2026 -0.0168 -0.2044 0.0060 -0.1689 -0.0070 -0.1694 0.0428 -0.1250 -0.0501 -0.1126 0.0497 -0.0163 -0.0646 0.0059 0.0488 0.0584 -0.0365 0.0016 0.0495 0.0937 -0.0245 0.0035 0.0439 0.0864 -0.0233 -0.0157 0.0420 0.0749 -0.0250 -0.0190 0.0271 0.1154 -0.0195 0.1220 0.0313 0.2852 -0.0173 0.3006 0.0177 0.4375 -0.0147 0.4599 0.0094 0.4536 -0.0090 0.4731 0.0253 0.5163 -0.0177 0.5302
18: 0.0007 -0.1837 0.0061 -0.2006 0.0092 -0.2008 0.0122 -0.2012 -0.0041 -0.2028 -0.0079 -0.2045 -0.0111 -0.2059 0.0163 -0.2026 -0.0163 -0.2058 0.0065 -0.1691 -0.0064 -0.1703 0.0423 -0.1249 -0.0499 -0.1125 0.0494 -0.0173 -0.0642 0.0061 0.0487 0.0577 -0.0356 0.0012 0.0494 0.0927 -0.0221 0.0018 0.0441 0.0860 -0.0208 -0.0177 0.0422 0.0743 -0.0232 -0.0204 0.0271 0.1156 -0.0194 0.1216 0.0296 0.2842 -0.0167 0.2931 0.0174 0.4558 -0.0144 0.4585 0.0087 0.4743 -0.0090 0.4738 0.0262 0.5298 -0.0180 0.5241
19: 0.0019 -0.1850 0.0070 -0.2016 0.0098 -0.2018 0.0129 -0.2021 -0.0027 -0.2040 -0.0065 -0.2059 -0.0097 -0.2075 0.0165 -0.2032 -0.0161 -0.2074 0.0072 -0.1700 -0.0056 -0.1721 0.0427 -0.1246 -0.0496 -0.1129 0.0478 -0.0176 -0.0641 0.0057 0.0480 0.0575 -0.0337 -0.0016 0.0487 0.0931 -0.0195 -0.0014 0.0436 0.0863 -0.0178 -0.0214 0.0417 0.0744 -0.0208 -0.0239 0.0267 0.1159 -0.0200 0.1216 0.0285 0.2840 -0.0165 0.2925 0.0175 0.4673 -0.0142 0.4581 0.0090 0.4878 -0.0091 0.4735 0.0272 0.5366 -0.0179 0.5201
20: 0.0031 -0.1880 0.0080 -0.2042 0.0109 -0.2043 0.0141 -0.2045 -0.0012 -0.2073 -0.0048 -0.2094 -0.0080 -0.2114 0.0175 -0.2052 -0.0153 -0.2112 0.0079 -0.1724 -0.0044 -0.1759 0.0429 -0.1252 -0.0492 -0.1150 0.0468 -0.0179 -0.0638 0.0044 0.0479 0.0556 -0.0299 -0.0052 0.0486 0.0916 -0.0166 -0.0044 0.0436 0.0845 -0.0142 -0.0250 0.0417 0.0724 -0.0176 -0.0274 0.0266 0.1174 -0.0201 0.1228 0.0263 0.2966 -0.0159 0.2956 0.0177 0.4727 -0.0142 0.4555 0.0092 0.4932 -0.0093 0.4718 0.0292 0.5380 -0.0179 0.5150
21: 0.0065 -0.1894 0.0115 -0.2053 0.0144 -0.2053 0.0171 -0.2054 0.0029 -0.2088 -0.0008 -0.2108 -0.0040 -0.2127 0.0193 -0.2062 -0.0125 -0.2128 0.0098 -0.1737 -0.0008 -0.1773 0.0430 -0.1256 -0.0489 -0.1168 0.0469 -0.0186 -0.0635 0.0034 0.0479 0.0545 -0.0274 -0.0070 0.0486 0.0904 -0.0143 -0.0062 0.0435 0.0844 -0.0118 -0.0273 0.0417 0.0725 -0.0152 -0.0297 0.0263 0.1194 -0.0203 0.1232 0.0253 0.3062 -0.0155 0.3000 0.0177 0.4756 -0.0144 0.4522 0.0094 0.4942 -0.0099 0.4684 0.0290 0.5393 -0.0163 0.5129
22: 0.0079 -0.1910 0.0133 -0.2069 0.0161 -0.2068 0.0187 -0.2068 0.0046 -0.2103 0.0008 -0.2123 -0.0025 -0.2142 0.0211 -0.2074 -0.0108 -0.2144 0.0111 -0.1752 0.0009 -0.1789 0.0431 -0.1250 -0.0488 -0.1188 0.0463 -0.0160 -0.0633 0.0023 0.0479 0.0575 -0.0255 -0.0090 0.0485 0.0970 -0.0123 -0.0083 0.0434 0.0910 -0.0102 -0.0296 0.0415 0.0787 -0.0136 -0.0320 0.0261 0.1204 -0.0204 0.1233 0.0243 0.3061 -0.0150 0.2993 0.0179 0.4761 -0.0149 0.4434 0.0097 0.4937 -0.0112 0.4580 0.0283 0.5405 -0.0166 0.5091
23: 0.0090 -0.1912 0.0147 -0.2068 0.0174 -0.2065 0.0202 -0.2064 0.0058 -0.2104 0.0022 -0.2124 -0.0014 -0.2143 0.0227 -0.2072 -0.0093 -0.2147 0.0124 -0.1753 0.0025 -0.1790 0.0430 -0.1246 -0.0481 -0.1190 0.0462 -0.0159 -0.0629 0.0034 0.0474 0.0573 -0.0260 -0.0090 0.0480 0.0967 -0.0125 -0.0084 0.0430 0.0907 -0.0102 -0.0298 0.0413 0.0784 -0.0137 -0.0321 0.0257 0.1206 -0.0208 0.1231 0.0228 0.3066 -0.0145 0.2986 0.0177 0.4756 -0.0156 0.4376 0.0098 0.4922 -0.0123 0.4537 0.0252 0.5434 -0.0172 0.5071
24: 0.0099 -0.1886 0.0153 -0.2036 0.0179 -0.2035 0.0209 -0.2038 0.0064 -0.2080 0.0033 -0.2103 -0.0004 -0.2125 0.0233 -0.2057 -0.0080 -0.2140 0.0131 -0.1733 0.0037 -0.1775 0.0438 -0.1239 -0.0473 -0.1191 0.0466 -0.0156 -0.0621 0.0044 0.0466 0.0577 -0.0262 -0.0079 0.0472 0.0968 -0.0126 -0.0077 0.0421 0.0906 -0.0106 -0.0296 0.0405 0.0784 -0.0140 -0.0318 0.0252 0.1203 -0.0217 0.1228 0.0214 0.3047 -0.0148 0.2932 0.0168 0.4764 -0.0167 0.4366 0.0090 0.4935 -0.0135 0.4551 0.0222 0.5444 -0.0182 0.5066
25: 0.0114 -0.1848 0.0156 -0.2000 0.0186 -0.2003 0.0216 -0.2007 0.0068 -0.2043 0.0038 -0.2070 0.0004 -0.2093 0.0235 -0.2036 -0.0074 -0.2121 0.0139 -0.1705 0.0045 -0.1746 0.0440 -0.1227 -0.0465 -0.1190 0.0482 -0.0146 -0.0619 0.0054 0.0456 0.0600 -0.0274 -0.0069 0.0457 0.0986 -0.0142 -0.0062 0.0404 0.0932 -0.0121 -0.0283 0.0390 0.0808 -0.0153 -0.0306 0.0248 0.1197 -0.0224 0.1218 0.0192 0.3048 -0.0156 0.2870 0.0148 0.4750 -0.0186 0.4337 0.0070 0.4917 -0.0155 0.4525 0.0193 0.5453 -0.0202 0.5053
26: 0.0110 -0.1791 0.0149 -0.1947 0.0180 -0.1951 0.0207 -0.1957 0.0063 -0.1983 0.0028 -0.2010 -0.0003 -0.2034 0.0228 -0.1990 -0.0078 -0.2072 0.0132 -0.1656 0.0040 -0.1693 0.0443 -0.1184 -0.0455 -0.1167 0.0487 -0.0105 -0.0625 0.0080 0.0435 0.0686 -0.0298 -0.0028 0.0432 0.1052 -0.0170 -0.0015 0.0377 0.0998 -0.0145 -0.0241 0.0367 0.0875 -0.0175 -0.0263 0.0245 0.1176 -0.0233 0.1175 0.0159 0.3061 -0.0188 0.2762 0.0113 0.4777 -0.0221 0.4333 0.0036 0.4941 -0.0192 0.4524 0.0148 0.5499 -0.0243 0.5051
27: 0.0106 -0.1777 0.0145 -0.1935 0.0177 -0.1939 0.0205 -0.1946 0.0059 -0.1969 0.0022 -0.1996 -0.0008 -0.2020 0.0228 -0.1980 -0.0082 -0.2061 0.0130 -0.1645 0.0037 -0.1681 0.0445 -0.1176 -0.0448 -0.1179 0.0497 -0.0107 -0.0623 0.0082 0.0439 0.0693 -0.0323 -0.0023 0.0436 0.1060 -0.0192 -0.0006 0.0381 0.1004 -0.0169 -0.0232 0.0372 0.0881 -0.0198 -0.0256 0.0243 0.1179 -0.0242 0.1173 0.0140 0.3119 -0.0219 0.2798 0.0091 0.4782 -0.0246 0.4325 0.0023 0.4941 -0.0212 0.4499 0.0123 0.5511 -0.0271 0.5030
28: 0.0096 -0.1775 0.0136 -0.1933 0.0170 -0.1937 0.0200 -0.1944 0.0047 -0.1966 0.0013 -0.1993 -0.0017 -0.2017 0.0230 -0.1977 -0.0089 -0.2057 0.0122 -0.1642 0.0027 -0.1678 0.0462 -0.1173 -0.0443 -0.1184 0.0513 -0.0107 -0.0611 0.0085 0.0439 0.0691 -0.0347 -0.0020 0.0440 0.1046 -0.0215 -0.0003 0.0385 0.0978 -0.0194 -0.0231 0.0372 0.0866 -0.0223 -0.0256 0.0236 0.1183 -0.0254 0.1176 0.0129 0.3123 -0.0291 0.2894 0.0074 0.4775 -0.0260 0.4257 0.0012 0.4919 -0.0220 0.4395 0.0099 0.5505 -0.0293 0.4976
29: 0.0083 -0.1786 0.0127 -0.1943 0.0160 -0.1948 0.0192 -0.1955 0.0036 -0.1975 0.0006 -0.1999 -0.0029 -0.2021 0.0229 -0.1985 -0.0095 -0.2060 0.0117 -0.1650 0.0020 -0.1684 0.0472 -0.1174 -0.0434 -0.1189 0.0530 -0.0110 -0.0604 0.0082 0.0439 0.0690 -0.0359 -0.0030 0.0440 0.1043 -0.0228 -0.0022 0.0385 0.0975 -0.0210 -0.0245 0.0371 0.0862 -0.0236 -0.0269 0.0227 0.1190 -0.0264 0.1174 0.0119 0.3165 -0.0333 0.2999 0.0062 0.4754 -0.0269 0.4179 0.0009 0.4865 -0.0221 0.4275 0.0076 0.5495 -0.0312 0.4932
30: 0.0072 -0.1804 0.0123 -0.1963 0.0154 -0.1965 0.0186 -0.1970 0.0033 -0.1993 0.0001 -0.2014 -0.0033 -0.2033 0.0230 -0.1993 -0.0096 -0.2066 0.0111 -0.1659 0.0014 -0.1693 0.0484 -0.1174 -0.0432 -0.1195 0.0554 -0.0111 -0.0597 0.0079 0.0451 0.0684 -0.0367 -0.0036 0.0444 0.1037 -0.0238 -0.0032 0.0391 0.0966 -0.0220 -0.0254 0.0378 0.0855 -0.0245 -0.0277 0.0221 0.1198 -0.0272 0.1169 0.0113 0.3173 -0.0345 0.3014 0.0058 0.4741 -0.0272 0.4115 0.0014 0.4834 -0.0213 0.4230 0.0062 0.5484 -0.0337 0.4902
31: 0.0055 -0.1809 0.0106 -0.1971 0.0138 -0.1973 0.0170 -0.1976 0.0016 -0.1997 -0.0016 -0.2015 -0.0048 -0.2033 0.0219 -0.1990 -0.0105 -0.2059 0.0096 -0.1657 -0.0003 -0.1691 0.0487 -0.1166 -0.0427 -0.1190 0.0569 -0.0104 -0.0593 0.0082 0.0455 0.0699 -0.0371 -0.0030 0.0444 0.1049 -0.0250 -0.0023 0.0394 0.0976 -0.0232 -0.0245 0.0383 0.0863 -0.0255 -0.0268 0.0217 0.1204 -0.0276 0.1152 0.0102 0.3179 -0.0358 0.3019 0.0050 0.4746 -0.0277 0.4170 0.0008 0.4837 -0.0212 0.4298 0.0043 0.5490 -0.0393 0.4926
32: 0.0040 -0.1825 0.0090 -0.1991 0.0122 -0.1996 0.0155 -0.2002 -0.0000 -0.2009 -0.0032 -0.2026 -0.0064 -0.2041 0.0205 -0.2005 -0.0118 -0.2054 0.0086 -0.1670 -0.0018 -0.1699 0.0488 -0.1174 -0.0425 -0.1180 0.0576 -0.0092 -0.0589 0.0087 0.0450 0.0736 -0.0373 -0.0027 0.0433 0.1085 -0.0262 -0.0012 0.0381 0.1020 -0.0244 -0.0231 0.0372 0.0900 -0.0265 -0.0256 0.0213 0.1211 -0.0278 0.1142 0.0090 0.3184 -0.0365 0.3013 0.0038 0.4752 -0.0275 0.4300 -0.0004 0.4846 -0.0213 0.4464 0.0032 0.5477 -0.0419 0.5026
33: 0.0029 -0.1818 0.0078 -0.1989 0.0110 -0.1995 0.0144 -0.2003 -0.0011 -0.2001 -0.0043 -0.2015 -0.0078 -0.2029 0.0189 -0.2005 -0.0127 -0.2042 0.0074 -0.1664 -0.0032 -0.1687 0.0493 -0.1174 -0.0417 -0.1170 0.0583 -0.0079 -0.0591 0.0096 0.0447 0.0795 -0.0376 -0.0014 0.0424 0.1147 -0.0273 0.0000 0.0370 0.1084 -0.0255 -0.0211 0.0363 0.0956 -0.0274 -0.0236 0.0204 0.1214 -0.0280 0.1130 0.0074 0.3192 -0.0373 0.3018 0.0009 0.4759 -0.0285 0.4498 -0.0021 0.4860 -0.0225 0.4677 0.0021 0.5468 -0.0445 0.5206
34: 0.0006 -0.1824 0.0059 -0.2003 0.0095 -0.2012 0.0129 -0.2022 -0.0034 -0.2006 -0.0060 -0.2017 -0.0090 -0.2029 0.0184 -0.2023 -0.0135 -0.2042 0.0068 -0.1671 -0.0044 -0.1687 0.0494 -0.1180 -0.0414 -0.1169 0.0588 -0.0075 -0.0590 0.0095 0.0447 0.0819 -0.0380 0.0001 0.0421 0.1171 -0.0278 0.0010 0.0369 0.1111 -0.0261 -0.0188 0.0364 0.0982 -0.0280 -0.0211 0.0200 0.1214 -0.0280 0.1133 0.0063 0.3188 -0.0376 0.3017 -0.0005 0.4759 -0.0291 0.4663 -0.0033 0.4874 -0.0231 0.4853 0.0020 0.5440 -0.0456 0.5312
35: -0.0017 -0.1829 0.0038 -0.2014 0.0074 -0.2026 0.0111 -0.2039 -0.0058 -0.2010 -0.0082 -0.2019 -0.0112 -0.2030 0.0172 -0.2043 -0.0145 -0.2043 0.0058 -0.1678 -0.0059 -0.1687 0.0494 -0.1184 -0.0412 -0.1168 0.0590 -0.0072 -0.0587 0.0094 0.0442 0.0820 -0.0387 0.0013 0.0417 0.1170 -0.0288 0.0023 0.0367 0.1109 -0.0273 -0.0174 0.0363 0.0980 -0.0288 -0.0197 0.0198 0.1216 -0.0281 0.1136 0.0053 0.3184 -0.0373 0.3017 -0.0020 0.4756 -0.0306 0.4744 -0.0052 0.4884 -0.0251 0.4950 0.0010 0.5403 -0.0473 0.5385
36: -0.0025 -0.1834 0.0026 -0.2022 0.0061 -0.2035 0.0099 -0.2050 -0.0070 -0.2014 -0.0096 -0.2023 -0.0126 -0.2033 0.0159 -0.2058 -0.0152 -0.2044 0.0050 -0.1684 -0.0065 -0.1686 0.0489 -0.1190 -0.0413 -0.1163 0.0587 -0.0068 -0.0587 0.0091 0.0440 0.0827 -0.0394 0.0019 0.0415 0.1174 -0.0308 0.0043 0.0365 0.1113 -0.0294 -0.0153 0.0361 0.0983 -0.0302 -0.0181 0.0197 0.1218 -0.0276 0.1133 0.0048 0.3178 -0.0357 0.3020 -0.0026 0.4748 -0.0341 0.4810 -0.0062 0.4894 -0.0292 0.5080 0.0006 0.5340 -0.0490 0.5408
37: -0.0033 -0.1840 0.0017 -0.2028 0.0052 -0.2040 0.0090 -0.2055 -0.0080 -0.2020 -0.0108 -0.2027 -0.0137 -0.2035 0.0152 -0.2063 -0.0155 -0.2043 0.0047 -0.1691 -0.0070 -0.1683 0.0487 -0.1198 -0.0412 -0.1160 0.0585 -0.0070 -0.0582 0.0085 0.0439 0.0839 -0.0396 0.0016 0.0414 0.1183 -0.0314 0.0048 0.0364 0.1126 -0.0299 -0.0146 0.0360 0.0996 -0.0306 -0.0175 0.0197 0.1224 -0.0271 0.1134 0.0046 0.3166 -0.0341 0.3039 -0.0027 0.4730 -0.0357 0.4828 -0.0065 0.4888 -0.0312 0.5105 0.0015 0.5302 -0.0504 0.5401
38: -0.0042 -0.1830 0.0006 -0.2024 0.0041 -0.2039 0.0077 -0.2055 -0.0091 -0.2010 -0.0121 -0.2015 -0.0147 -0.2021 0.0141 -0.2065 -0.0158 -0.2032 0.0040 -0.1686 -0.0077 -0.1669 0.0483 -0.1203 -0.0413 -0.1151 0.0586 -0.0073 -0.0573 0.0091 0.0444 0.0843 -0.0394 0.0012 0.0420 0.1181 -0.0316 0.0041 0.0371 0.1127 -0.0304 -0.0152 0.0367 0.1000 -0.0308 -0.0180 0.0197 0.1224 -0.0267 0.1131 0.0044 0.3156 -0.0323 0.3037 -0.0028 0.4695 -0.0367 0.4831 -0.0068 0.4882 -0.0321 0.5131 0.0030 0.5261 -0.0514 0.5383
39: -0.0049 -0.1820 -0.0001 -0.2019 0.0035 -0.2037 0.0069 -0.2054 -0.0100 -0.2000 -0.0131 -0.2005 -0.0155 -0.2010 0.0134 -0.2066 -0.0162 -0.2023 0.0033 -0.1680 -0.0086 -0.1659 0.0481 -0.1207 -0.0414 -0.1145 0.0586 -0.0074 -0.0572 0.0095 0.0448 0.0839 -0.0394 0.0011 0.0425 0.1175 -0.0323 0.0037 0.0376 0.1120 -0.0314 -0.0156 0.0372 0.0996 -0.0314 -0.0185 0.0198 0.1222 -0.0263 0.1130 0.0043 0.3140 -0.0313 0.3032 -0.0028 0.4661 -0.0367 0.4821 -0.0068 0.4870 -0.0321 0.5121 0.0037 0.5235 -0.0517 0.5375
40: -0.0054 -0.1816 -0.0006 -0.2019 0.0030 -0.2038 0.0062 -0.2055 -0.0106 -0.1998 -0.0137 -0.2003 -0.0160 -0.2007 0.0128 -0.2068 -0.0168 -0.2020 0.0028 -0.1679 -0.0093 -0.1655 0.0479 -0.1212 -0.0417 -0.1139 0.0586 -0.0076 -0.0569 0.0109 0.0448 0.0831 -0.0393 0.0010 0.0428 0.1165 -0.0327 0.0030 0.0378 0.1109 -0.0319 -0.0163 0.0372 0.0987 -0.0317 -0.0189 0.0199 0.1221 -0.0262 0.1130 0.0042 0.3131 -0.0309 0.3027 -0.0027 0.4621 -0.0366 0.4810 -0.0068 0.4844 -0.0320 0.5114 0.0042 0.5199 -0.0516 0.5371
