1: 0.0027 -0.2211 0.0084 -0.2374 0.0122 -0.2375 0.0149 -0.2371 -0.0031 -0.2366 -0.0066 -0.2357 -0.0098 -0.2343 0.0210 -0.2287 -0.0143 -0.2258 0.0107 -0.2031 -0.0034 -0.2030 0.0551 -0.1269 -0.0462 -0.1319 0.0715 -0.0068 -0.0723 -0.0083 0.0315 0.0076 -0.0225 0.0068 0.0173 0.0167 -0.0056 0.0167 0.0141 -0.0040 -0.0010 -0.0021 0.0169 -0.0094 -0.0059 -0.0070 0.0214 0.1328 -0.0302 0.1258 0.0171 0.3167 -0.0306 0.3078 0.0067 0.4910 -0.0256 0.4371 0.0011 0.5042 -0.0222 0.4500 0.0066 0.5574 -0.0261 0.4991
2: 0.0053 -0.2210 0.0110 -0.2373 0.0141 -0.2371 0.0170 -0.2368 -0.0006 -0.2371 -0.0048 -0.2365 -0.0081 -0.2355 0.0226 -0.2285 -0.0134 -0.2266 0.0121 -0.2023 -0.0020 -0.2024 0.0554 -0.1254 -0.0461 -0.1337 0.0714 -0.0052 -0.0724 -0.0112 0.0317 0.0092 -0.0227 0.0079 0.0177 0.0183 -0.0059 0.0183 0.0153 -0.0024 -0.0011 -0.0005 0.0183 -0.0078 -0.0060 -0.0056 0.0212 0.1331 -0.0304 0.1260 0.0170 0.3180 -0.0310 0.3097 0.0069 0.4929 -0.0258 0.4404 0.0015 0.5074 -0.0220 0.4550 0.0064 0.5589 -0.0266 0.5009
3: 0.0077 -0.2229 0.0135 -0.2381 0.0167 -0.2377 0.0206 -0.2371 0.0022 -0.2394 -0.0023 -0.2395 -0.0061 -0.2393 0.0255 -0.2282 -0.0116 -0.2300 0.0134 -0.2021 -0.0003 -0.2028 0.0556 -0.1233 -0.0452 -0.1376 0.0718 -0.0043 -0.0724 -0.0174 0.0324 0.0124 -0.0232 0.0076 0.0184 0.0218 -0.0064 0.0194 0.0161 0.0013 -0.0010 0.0006 0.0193 -0.0043 -0.0057 -0.0055 0.0206 0.1342 -0.0311 0.1268 0.0163 0.3207 -0.0320 0.3126 0.0065 0.4961 -0.0263 0.4430 0.0012 0.5108 -0.0223 0.4556 0.0055 0.5619 -0.0273 0.5030
4: 0.0103 -0.2265 0.0166 -0.2419 0.0203 -0.2413 0.0238 -0.2404 0.0054 -0.2436 0.0011 -0.2440 -0.0031 -0.2441 0.0287 -0.2302 -0.0086 -0.2359 0.0153 -0.2043 0.0020 -0.2061 0.0565 -0.1226 -0.0441 -0.1418 0.0723 -0.0023 -0.0731 -0.0211 0.0316 0.0123 -0.0233 0.0043 0.0174 0.0205 -0.0065 0.0166 0.0151 0.0001 -0.0007 -0.0030 0.0183 -0.0054 -0.0050 -0.0092 0.0197 0.1360 -0.0321 0.1284 0.0153 0.3231 -0.0334 0.3154 0.0059 0.4964 -0.0266 0.4375 0.0009 0.5101 -0.0209 0.4365 0.0045 0.5630 -0.0277 0.5040
5: 0.0125 -0.2291 0.0192 -0.2444 0.0229 -0.2435 0.0262 -0.2425 0.0080 -0.2465 0.0038 -0.2471 -0.0004 -0.2474 0.0310 -0.2311 -0.0062 -0.2399 0.0172 -0.2067 0.0039 -0.2095 0.0574 -0.1229 -0.0431 -0.1438 0.0727 -0.0010 -0.0736 -0.0237 0.0307 0.0065 -0.0238 -0.0042 0.0164 0.0125 -0.0070 0.0087 0.0141 -0.0072 -0.0014 -0.0103 0.0173 -0.0123 -0.0058 -0.0166 0.0189 0.1370 -0.0330 0.1296 0.0142 0.3233 -0.0354 0.3157 0.0050 0.4970 -0.0270 0.4203 0.0003 0.5095 -0.0204 0.4203 0.0025 0.5631 -0.0286 0.4980
6: 0.0126 -0.2295 0.0193 -0.2449 0.0231 -0.2439 0.0264 -0.2427 0.0083 -0.2472 0.0043 -0.2479 0.0001 -0.2482 0.0315 -0.2314 -0.0052 -0.2410 0.0173 -0.2073 0.0042 -0.2106 0.0577 -0.1233 -0.0423 -0.1447 0.0733 0.0002 -0.0744 -0.0252 0.0302 -0.0020 -0.0245 -0.0089 0.0154 0.0035 -0.0078 0.0032 0.0133 -0.0147 -0.0022 -0.0146 0.0165 -0.0196 -0.0066 -0.0204 0.0185 0.1381 -0.0338 0.1301 0.0134 0.3245 -0.0386 0.3118 0.0042 0.4966 -0.0272 0.4113 -0.0003 0.5090 -0.0205 0.4145 0.0005 0.5611 -0.0296 0.4935
7: 0.0123 -0.2286 0.0189 -0.2438 0.0227 -0.2430 0.0261 -0.2419 0.0079 -0.2461 0.0040 -0.2467 -0.0002 -0.2471 0.0316 -0.2311 -0.0049 -0.2399 0.0173 -0.2069 0.0041 -0.2100 0.0580 -0.1238 -0.0413 -0.1454 0.0748 0.0007 -0.0749 -0.0266 0.0298 -0.0073 -0.0253 -0.0128 0.0144 -0.0004 -0.0088 -0.0006 0.0122 -0.0184 -0.0035 -0.0176 0.0156 -0.0233 -0.0076 -0.0233 0.0179 0.1387 -0.0345 0.1304 0.0126 0.3257 -0.0415 0.3087 0.0034 0.4973 -0.0276 0.4095 -0.0011 0.5104 -0.0207 0.4144 -0.0003 0.5600 -0.0322 0.4913
8: 0.0114 -0.2292 0.0182 -0.2443 0.0219 -0.2435 0.0256 -0.2424 0.0071 -0.2464 0.0030 -0.2470 -0.0010 -0.2472 0.0313 -0.2317 -0.0052 -0.2393 0.0169 -0.2073 0.0035 -0.2100 0.0583 -0.1241 -0.0401 -0.1457 0.0756 0.0024 -0.0748 -0.0251 0.0291 -0.0111 -0.0259 -0.0140 0.0133 -0.0042 -0.0095 -0.0018 0.0108 -0.0214 -0.0042 -0.0185 0.0141 -0.0259 -0.0083 -0.0243 0.0172 0.1396 -0.0352 0.1300 0.0121 0.3274 -0.0430 0.3090 0.0026 0.4929 -0.0279 0.4171 -0.0020 0.5054 -0.0212 0.4225 -0.0010 0.5560 -0.0346 0.4940
9: 0.0107 -0.2282 0.0177 -0.2432 0.0211 -0.2424 0.0248 -0.2414 0.0065 -0.2452 0.0022 -0.2456 -0.0016 -0.2458 0.0307 -0.2311 -0.0055 -0.2379 0.0167 -0.2067 0.0030 -0.2090 0.0583 -0.1248 -0.0398 -0.1450 0.0755 0.0027 -0.0740 -0.0240 0.0283 -0.0154 -0.0264 -0.0149 0.0119 -0.0072 -0.0102 -0.0034 0.0086 -0.0249 -0.0049 -0.0196 0.0123 -0.0295 -0.0088 -0.0252 0.0170 0.1401 -0.0356 0.1299 0.0120 0.3277 -0.0435 0.3096 0.0023 0.4870 -0.0284 0.4379 -0.0026 0.4982 -0.0217 0.4478 -0.0014 0.5532 -0.0356 0.5116
10: 0.0101 -0.2276 0.0170 -0.2427 0.0204 -0.2420 0.0241 -0.2410 0.0058 -0.2447 0.0015 -0.2452 -0.0022 -0.2453 0.0299 -0.2310 -0.0061 -0.2377 0.0163 -0.2063 0.0025 -0.2085 0.0583 -0.1254 -0.0399 -0.1441 0.0756 0.0024 -0.0729 -0.0229 0.0275 -0.0190 -0.0266 -0.0131 0.0111 -0.0113 -0.0108 -0.0041 0.0073 -0.0287 -0.0055 -0.0204 0.0113 -0.0327 -0.0091 -0.0252 0.0171 0.1398 -0.0356 0.1295 0.0125 0.3268 -0.0434 0.3095 0.0023 0.4837 -0.0291 0.4612 -0.0028 0.4968 -0.0229 0.4760 -0.0015 0.5473 -0.0372 0.5292
11: 0.0099 -0.2274 0.0168 -0.2424 0.0200 -0.2418 0.0237 -0.2408 0.0054 -0.2443 0.0012 -0.2448 -0.0025 -0.2448 0.0294 -0.2310 -0.0066 -0.2373 0.0160 -0.2062 0.0022 -0.2082 0.0583 -0.1253 -0.0402 -0.1435 0.0758 0.0021 -0.0714 -0.0225 0.0263 -0.0204 -0.0267 -0.0130 0.0098 -0.0130 -0.0113 -0.0061 0.0059 -0.0297 -0.0062 -0.0214 0.0101 -0.0336 -0.0094 -0.0257 0.0173 0.1394 -0.0355 0.1294 0.0132 0.3253 -0.0434 0.3104 0.0024 0.4823 -0.0302 0.4805 -0.0029 0.4977 -0.0241 0.5012 -0.0009 0.5433 -0.0406 0.5458
12: 0.0089 -0.2253 0.0155 -0.2403 0.0190 -0.2396 0.0228 -0.2389 0.0044 -0.2412 0.0006 -0.2410 -0.0030 -0.2408 0.0279 -0.2301 -0.0071 -0.2331 0.0156 -0.2052 0.0018 -0.2070 0.0578 -0.1256 -0.0403 -0.1424 0.0753 0.0017 -0.0695 -0.0209 0.0248 -0.0194 -0.0264 -0.0123 0.0082 -0.0121 -0.0115 -0.0053 0.0041 -0.0289 -0.0065 -0.0205 0.0084 -0.0330 -0.0094 -0.0249 0.0176 0.1390 -0.0353 0.1290 0.0139 0.3244 -0.0432 0.3107 0.0021 0.4775 -0.0321 0.4912 -0.0033 0.4931 -0.0263 0.5133 -0.0007 0.5390 -0.0428 0.5555
13: 0.0075 -0.2244 0.0139 -0.2392 0.0179 -0.2382 0.0216 -0.2375 0.0027 -0.2398 -0.0010 -0.2395 -0.0046 -0.2392 0.0266 -0.2288 -0.0077 -0.2311 0.0147 -0.2045 0.0004 -0.2063 0.0577 -0.1253 -0.0407 -0.1405 0.0749 0.0004 -0.0684 -0.0187 0.0216 -0.0201 -0.0265 -0.0077 0.0054 -0.0136 -0.0125 -0.0020 0.0010 -0.0296 -0.0072 -0.0192 0.0057 -0.0336 -0.0097 -0.0230 0.0181 0.1375 -0.0350 0.1285 0.0139 0.3218 -0.0430 0.3103 0.0020 0.4733 -0.0341 0.4937 -0.0035 0.4890 -0.0293 0.5188 0.0001 0.5343 -0.0432 0.5549
14: 0.0065 -0.2241 0.0126 -0.2388 0.0168 -0.2381 0.0205 -0.2375 0.0013 -0.2389 -0.0024 -0.2386 -0.0060 -0.2381 0.0253 -0.2284 -0.0092 -0.2292 0.0141 -0.2036 -0.0006 -0.2056 0.0568 -0.1254 -0.0412 -0.1376 0.0741 -0.0018 -0.0686 -0.0164 0.0206 -0.0148 -0.0278 -0.0017 0.0044 -0.0090 -0.0150 0.0039 0.0002 -0.0269 -0.0091 -0.0160 0.0048 -0.0312 -0.0114 -0.0194 0.0186 0.1352 -0.0343 0.1276 0.0140 0.3175 -0.0425 0.3091 0.0021 0.4664 -0.0355 0.4908 -0.0037 0.4810 -0.0327 0.5158 0.0009 0.5273 -0.0428 0.5507
15: 0.0047 -0.2251 0.0106 -0.2396 0.0149 -0.2391 0.0189 -0.2388 -0.0005 -0.2397 -0.0041 -0.2393 -0.0071 -0.2388 0.0241 -0.2296 -0.0106 -0.2295 0.0127 -0.2047 -0.0024 -0.2065 0.0565 -0.1257 -0.0421 -0.1349 0.0730 -0.0037 -0.0683 -0.0166 0.0197 -0.0047 -0.0297 0.0048 0.0032 0.0012 -0.0175 0.0135 -0.0007 -0.0172 -0.0118 -0.0055 0.0038 -0.0224 -0.0142 -0.0096 0.0193 0.1335 -0.0336 0.1270 0.0145 0.3132 -0.0415 0.3095 0.0024 0.4587 -0.0351 0.4866 -0.0035 0.4719 -0.0323 0.5094 0.0016 0.5198 -0.0411 0.5469
16: 0.0016 -0.2241 0.0079 -0.2396 0.0117 -0.2395 0.0158 -0.2395 -0.0033 -0.2393 -0.0063 -0.2387 -0.0089 -0.2380 0.0223 -0.2309 -0.0126 -0.2281 0.0100 -0.2038 -0.0047 -0.2054 0.0552 -0.1268 -0.0429 -0.1324 0.0720 -0.0040 -0.0679 -0.0150 0.0189 -0.0012 -0.0312 0.0071 0.0034 0.0070 -0.0190 0.0184 -0.0013 -0.0085 -0.0133 0.0024 0.0028 -0.0139 -0.0162 -0.0024 0.0203 0.1328 -0.0324 0.1265 0.0149 0.3099 -0.0397 0.3103 0.0031 0.4519 -0.0341 0.4871 -0.0028 0.4652 -0.0311 0.5097 0.0029 0.5128 -0.0336 0.5470
17: -0.0003 -0.2231 0.0058 -0.2394 0.0096 -0.2398 0.0136 -0.2400 -0.0056 -0.2383 -0.0086 -0.2376 -0.0120 -0.2364 0.0205 -0.2319 -0.0159 -0.2258 0.0084 -0.2031 -0.0062 -0.2037 0.0544 -0.1288 -0.0447 -0.1304 0.0721 -0.0058 -0.0677 -0.0106 0.0183 0.0035 -0.0310 0.0102 0.0031 0.0139 -0.0187 0.0222 -0.0020 -0.0015 -0.0134 0.0053 0.0017 -0.0069 -0.0167 0.0008 0.0214 0.1322 -0.0312 0.1269 0.0156 0.3077 -0.0373 0.3112 0.0040 0.4448 -0.0321 0.4861 -0.0018 0.4565 -0.0298 0.5072 0.0043 0.5041 -0.0271 0.5483
18: -0.0004 -0.2228 0.0052 -0.2396 0.0092 -0.2399 0.0130 -0.2400 -0.0063 -0.2382 -0.0096 -0.2374 -0.0135 -0.2363 0.0196 -0.2319 -0.0183 -0.2258 0.0080 -0.2028 -0.0065 -0.2031 0.0529 -0.1298 -0.0468 -0.1296 0.0730 -0.0057 -0.0673 -0.0067 0.0199 0.0043 -0.0299 0.0143 0.0049 0.0149 -0.0169 0.0274 -0.0003 -0.0005 -0.0118 0.0095 0.0033 -0.0067 -0.0153 0.0049 0.0231 0.1323 -0.0292 0.1272 0.0164 0.3076 -0.0352 0.3119 0.0056 0.4374 -0.0300 0.4854 -0.0002 0.4494 -0.0282 0.5054 0.0069 0.4977 -0.0228 0.5513
19: -0.0023 -0.2216 0.0026 -0.2380 0.0068 -0.2384 0.0107 -0.2386 -0.0086 -0.2370 -0.0124 -0.2363 -0.0162 -0.2351 0.0174 -0.2310 -0.0208 -0.2250 0.0063 -0.2011 -0.0081 -0.2019 0.0513 -0.1326 -0.0482 -0.1291 0.0734 -0.0094 -0.0672 -0.0062 0.0212 0.0036 -0.0292 0.0152 0.0060 0.0149 -0.0160 0.0272 0.0006 -0.0007 -0.0112 0.0098 0.0042 -0.0073 -0.0147 0.0052 0.0246 0.1327 -0.0277 0.1288 0.0178 0.3079 -0.0330 0.3133 0.0071 0.4350 -0.0282 0.4865 0.0014 0.4474 -0.0266 0.5062 0.0088 0.4960 -0.0197 0.5542
20: -0.0038 -0.2192 0.0006 -0.2369 0.0048 -0.2376 0.0088 -0.2380 -0.0102 -0.2347 -0.0142 -0.2342 -0.0180 -0.2330 0.0156 -0.2323 -0.0224 -0.2232 0.0051 -0.1998 -0.0094 -0.1994 0.0512 -0.1369 -0.0490 -0.1275 0.0740 -0.0136 -0.0688 -0.0048 0.0222 0.0052 -0.0290 0.0152 0.0068 0.0154 -0.0157 0.0266 0.0016 -0.0005 -0.0106 0.0093 0.0051 -0.0068 -0.0142 0.0047 0.0248 0.1334 -0.0272 0.1310 0.0194 0.3098 -0.0310 0.3159 0.0085 0.4258 -0.0263 0.4871 0.0029 0.4344 -0.0253 0.5064 0.0102 0.4938 -0.0179 0.5555
21: -0.0044 -0.2203 -0.0003 -0.2382 0.0039 -0.2391 0.0079 -0.2398 -0.0107 -0.2357 -0.0147 -0.2346 -0.0184 -0.2327 0.0145 -0.2351 -0.0226 -0.2223 0.0046 -0.2013 -0.0098 -0.2004 0.0502 -0.1396 -0.0492 -0.1254 0.0755 -0.0183 -0.0700 -0.0029 0.0238 -0.0026 -0.0280 0.0159 0.0085 0.0119 -0.0146 0.0247 0.0034 -0.0039 -0.0091 0.0085 0.0069 -0.0118 -0.0127 0.0039 0.0254 0.1324 -0.0264 0.1324 0.0213 0.3082 -0.0293 0.3180 0.0105 0.4093 -0.0248 0.4880 0.0051 0.4151 -0.0238 0.5072 0.0116 0.4888 -0.0171 0.5558
22: -0.0058 -0.2215 -0.0018 -0.2390 0.0024 -0.2401 0.0064 -0.2413 -0.0119 -0.2361 -0.0158 -0.2348 -0.0195 -0.2329 0.0130 -0.2372 -0.0232 -0.2225 0.0034 -0.2027 -0.0109 -0.2012 0.0496 -0.1398 -0.0493 -0.1245 0.0763 -0.0199 -0.0718 -0.0024 0.0263 -0.0108 -0.0269 0.0113 0.0103 0.0055 -0.0137 0.0175 0.0048 -0.0099 -0.0074 0.0025 0.0082 -0.0186 -0.0113 -0.0025 0.0258 0.1313 -0.0260 0.1329 0.0233 0.3072 -0.0281 0.3186 0.0117 0.4000 -0.0240 0.4878 0.0062 0.4034 -0.0232 0.5040 0.0132 0.4826 -0.0154 0.5550
23: -0.0060 -0.2235 -0.0016 -0.2402 0.0026 -0.2415 0.0064 -0.2426 -0.0121 -0.2373 -0.0153 -0.2364 -0.0192 -0.2349 0.0130 -0.2382 -0.0228 -0.2258 0.0032 -0.2043 -0.0110 -0.2027 0.0491 -0.1397 -0.0494 -0.1262 0.0771 -0.0202 -0.0731 -0.0023 0.0277 -0.0154 -0.0260 0.0056 0.0113 0.0002 -0.0109 0.0108 0.0057 -0.0164 -0.0050 -0.0041 0.0090 -0.0241 -0.0090 -0.0089 0.0261 0.1319 -0.0258 0.1341 0.0257 0.3049 -0.0274 0.3202 0.0126 0.4025 -0.0232 0.4877 0.0068 0.4076 -0.0226 0.5027 0.0163 0.4849 -0.0152 0.5549
24: -0.0056 -0.2248 -0.0007 -0.2414 0.0033 -0.2426 0.0071 -0.2435 -0.0118 -0.2383 -0.0147 -0.2375 -0.0182 -0.2365 0.0133 -0.2381 -0.0222 -0.2285 0.0035 -0.2052 -0.0109 -0.2038 0.0494 -0.1399 -0.0496 -0.1263 0.0776 -0.0198 -0.0733 -0.0002 0.0287 -0.0176 -0.0245 -0.0018 0.0122 -0.0051 -0.0075 0.0033 0.0070 -0.0211 -0.0030 -0.0115 0.0100 -0.0272 -0.0073 -0.0162 0.0265 0.1320 -0.0261 0.1342 0.0268 0.3057 -0.0268 0.3225 0.0134 0.4126 -0.0227 0.4871 0.0077 0.4188 -0.0220 0.5010 0.0173 0.4927 -0.0147 0.5549
25: -0.0049 -0.2262 0.0003 -0.2424 0.0042 -0.2433 0.0079 -0.2440 -0.0111 -0.2397 -0.0141 -0.2387 -0.0172 -0.2380 0.0138 -0.2376 -0.0213 -0.2306 0.0042 -0.2064 -0.0103 -0.2054 0.0486 -0.1402 -0.0496 -0.1276 0.0775 -0.0189 -0.0744 -0.0017 0.0297 -0.0217 -0.0236 -0.0063 0.0134 -0.0103 -0.0063 -0.0006 0.0086 -0.0262 -0.0019 -0.0159 0.0111 -0.0317 -0.0064 -0.0207 0.0269 0.1333 -0.0261 0.1345 0.0276 0.3084 -0.0263 0.3231 0.0145 0.4199 -0.0220 0.4846 0.0089 0.4269 -0.0207 0.4972 0.0187 0.5053 -0.0142 0.5535
26: -0.0037 -0.2243 0.0014 -0.2404 0.0053 -0.2412 0.0091 -0.2418 -0.0099 -0.2381 -0.0133 -0.2372 -0.0162 -0.2364 0.0146 -0.2355 -0.0207 -0.2287 0.0051 -0.2045 -0.0093 -0.2036 0.0479 -0.1389 -0.0493 -0.1292 0.0771 -0.0162 -0.0754 -0.0018 0.0310 -0.0225 -0.0223 -0.0090 0.0154 -0.0121 -0.0047 -0.0024 0.0110 -0.0276 -0.0002 -0.0176 0.0132 -0.0327 -0.0050 -0.0224 0.0273 0.1343 -0.0260 0.1336 0.0281 0.3103 -0.0259 0.3220 0.0149 0.4471 -0.0211 0.4820 0.0093 0.4582 -0.0195 0.4936 0.0198 0.5285 -0.0139 0.5515
27: -0.0034 -0.2216 0.0015 -0.2386 0.0055 -0.2390 0.0095 -0.2396 -0.0097 -0.2364 -0.0128 -0.2356 -0.0157 -0.2349 0.0151 -0.2341 -0.0202 -0.2278 0.0056 -0.2035 -0.0089 -0.2022 0.0478 -0.1378 -0.0491 -0.1297 0.0764 -0.0151 -0.0747 -0.0018 0.0323 -0.0216 -0.0209 -0.0123 0.0178 -0.0123 -0.0025 -0.0050 0.0141 -0.0290 0.0015 -0.0217 0.0161 -0.0340 -0.0034 -0.0266 0.0274 0.1345 -0.0260 0.1329 0.0282 0.3125 -0.0257 0.3203 0.0149 0.4686 -0.0209 0.4811 0.0087 0.4824 -0.0193 0.4941 0.0222 0.5451 -0.0139 0.5476
28: -0.0031 -0.2198 0.0018 -0.2370 0.0055 -0.2373 0.0096 -0.2378 -0.0094 -0.2350 -0.0128 -0.2341 -0.0156 -0.2335 0.0154 -0.2324 -0.0200 -0.2269 0.0056 -0.2024 -0.0087 -0.2009 0.0479 -0.1369 -0.0489 -0.1293 0.0750 -0.0135 -0.0743 -0.0012 0.0327 -0.0194 -0.0200 -0.0126 0.0187 -0.0108 -0.0012 -0.0057 0.0154 -0.0273 0.0027 -0.0228 0.0175 -0.0323 -0.0022 -0.0277 0.0274 0.1342 -0.0261 0.1319 0.0279 0.3154 -0.0255 0.3181 0.0151 0.4835 -0.0208 0.4799 0.0085 0.5003 -0.0190 0.4951 0.0258 0.5565 -0.0139 0.5391
29: -0.0030 -0.2184 0.0020 -0.2354 0.0056 -0.2357 0.0095 -0.2360 -0.0093 -0.2335 -0.0128 -0.2330 -0.0157 -0.2324 0.0154 -0.2299 -0.0201 -0.2255 0.0055 -0.2009 -0.0086 -0.1993 0.0480 -0.1355 -0.0489 -0.1289 0.0737 -0.0124 -0.0742 -0.0001 0.0341 -0.0195 -0.0198 -0.0115 0.0203 -0.0101 -0.0009 -0.0047 0.0172 -0.0266 0.0032 -0.0217 0.0194 -0.0318 -0.0018 -0.0264 0.0272 0.1335 -0.0263 0.1311 0.0273 0.3180 -0.0254 0.3174 0.0159 0.5001 -0.0206 0.4793 0.0087 0.5209 -0.0190 0.4956 0.0263 0.5628 -0.0142 0.5358
30: -0.0023 -0.2204 0.0023 -0.2373 0.0056 -0.2378 0.0092 -0.2379 -0.0086 -0.2355 -0.0120 -0.2351 -0.0150 -0.2346 0.0152 -0.2310 -0.0198 -0.2265 0.0059 -0.2032 -0.0077 -0.2013 0.0484 -0.1339 -0.0491 -0.1292 0.0726 -0.0125 -0.0742 -0.0015 0.0348 -0.0163 -0.0200 -0.0129 0.0211 -0.0114 -0.0016 -0.0069 0.0181 -0.0292 0.0031 -0.0241 0.0206 -0.0335 -0.0014 -0.0282 0.0270 0.1331 -0.0264 0.1300 0.0267 0.3163 -0.0257 0.3134 0.0160 0.5000 -0.0207 0.4718 0.0089 0.5226 -0.0191 0.4883 0.0252 0.5573 -0.0149 0.5281
31: -0.0011 -0.2207 0.0033 -0.2376 0.0066 -0.2381 0.0096 -0.2383 -0.0072 -0.2357 -0.0106 -0.2352 -0.0136 -0.2348 0.0152 -0.2310 -0.0190 -0.2256 0.0069 -0.2034 -0.0064 -0.2017 0.0497 -0.1306 -0.0492 -0.1278 0.0716 -0.0098 -0.0737 -0.0010 0.0354 -0.0068 -0.0206 -0.0043 0.0217 -0.0010 -0.0023 0.0010 0.0188 -0.0198 0.0024 -0.0180 0.0215 -0.0241 -0.0021 -0.0221 0.0264 0.1312 -0.0269 0.1271 0.0259 0.3141 -0.0263 0.3101 0.0155 0.4947 -0.0214 0.4575 0.0092 0.5150 -0.0196 0.4716 0.0194 0.5525 -0.0180 0.5182
32: 0.0004 -0.2215 0.0049 -0.2378 0.0080 -0.2380 0.0109 -0.2385 -0.0059 -0.2361 -0.0096 -0.2355 -0.0126 -0.2352 0.0168 -0.2306 -0.0184 -0.2256 0.0080 -0.2032 -0.0055 -0.2020 0.0513 -0.1291 -0.0492 -0.1278 0.0709 -0.0082 -0.0737 -0.0017 0.0356 -0.0020 -0.0215 0.0027 0.0221 0.0049 -0.0032 0.0086 0.0193 -0.0150 0.0015 -0.0102 0.0220 -0.0193 -0.0030 -0.0141 0.0255 0.1311 -0.0278 0.1259 0.0245 0.3132 -0.0273 0.3085 0.0137 0.4974 -0.0224 0.4500 0.0079 0.5170 -0.0205 0.4635 0.0134 0.5525 -0.0202 0.5125
33: 0.0028 -0.2231 0.0074 -0.2391 0.0104 -0.2394 0.0138 -0.2396 -0.0037 -0.2377 -0.0076 -0.2372 -0.0110 -0.2368 0.0197 -0.2312 -0.0170 -0.2275 0.0096 -0.2042 -0.0037 -0.2036 0.0531 -0.1274 -0.0487 -0.1304 0.0703 -0.0078 -0.0741 -0.0046 0.0350 0.0052 -0.0225 0.0059 0.0215 0.0131 -0.0042 0.0166 0.0189 -0.0063 0.0004 -0.0029 0.0218 -0.0106 -0.0041 -0.0074 0.0244 0.1326 -0.0287 0.1251 0.0225 0.3162 -0.0283 0.3089 0.0101 0.4944 -0.0234 0.4438 0.0046 0.5120 -0.0214 0.4570 0.0103 0.5555 -0.0221 0.5052
34: 0.0067 -0.2231 0.0117 -0.2393 0.0151 -0.2394 0.0181 -0.2393 0.0010 -0.2381 -0.0033 -0.2376 -0.0074 -0.2372 0.0239 -0.2304 -0.0140 -0.2279 0.0123 -0.2037 -0.0003 -0.2038 0.0540 -0.1271 -0.0474 -0.1315 0.0697 -0.0084 -0.0743 -0.0075 0.0341 0.0090 -0.0234 0.0063 0.0206 0.0183 -0.0053 0.0188 0.0182 -0.0008 -0.0001 0.0001 0.0211 -0.0060 -0.0048 -0.0051 0.0230 0.1334 -0.0298 0.1251 0.0202 0.3177 -0.0295 0.3100 0.0078 0.4971 -0.0247 0.4386 0.0029 0.5118 -0.0225 0.4483 0.0073 0.5622 -0.0240 0.5001
35: 0.0094 -0.2225 0.0153 -0.2387 0.0185 -0.2387 0.0216 -0.2384 0.0046 -0.2378 0.0000 -0.2377 -0.0042 -0.2376 0.0273 -0.2293 -0.0114 -0.2293 0.0147 -0.2029 0.0023 -0.2031 0.0556 -0.1265 -0.0465 -0.1340 0.0707 -0.0081 -0.0743 -0.0136 0.0345 0.0087 -0.0245 0.0055 0.0213 0.0182 -0.0065 0.0188 0.0190 -0.0009 -0.0013 0.0001 0.0221 -0.0063 -0.0059 -0.0057 0.0219 0.1345 -0.0308 0.1260 0.0178 0.3218 -0.0310 0.3118 0.0066 0.4977 -0.0258 0.4351 0.0018 0.5113 -0.0230 0.4437 0.0055 0.5633 -0.0261 0.4955
36: 0.0109 -0.2220 0.0178 -0.2378 0.0211 -0.2373 0.0247 -0.2365 0.0070 -0.2385 0.0025 -0.2390 -0.0016 -0.2393 0.0306 -0.2274 -0.0087 -0.2333 0.0161 -0.2018 0.0035 -0.2034 0.0564 -0.1250 -0.0456 -0.1394 0.0709 -0.0063 -0.0743 -0.0202 0.0341 0.0083 -0.0250 0.0070 0.0206 0.0180 -0.0073 0.0190 0.0181 -0.0007 -0.0017 0.0007 0.0212 -0.0064 -0.0063 -0.0052 0.0209 0.1364 -0.0317 0.1281 0.0166 0.3260 -0.0328 0.3146 0.0057 0.4981 -0.0262 0.4285 0.0011 0.5109 -0.0214 0.4364 0.0035 0.5643 -0.0268 0.4957
37: 0.0109 -0.2241 0.0179 -0.2389 0.0215 -0.2380 0.0252 -0.2369 0.0070 -0.2408 0.0027 -0.2417 -0.0014 -0.2427 0.0317 -0.2271 -0.0077 -0.2379 0.0161 -0.2029 0.0033 -0.2057 0.0574 -0.1239 -0.0447 -0.1432 0.0717 -0.0050 -0.0750 -0.0243 0.0340 0.0082 -0.0257 0.0058 0.0194 0.0176 -0.0083 0.0202 0.0169 -0.0009 -0.0023 0.0020 0.0201 -0.0065 -0.0068 -0.0049 0.0200 0.1378 -0.0327 0.1294 0.0153 0.3267 -0.0350 0.3161 0.0047 0.4976 -0.0268 0.4147 0.0001 0.5107 -0.0213 0.4199 0.0008 0.5637 -0.0279 0.4907
38: 0.0107 -0.2257 0.0176 -0.2400 0.0214 -0.2390 0.0249 -0.2378 0.0068 -0.2425 0.0027 -0.2435 -0.0014 -0.2446 0.0314 -0.2281 -0.0070 -0.2393 0.0157 -0.2040 0.0030 -0.2072 0.0578 -0.1236 -0.0434 -0.1451 0.0736 -0.0038 -0.0750 -0.0273 0.0334 0.0039 -0.0264 0.0028 0.0184 0.0118 -0.0092 0.0176 0.0157 -0.0075 -0.0030 -0.0001 0.0189 -0.0139 -0.0076 -0.0076 0.0191 0.1392 -0.0336 0.1297 0.0142 0.3276 -0.0373 0.3141 0.0039 0.4976 -0.0273 0.4016 -0.0004 0.5113 -0.0208 0.4079 -0.0004 0.5636 -0.0298 0.4879
39: 0.0107 -0.2256 0.0172 -0.2395 0.0210 -0.2387 0.0244 -0.2377 0.0064 -0.2419 0.0024 -0.2429 -0.0018 -0.2440 0.0305 -0.2285 -0.0070 -0.2379 0.0158 -0.2038 0.0029 -0.2067 0.0577 -0.1235 -0.0422 -0.1448 0.0753 -0.0006 -0.0742 -0.0265 0.0325 -0.0016 -0.0272 0.0004 0.0175 0.0080 -0.0102 0.0154 0.0148 -0.0108 -0.0039 -0.0020 0.0180 -0.0180 -0.0084 -0.0096 0.0184 0.1396 -0.0341 0.1290 0.0134 0.3305 -0.0394 0.3132 0.0031 0.4980 -0.0271 0.4092 -0.0009 0.5101 -0.0201 0.4161 -0.0020 0.5665 -0.0320 0.4934
40: 0.0095 -0.2238 0.0159 -0.2382 0.0195 -0.2377 0.0231 -0.2370 0.0051 -0.2401 0.0009 -0.2409 -0.0031 -0.2416 0.0292 -0.2288 -0.0076 -0.2351 0.0150 -0.2027 0.0020 -0.2049 0.0580 -0.1244 -0.0412 -0.1438 0.0755 0.0016 -0.0734 -0.0259 0.0316 -0.0061 -0.0278 -0.0029 0.0145 0.0028 -0.0110 0.0118 0.0116 -0.0156 -0.0048 -0.0045 0.0154 -0.0220 -0.0091 -0.0117 0.0177 0.1394 -0.0347 0.1288 0.0127 0.3316 -0.0412 0.3119 0.0025 0.4952 -0.0268 0.4194 -0.0016 0.5058 -0.0199 0.4278 -0.0025 0.5665 -0.0330 0.4983
