1: 0.0059 -0.1797 0.0112 -0.1969 0.0148 -0.1980 0.0178 -0.1990 0.0008 -0.1963 -0.0024 -0.1971 -0.0057 -0.1981 0.0230 -0.1978 -0.0097 -0.1979 0.0128 -0.1644 0.0005 -0.1651 0.0515 -0.1181 -0.0392 -0.1264 0.0679 0.0066 -0.0659 -0.0114 0.0285 -0.0020 -0.0217 0.0003 0.0148 -0.0019 -0.0071 0.0041 0.0148 -0.0229 -0.0039 -0.0161 0.0179 -0.0268 -0.0078 -0.0195 0.0186 0.1271 -0.0310 0.1173 0.0121 0.3008 -0.0339 0.2953 -0.0042 0.4443 -0.0294 0.4670 -0.0073 0.4595 -0.0258 0.4870 -0.0032 0.5006 -0.0349 0.5230
2: 0.0056 -0.1817 0.0110 -0.1993 0.0145 -0.2004 0.0177 -0.2015 0.0007 -0.1987 -0.0025 -0.1994 -0.0058 -0.2001 0.0228 -0.2005 -0.0096 -0.2003 0.0125 -0.1669 0.0003 -0.1667 0.0515 -0.1198 -0.0396 -0.1273 0.0676 0.0038 -0.0662 -0.0138 0.0288 -0.0052 -0.0235 -0.0005 0.0149 -0.0049 -0.0103 0.0026 0.0146 -0.0257 -0.0061 -0.0151 0.0177 -0.0296 -0.0098 -0.0172 0.0188 0.1267 -0.0308 0.1203 0.0123 0.2978 -0.0341 0.2938 -0.0031 0.4394 -0.0293 0.4644 -0.0072 0.4543 -0.0260 0.4869 -0.0013 0.4956 -0.0326 0.5182
3: 0.0055 -0.1840 0.0110 -0.2018 0.0144 -0.2027 0.0178 -0.2036 0.0008 -0.2013 -0.0026 -0.2021 -0.0057 -0.2028 0.0225 -0.2025 -0.0097 -0.2031 0.0121 -0.1698 -0.0002 -0.1690 0.0515 -0.1209 -0.0407 -0.1263 0.0679 -0.0006 -0.0659 -0.0162 0.0293 -0.0097 -0.0254 -0.0019 0.0150 -0.0088 -0.0132 0.0009 0.0141 -0.0293 -0.0084 -0.0155 0.0172 -0.0334 -0.0120 -0.0171 0.0194 0.1257 -0.0302 0.1212 0.0128 0.2933 -0.0337 0.2928 -0.0024 0.4334 -0.0285 0.4598 -0.0067 0.4477 -0.0259 0.4823 -0.0001 0.4907 -0.0266 0.5136
4: 0.0048 -0.1845 0.0104 -0.2025 0.0137 -0.2035 0.0170 -0.2043 0.0000 -0.2016 -0.0036 -0.2023 -0.0065 -0.2029 0.0217 -0.2035 -0.0107 -0.2037 0.0113 -0.1706 -0.0011 -0.1693 0.0514 -0.1220 -0.0419 -0.1252 0.0684 -0.0041 -0.0656 -0.0161 0.0300 -0.0128 -0.0267 -0.0024 0.0155 -0.0120 -0.0146 -0.0001 0.0144 -0.0319 -0.0096 -0.0166 0.0174 -0.0359 -0.0133 -0.0179 0.0201 0.1256 -0.0295 0.1214 0.0135 0.2895 -0.0330 0.2952 -0.0018 0.4274 -0.0267 0.4608 -0.0062 0.4394 -0.0250 0.4845 0.0007 0.4850 -0.0247 0.5124
5: 0.0026 -0.1841 0.0079 -0.2028 0.0114 -0.2039 0.0146 -0.2047 -0.0026 -0.2015 -0.0057 -0.2021 -0.0085 -0.2024 0.0198 -0.2042 -0.0124 -0.2031 0.0095 -0.1704 -0.0029 -0.1687 0.0508 -0.1225 -0.0429 -0.1239 0.0685 -0.0050 -0.0661 -0.0118 0.0304 -0.0142 -0.0271 -0.0003 0.0160 -0.0135 -0.0145 0.0004 0.0149 -0.0332 -0.0100 -0.0162 0.0177 -0.0370 -0.0136 -0.0171 0.0209 0.1250 -0.0287 0.1215 0.0139 0.2865 -0.0318 0.2951 -0.0013 0.4243 -0.0231 0.4631 -0.0058 0.4356 -0.0222 0.4849 0.0008 0.4814 -0.0211 0.5171
6: 0.0009 -0.1852 0.0058 -0.2036 0.0094 -0.2047 0.0126 -0.2056 -0.0046 -0.2025 -0.0075 -0.2031 -0.0108 -0.2034 0.0182 -0.2051 -0.0145 -0.2034 0.0082 -0.1714 -0.0046 -0.1697 0.0500 -0.1235 -0.0442 -0.1227 0.0683 -0.0060 -0.0660 -0.0077 0.0309 -0.0144 -0.0273 0.0017 0.0166 -0.0137 -0.0147 0.0016 0.0150 -0.0331 -0.0105 -0.0155 0.0178 -0.0369 -0.0142 -0.0162 0.0218 0.1248 -0.0278 0.1216 0.0146 0.2853 -0.0303 0.2953 -0.0004 0.4204 -0.0214 0.4656 -0.0049 0.4308 -0.0208 0.4863 0.0010 0.4772 -0.0189 0.5239
7: -0.0001 -0.1847 0.0046 -0.2031 0.0082 -0.2043 0.0115 -0.2053 -0.0057 -0.2018 -0.0087 -0.2023 -0.0122 -0.2025 0.0172 -0.2050 -0.0167 -0.2021 0.0068 -0.1720 -0.0058 -0.1697 0.0485 -0.1257 -0.0449 -0.1226 0.0692 -0.0093 -0.0653 -0.0073 0.0320 -0.0134 -0.0265 0.0027 0.0176 -0.0123 -0.0141 0.0032 0.0159 -0.0317 -0.0098 -0.0134 0.0188 -0.0356 -0.0136 -0.0143 0.0230 0.1257 -0.0266 0.1226 0.0157 0.2859 -0.0288 0.2962 0.0007 0.4179 -0.0203 0.4663 -0.0038 0.4263 -0.0198 0.4871 0.0017 0.4763 -0.0171 0.5265
8: -0.0030 -0.1857 0.0014 -0.2044 0.0053 -0.2060 0.0087 -0.2073 -0.0084 -0.2021 -0.0115 -0.2023 -0.0148 -0.2021 0.0152 -0.2071 -0.0183 -0.2013 0.0046 -0.1739 -0.0078 -0.1708 0.0476 -0.1287 -0.0456 -0.1216 0.0694 -0.0112 -0.0648 -0.0063 0.0303 -0.0149 -0.0254 0.0036 0.0161 -0.0115 -0.0118 0.0023 0.0140 -0.0306 -0.0085 -0.0139 0.0168 -0.0350 -0.0127 -0.0150 0.0238 0.1270 -0.0257 0.1235 0.0167 0.2874 -0.0270 0.2980 0.0015 0.4040 -0.0194 0.4673 -0.0030 0.4071 -0.0192 0.4881 0.0026 0.4663 -0.0140 0.5280
9: -0.0038 -0.1894 0.0007 -0.2086 0.0045 -0.2101 0.0080 -0.2116 -0.0091 -0.2055 -0.0119 -0.2051 -0.0153 -0.2045 0.0144 -0.2110 -0.0189 -0.2023 0.0036 -0.1771 -0.0086 -0.1751 0.0471 -0.1306 -0.0461 -0.1220 0.0698 -0.0119 -0.0656 -0.0054 0.0310 -0.0186 -0.0255 0.0047 0.0168 -0.0133 -0.0120 0.0036 0.0149 -0.0332 -0.0086 -0.0132 0.0176 -0.0378 -0.0125 -0.0151 0.0243 0.1272 -0.0251 0.1252 0.0182 0.2891 -0.0255 0.2994 0.0043 0.3872 -0.0184 0.4677 -0.0009 0.3915 -0.0185 0.4883 0.0048 0.4568 -0.0129 0.5288
10: -0.0041 -0.1910 0.0004 -0.2099 0.0042 -0.2112 0.0076 -0.2126 -0.0093 -0.2073 -0.0120 -0.2069 -0.0154 -0.2063 0.0142 -0.2123 -0.0188 -0.2034 0.0031 -0.1780 -0.0088 -0.1769 0.0467 -0.1315 -0.0466 -0.1229 0.0706 -0.0123 -0.0665 -0.0047 0.0317 -0.0209 -0.0242 0.0038 0.0177 -0.0154 -0.0106 0.0020 0.0160 -0.0358 -0.0071 -0.0161 0.0187 -0.0403 -0.0110 -0.0184 0.0246 0.1277 -0.0246 0.1268 0.0214 0.2894 -0.0243 0.3015 0.0070 0.3765 -0.0173 0.4667 0.0012 0.3794 -0.0174 0.4865 0.0086 0.4513 -0.0115 0.5307
11: -0.0040 -0.1924 0.0007 -0.2110 0.0044 -0.2123 0.0077 -0.2138 -0.0091 -0.2090 -0.0118 -0.2087 -0.0149 -0.2083 0.0141 -0.2135 -0.0185 -0.2053 0.0029 -0.1784 -0.0088 -0.1775 0.0461 -0.1322 -0.0464 -0.1232 0.0708 -0.0143 -0.0670 -0.0054 0.0320 -0.0237 -0.0234 0.0021 0.0183 -0.0170 -0.0098 0.0016 0.0167 -0.0374 -0.0062 -0.0175 0.0192 -0.0418 -0.0100 -0.0203 0.0246 0.1276 -0.0242 0.1277 0.0238 0.2903 -0.0235 0.3035 0.0090 0.3793 -0.0167 0.4623 0.0029 0.3841 -0.0171 0.4793 0.0134 0.4550 -0.0109 0.5292
12: -0.0035 -0.1924 0.0012 -0.2110 0.0048 -0.2123 0.0080 -0.2136 -0.0086 -0.2095 -0.0114 -0.2093 -0.0142 -0.2090 0.0140 -0.2133 -0.0181 -0.2068 0.0032 -0.1781 -0.0084 -0.1775 0.0457 -0.1324 -0.0464 -0.1234 0.0712 -0.0157 -0.0672 -0.0053 0.0319 -0.0237 -0.0228 0.0011 0.0184 -0.0163 -0.0085 0.0018 0.0169 -0.0368 -0.0050 -0.0174 0.0193 -0.0410 -0.0092 -0.0207 0.0248 0.1277 -0.0239 0.1281 0.0245 0.2912 -0.0230 0.3048 0.0108 0.3880 -0.0162 0.4571 0.0047 0.3936 -0.0158 0.4804 0.0162 0.4628 -0.0100 0.5252
13: -0.0025 -0.1915 0.0021 -0.2098 0.0054 -0.2110 0.0087 -0.2124 -0.0077 -0.2087 -0.0106 -0.2088 -0.0134 -0.2088 0.0140 -0.2117 -0.0176 -0.2071 0.0038 -0.1768 -0.0076 -0.1766 0.0451 -0.1331 -0.0467 -0.1227 0.0706 -0.0169 -0.0678 -0.0050 0.0314 -0.0235 -0.0222 -0.0004 0.0183 -0.0164 -0.0079 0.0014 0.0168 -0.0363 -0.0045 -0.0173 0.0191 -0.0404 -0.0085 -0.0208 0.0252 0.1287 -0.0236 0.1272 0.0250 0.2946 -0.0225 0.3040 0.0131 0.4039 -0.0157 0.4561 0.0081 0.4114 -0.0152 0.4706 0.0169 0.4809 -0.0098 0.5257
14: -0.0018 -0.1920 0.0028 -0.2099 0.0062 -0.2110 0.0094 -0.2123 -0.0070 -0.2091 -0.0101 -0.2095 -0.0130 -0.2096 0.0146 -0.2107 -0.0175 -0.2071 0.0046 -0.1767 -0.0070 -0.1765 0.0454 -0.1322 -0.0472 -0.1219 0.0704 -0.0162 -0.0690 -0.0050 0.0312 -0.0230 -0.0235 -0.0027 0.0182 -0.0169 -0.0094 -0.0002 0.0167 -0.0366 -0.0058 -0.0195 0.0190 -0.0406 -0.0096 -0.0229 0.0255 0.1286 -0.0236 0.1256 0.0251 0.2961 -0.0224 0.3033 0.0135 0.4281 -0.0154 0.4559 0.0090 0.4389 -0.0148 0.4693 0.0175 0.5010 -0.0094 0.5245
15: -0.0014 -0.1927 0.0033 -0.2105 0.0067 -0.2116 0.0099 -0.2127 -0.0066 -0.2099 -0.0099 -0.2103 -0.0130 -0.2104 0.0149 -0.2106 -0.0177 -0.2074 0.0050 -0.1771 -0.0067 -0.1766 0.0456 -0.1316 -0.0476 -0.1216 0.0705 -0.0147 -0.0691 -0.0047 0.0311 -0.0228 -0.0239 -0.0065 0.0180 -0.0173 -0.0100 -0.0050 0.0167 -0.0370 -0.0067 -0.0243 0.0190 -0.0408 -0.0104 -0.0270 0.0258 0.1286 -0.0236 0.1246 0.0251 0.2998 -0.0221 0.3031 0.0135 0.4490 -0.0153 0.4555 0.0088 0.4621 -0.0147 0.4696 0.0182 0.5193 -0.0095 0.5219
16: -0.0012 -0.1945 0.0032 -0.2122 0.0066 -0.2132 0.0100 -0.2140 -0.0066 -0.2112 -0.0098 -0.2115 -0.0128 -0.2115 0.0149 -0.2108 -0.0177 -0.2076 0.0051 -0.1787 -0.0068 -0.1777 0.0455 -0.1308 -0.0475 -0.1214 0.0701 -0.0136 -0.0692 -0.0043 0.0311 -0.0218 -0.0243 -0.0140 0.0185 -0.0164 -0.0099 -0.0110 0.0171 -0.0364 -0.0071 -0.0301 0.0193 -0.0400 -0.0109 -0.0323 0.0257 0.1278 -0.0237 0.1242 0.0243 0.3006 -0.0221 0.3020 0.0134 0.4678 -0.0154 0.4566 0.0084 0.4862 -0.0148 0.4719 0.0210 0.5316 -0.0096 0.5157
17: 0.0003 -0.1951 0.0043 -0.2127 0.0075 -0.2137 0.0104 -0.2144 -0.0054 -0.2117 -0.0089 -0.2118 -0.0122 -0.2117 0.0149 -0.2109 -0.0176 -0.2076 0.0063 -0.1796 -0.0054 -0.1785 0.0456 -0.1311 -0.0473 -0.1201 0.0700 -0.0135 -0.0692 -0.0040 0.0318 -0.0194 -0.0266 -0.0210 0.0200 -0.0163 -0.0134 -0.0218 0.0186 -0.0362 -0.0126 -0.0411 0.0204 -0.0393 -0.0151 -0.0419 0.0256 0.1274 -0.0238 0.1238 0.0232 0.3011 -0.0222 0.3014 0.0133 0.4790 -0.0156 0.4567 0.0074 0.5010 -0.0150 0.4728 0.0222 0.5343 -0.0105 0.5095
18: 0.0020 -0.1969 0.0059 -0.2145 0.0088 -0.2154 0.0111 -0.2161 -0.0035 -0.2135 -0.0070 -0.2135 -0.0105 -0.2134 0.0154 -0.2127 -0.0174 -0.2093 0.0076 -0.1814 -0.0038 -0.1803 0.0459 -0.1278 -0.0473 -0.1213 0.0699 -0.0132 -0.0698 -0.0030 0.0331 -0.0144 -0.0314 -0.0348 0.0214 -0.0141 -0.0193 -0.0455 0.0197 -0.0328 -0.0187 -0.0622 0.0215 -0.0351 -0.0203 -0.0603 0.0256 0.1266 -0.0240 0.1226 0.0222 0.2995 -0.0223 0.2991 0.0130 0.4774 -0.0157 0.4502 0.0076 0.4974 -0.0149 0.4647 0.0218 0.5299 -0.0129 0.5014
19: 0.0030 -0.1986 0.0069 -0.2164 0.0096 -0.2174 0.0117 -0.2181 -0.0025 -0.2153 -0.0061 -0.2155 -0.0097 -0.2154 0.0162 -0.2130 -0.0173 -0.2089 0.0087 -0.1834 -0.0030 -0.1822 0.0460 -0.1243 -0.0468 -0.1235 0.0701 -0.0103 -0.0725 -0.0051 0.0334 -0.0067 -0.0343 -0.0553 0.0212 -0.0070 -0.0230 -0.0698 0.0193 -0.0244 -0.0224 -0.0873 0.0211 -0.0264 -0.0234 -0.0847 0.0252 0.1258 -0.0244 0.1218 0.0216 0.2982 -0.0228 0.2970 0.0125 0.4750 -0.0162 0.4436 0.0080 0.4958 -0.0152 0.4577 0.0155 0.5238 -0.0151 0.4961
20: 0.0041 -0.1994 0.0081 -0.2173 0.0106 -0.2179 0.0132 -0.2181 -0.0017 -0.2161 -0.0052 -0.2159 -0.0088 -0.2155 0.0180 -0.2109 -0.0172 -0.2078 0.0097 -0.1824 -0.0022 -0.1826 0.0460 -0.1221 -0.0457 -0.1250 0.0698 -0.0060 -0.0735 -0.0066 0.0338 -0.0010 -0.0353 -0.0749 0.0214 -0.0008 -0.0268 -0.0971 0.0193 -0.0190 -0.0265 -0.1112 0.0210 -0.0210 -0.0266 -0.1063 0.0246 0.1254 -0.0250 0.1218 0.0208 0.2999 -0.0234 0.2964 0.0119 0.4753 -0.0171 0.4357 0.0079 0.4930 -0.0157 0.4467 0.0105 0.5248 -0.0178 0.4922
21: 0.0041 -0.2017 0.0083 -0.2195 0.0107 -0.2203 0.0138 -0.2204 -0.0014 -0.2184 -0.0050 -0.2183 -0.0085 -0.2179 0.0191 -0.2116 -0.0171 -0.2096 0.0097 -0.1844 -0.0022 -0.1848 0.0458 -0.1216 -0.0428 -0.1272 0.0694 -0.0056 -0.0747 -0.0158 0.0326 0.0048 -0.0366 -0.1062 0.0203 0.0079 -0.0291 -0.1344 0.0179 -0.0081 -0.0275 -0.1461 0.0196 -0.0114 -0.0279 -0.1368 0.0231 0.1265 -0.0263 0.1225 0.0191 0.3035 -0.0249 0.2963 0.0103 0.4756 -0.0186 0.4293 0.0064 0.4916 -0.0167 0.4410 0.0068 0.5266 -0.0209 0.4879
22: 0.0065 -0.2041 0.0102 -0.2214 0.0131 -0.2220 0.0159 -0.2221 0.0015 -0.2203 -0.0022 -0.2200 -0.0059 -0.2195 0.0208 -0.2131 -0.0150 -0.2111 0.0112 -0.1862 0.0005 -0.1863 0.0470 -0.1199 -0.0403 -0.1287 0.0690 -0.0046 -0.0763 -0.0284 0.0310 0.0079 -0.0378 -0.1255 0.0188 0.0136 -0.0303 -0.1545 0.0161 -0.0007 -0.0281 -0.1637 0.0179 -0.0045 -0.0287 -0.1549 0.0213 0.1266 -0.0281 0.1222 0.0171 0.3041 -0.0268 0.2955 0.0084 0.4756 -0.0206 0.4240 0.0045 0.4893 -0.0184 0.4359 0.0041 0.5333 -0.0238 0.4830
23: 0.0099 -0.2071 0.0143 -0.2240 0.0169 -0.2242 0.0194 -0.2238 0.0056 -0.2228 0.0015 -0.2222 -0.0026 -0.2214 0.0240 -0.2142 -0.0121 -0.2121 0.0143 -0.1879 0.0039 -0.1873 0.0487 -0.1201 -0.0392 -0.1302 0.0689 -0.0034 -0.0773 -0.0356 0.0305 0.0093 -0.0386 -0.1296 0.0186 0.0161 -0.0305 -0.1595 0.0152 0.0007 -0.0281 -0.1672 0.0171 -0.0037 -0.0290 -0.1574 0.0199 0.1275 -0.0296 0.1228 0.0157 0.3055 -0.0281 0.2967 0.0069 0.4739 -0.0219 0.4179 0.0033 0.4868 -0.0194 0.4274 0.0019 0.5361 -0.0257 0.4771
24: 0.0122 -0.2100 0.0167 -0.2266 0.0194 -0.2264 0.0219 -0.2258 0.0077 -0.2259 0.0035 -0.2252 -0.0007 -0.2242 0.0258 -0.2162 -0.0104 -0.2139 0.0165 -0.1900 0.0061 -0.1897 0.0498 -0.1200 -0.0384 -0.1314 0.0689 -0.0035 -0.0780 -0.0451 0.0297 0.0103 -0.0393 -0.1402 0.0177 0.0191 -0.0305 -0.1692 0.0141 0.0051 -0.0282 -0.1745 0.0161 -0.0001 -0.0294 -0.1646 0.0190 0.1283 -0.0304 0.1232 0.0144 0.3055 -0.0295 0.2976 0.0056 0.4727 -0.0227 0.4186 0.0024 0.4858 -0.0198 0.4288 0.0004 0.5354 -0.0266 0.4748
25: 0.0125 -0.2094 0.0172 -0.2263 0.0201 -0.2261 0.0227 -0.2254 0.0079 -0.2261 0.0038 -0.2257 -0.0002 -0.2248 0.0262 -0.2168 -0.0093 -0.2147 0.0166 -0.1897 0.0062 -0.1897 0.0503 -0.1196 -0.0374 -0.1331 0.0694 -0.0032 -0.0785 -0.0533 0.0297 0.0105 -0.0396 -0.1447 0.0173 0.0190 -0.0306 -0.1727 0.0135 0.0041 -0.0285 -0.1777 0.0157 -0.0015 -0.0299 -0.1686 0.0183 0.1292 -0.0310 0.1236 0.0133 0.3077 -0.0316 0.3001 0.0043 0.4736 -0.0232 0.4160 0.0015 0.4869 -0.0196 0.4229 -0.0007 0.5366 -0.0262 0.4762
26: 0.0121 -0.2110 0.0164 -0.2282 0.0196 -0.2281 0.0225 -0.2277 0.0069 -0.2282 0.0031 -0.2278 -0.0010 -0.2270 0.0261 -0.2196 -0.0090 -0.2169 0.0161 -0.1915 0.0053 -0.1913 0.0508 -0.1196 -0.0363 -0.1339 0.0699 -0.0044 -0.0786 -0.0575 0.0290 0.0086 -0.0396 -0.1489 0.0166 0.0194 -0.0304 -0.1763 0.0127 0.0046 -0.0276 -0.1808 0.0150 -0.0035 -0.0287 -0.1722 0.0173 0.1303 -0.0318 0.1234 0.0115 0.3079 -0.0352 0.3007 0.0035 0.4739 -0.0240 0.4047 0.0008 0.4880 -0.0198 0.4086 -0.0028 0.5361 -0.0282 0.4704
27: 0.0108 -0.2142 0.0154 -0.2313 0.0184 -0.2312 0.0212 -0.2310 0.0056 -0.2309 0.0017 -0.2304 -0.0021 -0.2295 0.0256 -0.2225 -0.0088 -0.2193 0.0154 -0.1944 0.0042 -0.1934 0.0508 -0.1201 -0.0353 -0.1352 0.0713 -0.0044 -0.0787 -0.0588 0.0296 0.0042 -0.0392 -0.1505 0.0164 0.0139 -0.0303 -0.1774 0.0126 -0.0038 -0.0269 -0.1822 0.0150 -0.0113 -0.0277 -0.1732 0.0167 0.1321 -0.0324 0.1233 0.0100 0.3095 -0.0379 0.2968 0.0030 0.4752 -0.0250 0.3855 0.0004 0.4891 -0.0202 0.3920 -0.0042 0.5373 -0.0317 0.4632
28: 0.0100 -0.2162 0.0147 -0.2332 0.0177 -0.2331 0.0204 -0.2330 0.0047 -0.2319 0.0008 -0.2311 -0.0027 -0.2301 0.0251 -0.2247 -0.0086 -0.2200 0.0153 -0.1962 0.0038 -0.1949 0.0515 -0.1200 -0.0342 -0.1354 0.0724 -0.0033 -0.0784 -0.0602 0.0303 -0.0022 -0.0386 -0.1530 0.0163 0.0041 -0.0302 -0.1793 0.0130 -0.0142 -0.0265 -0.1841 0.0157 -0.0199 -0.0271 -0.1751 0.0158 0.1334 -0.0330 0.1222 0.0093 0.3116 -0.0399 0.2972 0.0027 0.4715 -0.0261 0.3897 0.0001 0.4810 -0.0205 0.3978 -0.0058 0.5358 -0.0359 0.4676
29: 0.0098 -0.2159 0.0145 -0.2331 0.0176 -0.2332 0.0204 -0.2331 0.0047 -0.2310 0.0007 -0.2301 -0.0029 -0.2290 0.0249 -0.2245 -0.0085 -0.2194 0.0155 -0.1956 0.0038 -0.1938 0.0524 -0.1204 -0.0337 -0.1349 0.0734 -0.0015 -0.0776 -0.0570 0.0305 -0.0086 -0.0371 -0.1501 0.0163 -0.0031 -0.0293 -0.1771 0.0131 -0.0213 -0.0255 -0.1833 0.0160 -0.0264 -0.0257 -0.1743 0.0154 0.1345 -0.0338 0.1209 0.0096 0.3145 -0.0402 0.2979 0.0027 0.4676 -0.0268 0.4011 -0.0006 0.4774 -0.0212 0.4101 -0.0050 0.5341 -0.0368 0.4719
30: 0.0101 -0.2161 0.0146 -0.2327 0.0177 -0.2329 0.0206 -0.2326 0.0049 -0.2307 0.0009 -0.2297 -0.0027 -0.2288 0.0251 -0.2235 -0.0082 -0.2193 0.0157 -0.1954 0.0040 -0.1937 0.0529 -0.1217 -0.0337 -0.1337 0.0739 -0.0006 -0.0771 -0.0552 0.0301 -0.0149 -0.0358 -0.1490 0.0152 -0.0117 -0.0283 -0.1757 0.0120 -0.0301 -0.0246 -0.1817 0.0155 -0.0338 -0.0247 -0.1730 0.0153 0.1349 -0.0343 0.1204 0.0102 0.3157 -0.0402 0.2997 0.0030 0.4649 -0.0275 0.4240 -0.0013 0.4758 -0.0228 0.4359 -0.0042 0.5308 -0.0371 0.4922
31: 0.0078 -0.2134 0.0129 -0.2302 0.0162 -0.2304 0.0195 -0.2302 0.0026 -0.2284 -0.0009 -0.2276 -0.0034 -0.2267 0.0251 -0.2216 -0.0083 -0.2172 0.0150 -0.1933 0.0030 -0.1917 0.0530 -0.1223 -0.0339 -0.1328 0.0743 0.0004 -0.0771 -0.0527 0.0295 -0.0170 -0.0355 -0.1471 0.0148 -0.0169 -0.0281 -0.1735 0.0114 -0.0355 -0.0244 -0.1795 0.0148 -0.0381 -0.0245 -0.1709 0.0154 0.1350 -0.0345 0.1203 0.0107 0.3161 -0.0401 0.3002 0.0030 0.4642 -0.0292 0.4445 -0.0020 0.4765 -0.0245 0.4600 -0.0038 0.5285 -0.0368 0.5140
32: 0.0055 -0.2126 0.0107 -0.2294 0.0142 -0.2296 0.0176 -0.2294 0.0004 -0.2277 -0.0024 -0.2269 -0.0045 -0.2261 0.0244 -0.2211 -0.0083 -0.2167 0.0137 -0.1928 0.0015 -0.1914 0.0530 -0.1228 -0.0340 -0.1327 0.0744 0.0006 -0.0773 -0.0512 0.0287 -0.0207 -0.0355 -0.1462 0.0141 -0.0216 -0.0282 -0.1728 0.0106 -0.0393 -0.0246 -0.1791 0.0139 -0.0416 -0.0245 -0.1703 0.0156 0.1348 -0.0344 0.1207 0.0115 0.3152 -0.0397 0.2995 0.0030 0.4633 -0.0305 0.4582 -0.0024 0.4768 -0.0258 0.4762 -0.0033 0.5239 -0.0386 0.5261
33: 0.0037 -0.2131 0.0088 -0.2299 0.0124 -0.2301 0.0158 -0.2299 -0.0016 -0.2285 -0.0040 -0.2273 -0.0063 -0.2261 0.0234 -0.2216 -0.0093 -0.2165 0.0123 -0.1933 0.0000 -0.1919 0.0528 -0.1236 -0.0342 -0.1324 0.0743 0.0005 -0.0777 -0.0511 0.0274 -0.0234 -0.0356 -0.1460 0.0132 -0.0248 -0.0282 -0.1734 0.0093 -0.0414 -0.0248 -0.1797 0.0124 -0.0436 -0.0245 -0.1703 0.0158 0.1344 -0.0343 0.1215 0.0121 0.3141 -0.0395 0.2996 0.0030 0.4603 -0.0315 0.4720 -0.0028 0.4757 -0.0267 0.4950 -0.0022 0.5180 -0.0390 0.5325
34: 0.0022 -0.2146 0.0075 -0.2311 0.0113 -0.2314 0.0147 -0.2314 -0.0031 -0.2286 -0.0054 -0.2273 -0.0081 -0.2261 0.0225 -0.2227 -0.0108 -0.2160 0.0110 -0.1950 -0.0018 -0.1933 0.0519 -0.1250 -0.0342 -0.1310 0.0736 0.0002 -0.0781 -0.0523 0.0256 -0.0244 -0.0359 -0.1455 0.0119 -0.0264 -0.0292 -0.1730 0.0078 -0.0430 -0.0256 -0.1796 0.0107 -0.0451 -0.0250 -0.1701 0.0162 0.1334 -0.0340 0.1225 0.0125 0.3120 -0.0392 0.3016 0.0030 0.4548 -0.0317 0.4734 -0.0029 0.4689 -0.0278 0.4957 -0.0015 0.5140 -0.0387 0.5317
35: 0.0014 -0.2180 0.0063 -0.2339 0.0103 -0.2346 0.0139 -0.2346 -0.0039 -0.2308 -0.0062 -0.2297 -0.0094 -0.2283 0.0217 -0.2251 -0.0120 -0.2175 0.0104 -0.1989 -0.0028 -0.1969 0.0513 -0.1256 -0.0349 -0.1297 0.0725 0.0002 -0.0784 -0.0533 0.0252 -0.0286 -0.0358 -0.1502 0.0116 -0.0302 -0.0292 -0.1763 0.0075 -0.0468 -0.0259 -0.1831 0.0104 -0.0489 -0.0250 -0.1738 0.0170 0.1316 -0.0335 0.1236 0.0132 0.3069 -0.0386 0.3008 0.0031 0.4455 -0.0317 0.4665 -0.0027 0.4583 -0.0283 0.4865 -0.0009 0.5065 -0.0369 0.5253
36: 0.0008 -0.2182 0.0056 -0.2340 0.0096 -0.2347 0.0132 -0.2350 -0.0042 -0.2314 -0.0067 -0.2303 -0.0102 -0.2286 0.0207 -0.2251 -0.0125 -0.2175 0.0096 -0.1997 -0.0035 -0.1977 0.0507 -0.1239 -0.0357 -0.1296 0.0706 -0.0023 -0.0784 -0.0555 0.0242 -0.0323 -0.0355 -0.1548 0.0107 -0.0343 -0.0288 -0.1799 0.0064 -0.0502 -0.0255 -0.1867 0.0094 -0.0529 -0.0245 -0.1776 0.0179 0.1297 -0.0328 0.1238 0.0139 0.3021 -0.0379 0.3002 0.0036 0.4378 -0.0313 0.4645 -0.0024 0.4514 -0.0285 0.4869 0.0012 0.4974 -0.0339 0.5211
37: 0.0005 -0.2197 0.0048 -0.2354 0.0086 -0.2360 0.0122 -0.2363 -0.0046 -0.2327 -0.0074 -0.2315 -0.0110 -0.2298 0.0191 -0.2262 -0.0135 -0.2179 0.0094 -0.2015 -0.0039 -0.1994 0.0498 -0.1233 -0.0372 -0.1289 0.0698 -0.0055 -0.0798 -0.0565 0.0234 -0.0266 -0.0370 -0.1554 0.0094 -0.0266 -0.0304 -0.1834 0.0047 -0.0431 -0.0267 -0.1900 0.0079 -0.0458 -0.0256 -0.1796 0.0191 0.1275 -0.0319 0.1245 0.0146 0.2957 -0.0369 0.3000 0.0036 0.4327 -0.0304 0.4675 -0.0025 0.4469 -0.0275 0.4905 0.0020 0.4917 -0.0295 0.5226
38: -0.0013 -0.2198 0.0031 -0.2354 0.0067 -0.2359 0.0103 -0.2360 -0.0057 -0.2328 -0.0091 -0.2317 -0.0122 -0.2300 0.0177 -0.2258 -0.0144 -0.2184 0.0072 -0.2014 -0.0051 -0.1995 0.0489 -0.1242 -0.0394 -0.1288 0.0700 -0.0059 -0.0812 -0.0557 0.0241 -0.0159 -0.0376 -0.1551 0.0097 -0.0086 -0.0313 -0.1829 0.0045 -0.0235 -0.0275 -0.1898 0.0077 -0.0292 -0.0266 -0.1796 0.0207 0.1277 -0.0300 0.1253 0.0159 0.2914 -0.0349 0.3008 0.0049 0.4275 -0.0282 0.4703 -0.0010 0.4395 -0.0259 0.4920 0.0034 0.4862 -0.0257 0.5259
39: -0.0020 -0.2186 0.0018 -0.2343 0.0052 -0.2348 0.0088 -0.2348 -0.0071 -0.2317 -0.0106 -0.2304 -0.0136 -0.2287 0.0158 -0.2248 -0.0162 -0.2174 0.0065 -0.2001 -0.0060 -0.1981 0.0477 -0.1264 -0.0403 -0.1280 0.0687 -0.0086 -0.0822 -0.0540 0.0236 0.0080 -0.0399 -0.1534 0.0100 0.0260 -0.0333 -0.1813 0.0035 0.0122 -0.0294 -0.1883 0.0063 0.0065 -0.0288 -0.1781 0.0216 0.1287 -0.0291 0.1254 0.0161 0.2881 -0.0339 0.3012 0.0059 0.4224 -0.0270 0.4739 0.0005 0.4347 -0.0250 0.4962 0.0042 0.4816 -0.0232 0.5313
40: -0.0040 -0.2173 -0.0001 -0.2330 0.0032 -0.2335 0.0067 -0.2335 -0.0091 -0.2304 -0.0125 -0.2292 -0.0153 -0.2274 0.0139 -0.2244 -0.0180 -0.2166 0.0044 -0.1987 -0.0078 -0.1969 0.0468 -0.1291 -0.0410 -0.1268 0.0653 -0.0116 -0.0833 -0.0521 0.0245 0.0324 -0.0416 -0.1519 0.0108 0.0585 -0.0347 -0.1804 0.0048 0.0464 -0.0307 -0.1863 0.0074 0.0389 -0.0301 -0.1763 0.0224 0.1294 -0.0282 0.1266 0.0167 0.2874 -0.0324 0.3025 0.0067 0.4190 -0.0258 0.4716 0.0018 0.4308 -0.0242 0.4924 0.0052 0.4779 -0.0208 0.5316
