1: 0.0126 -0.1795 0.0188 -0.1978 0.0219 -0.1985 0.0246 -0.1992 0.0090 -0.1990 0.0058 -0.2004 0.0027 -0.2020 0.0288 -0.1987 -0.0029 -0.2042 0.0179 -0.1655 0.0062 -0.1681 0.0559 -0.1153 -0.0383 -0.1310 0.0664 0.0055 -0.0672 -0.0162 0.0255 0.0072 -0.0277 -0.0055 0.0096 0.0067 -0.0138 0.0006 0.0089 -0.0116 -0.0083 -0.0172 0.0122 -0.0148 -0.0118 -0.0214 0.0166 0.1286 -0.0342 0.1179 0.0109 0.3107 -0.0367 0.3016 -0.0027 0.4659 -0.0330 0.4757 -0.0089 0.4805 -0.0299 0.4940 -0.0014 0.5234 -0.0398 0.5350
2: 0.0126 -0.1802 0.0188 -0.1981 0.0218 -0.1987 0.0245 -0.1994 0.0089 -0.1995 0.0056 -0.2009 0.0025 -0.2023 0.0287 -0.1986 -0.0031 -0.2044 0.0179 -0.1658 0.0061 -0.1678 0.0557 -0.1159 -0.0385 -0.1314 0.0664 0.0045 -0.0673 -0.0173 0.0254 0.0063 -0.0275 -0.0054 0.0095 0.0062 -0.0140 0.0006 0.0087 -0.0118 -0.0085 -0.0162 0.0120 -0.0148 -0.0118 -0.0200 0.0167 0.1285 -0.0341 0.1186 0.0106 0.3088 -0.0371 0.3008 -0.0028 0.4635 -0.0332 0.4759 -0.0089 0.4793 -0.0300 0.4978 -0.0023 0.5204 -0.0400 0.5338
3: 0.0127 -0.1807 0.0187 -0.1984 0.0217 -0.1990 0.0243 -0.1996 0.0089 -0.1998 0.0055 -0.2012 0.0025 -0.2023 0.0285 -0.1990 -0.0032 -0.2044 0.0179 -0.1662 0.0063 -0.1675 0.0555 -0.1165 -0.0387 -0.1307 0.0662 0.0032 -0.0673 -0.0180 0.0253 0.0067 -0.0275 -0.0044 0.0098 0.0073 -0.0138 0.0014 0.0087 -0.0097 -0.0084 -0.0147 0.0120 -0.0123 -0.0118 -0.0178 0.0169 0.1278 -0.0338 0.1193 0.0104 0.3047 -0.0373 0.2998 -0.0030 0.4609 -0.0331 0.4777 -0.0086 0.4772 -0.0301 0.5016 -0.0032 0.5144 -0.0393 0.5317
4: 0.0126 -0.1772 0.0185 -0.1944 0.0215 -0.1952 0.0241 -0.1962 0.0087 -0.1954 0.0052 -0.1968 0.0021 -0.1980 0.0282 -0.1976 -0.0037 -0.2022 0.0177 -0.1641 0.0060 -0.1642 0.0554 -0.1180 -0.0391 -0.1285 0.0661 0.0015 -0.0674 -0.0157 0.0252 0.0088 -0.0276 -0.0033 0.0100 0.0096 -0.0139 0.0021 0.0088 -0.0067 -0.0085 -0.0134 0.0119 -0.0089 -0.0120 -0.0165 0.0171 0.1270 -0.0335 0.1195 0.0104 0.3021 -0.0374 0.2993 -0.0029 0.4550 -0.0331 0.4764 -0.0086 0.4711 -0.0310 0.5007 -0.0031 0.5081 -0.0353 0.5289
5: 0.0124 -0.1794 0.0183 -0.1970 0.0214 -0.1978 0.0240 -0.1988 0.0083 -0.1976 0.0048 -0.1988 0.0015 -0.1999 0.0277 -0.1993 -0.0043 -0.2034 0.0176 -0.1665 0.0057 -0.1659 0.0551 -0.1193 -0.0398 -0.1271 0.0666 -0.0001 -0.0675 -0.0133 0.0254 0.0090 -0.0273 -0.0033 0.0103 0.0106 -0.0132 0.0027 0.0089 -0.0050 -0.0081 -0.0120 0.0120 -0.0070 -0.0117 -0.0152 0.0176 0.1263 -0.0330 0.1200 0.0108 0.2988 -0.0369 0.2982 -0.0025 0.4485 -0.0323 0.4744 -0.0082 0.4625 -0.0307 0.4981 -0.0025 0.5022 -0.0308 0.5256
6: 0.0102 -0.1803 0.0159 -0.1981 0.0191 -0.1988 0.0222 -0.1996 0.0060 -0.1987 0.0025 -0.1998 -0.0009 -0.2009 0.0259 -0.1999 -0.0054 -0.2037 0.0155 -0.1674 0.0036 -0.1665 0.0542 -0.1206 -0.0405 -0.1261 0.0667 -0.0008 -0.0673 -0.0098 0.0241 0.0108 -0.0270 -0.0013 0.0094 0.0133 -0.0129 0.0049 0.0080 -0.0025 -0.0079 -0.0103 0.0110 -0.0049 -0.0115 -0.0132 0.0183 0.1255 -0.0318 0.1212 0.0114 0.2961 -0.0360 0.2979 -0.0023 0.4379 -0.0301 0.4715 -0.0081 0.4495 -0.0297 0.4947 -0.0016 0.4956 -0.0276 0.5257
7: 0.0097 -0.1810 0.0151 -0.1991 0.0183 -0.1998 0.0214 -0.2005 0.0051 -0.1995 0.0016 -0.2006 -0.0019 -0.2018 0.0245 -0.2008 -0.0065 -0.2041 0.0148 -0.1684 0.0029 -0.1673 0.0529 -0.1210 -0.0420 -0.1238 0.0666 -0.0023 -0.0670 -0.0055 0.0238 0.0108 -0.0260 0.0014 0.0091 0.0135 -0.0118 0.0066 0.0074 -0.0021 -0.0072 -0.0083 0.0104 -0.0045 -0.0109 -0.0107 0.0195 0.1239 -0.0304 0.1209 0.0124 0.2935 -0.0349 0.2970 -0.0016 0.4331 -0.0272 0.4719 -0.0073 0.4444 -0.0263 0.4942 -0.0008 0.4909 -0.0250 0.5306
8: 0.0080 -0.1826 0.0134 -0.2007 0.0164 -0.2014 0.0196 -0.2021 0.0033 -0.2009 -0.0004 -0.2018 -0.0038 -0.2029 0.0227 -0.2020 -0.0086 -0.2047 0.0132 -0.1698 0.0012 -0.1687 0.0514 -0.1224 -0.0429 -0.1230 0.0672 -0.0036 -0.0663 -0.0043 0.0240 0.0094 -0.0253 0.0010 0.0094 0.0124 -0.0110 0.0066 0.0073 -0.0028 -0.0069 -0.0084 0.0102 -0.0053 -0.0107 -0.0110 0.0205 0.1239 -0.0289 0.1216 0.0135 0.2923 -0.0329 0.2989 -0.0011 0.4297 -0.0252 0.4724 -0.0067 0.4390 -0.0257 0.4939 -0.0002 0.4878 -0.0215 0.5374
9: 0.0042 -0.1815 0.0092 -0.1997 0.0125 -0.2006 0.0156 -0.2014 -0.0007 -0.1995 -0.0041 -0.2004 -0.0070 -0.2012 0.0199 -0.2016 -0.0113 -0.2033 0.0101 -0.1689 -0.0017 -0.1676 0.0508 -0.1235 -0.0437 -0.1229 0.0674 -0.0049 -0.0660 -0.0037 0.0247 0.0096 -0.0259 0.0011 0.0099 0.0119 -0.0117 0.0064 0.0079 -0.0037 -0.0080 -0.0089 0.0108 -0.0061 -0.0121 -0.0116 0.0210 0.1246 -0.0280 0.1219 0.0141 0.2920 -0.0318 0.2992 -0.0006 0.4241 -0.0236 0.4727 -0.0063 0.4341 -0.0248 0.4928 0.0009 0.4814 -0.0180 0.5379
10: 0.0022 -0.1809 0.0073 -0.1990 0.0108 -0.1998 0.0138 -0.2006 -0.0031 -0.1990 -0.0065 -0.1999 -0.0093 -0.2008 0.0186 -0.2014 -0.0139 -0.2029 0.0084 -0.1682 -0.0038 -0.1670 0.0504 -0.1251 -0.0444 -0.1231 0.0679 -0.0077 -0.0660 -0.0043 0.0250 0.0065 -0.0274 0.0011 0.0098 0.0112 -0.0144 0.0065 0.0075 -0.0045 -0.0107 -0.0090 0.0106 -0.0083 -0.0144 -0.0118 0.0216 0.1255 -0.0274 0.1225 0.0154 0.2921 -0.0303 0.3004 -0.0000 0.4208 -0.0226 0.4734 -0.0056 0.4290 -0.0245 0.4936 0.0015 0.4782 -0.0173 0.5397
11: 0.0005 -0.1827 0.0052 -0.2017 0.0087 -0.2030 0.0119 -0.2045 -0.0051 -0.2004 -0.0083 -0.2007 -0.0111 -0.2010 0.0171 -0.2056 -0.0157 -0.2022 0.0072 -0.1701 -0.0051 -0.1678 0.0502 -0.1267 -0.0455 -0.1229 0.0683 -0.0095 -0.0662 -0.0048 0.0253 0.0036 -0.0271 0.0013 0.0101 0.0087 -0.0139 0.0070 0.0079 -0.0083 -0.0102 -0.0089 0.0110 -0.0130 -0.0139 -0.0115 0.0220 0.1262 -0.0269 0.1234 0.0170 0.2915 -0.0295 0.3020 0.0004 0.4136 -0.0216 0.4724 -0.0051 0.4198 -0.0243 0.4919 0.0018 0.4739 -0.0167 0.5394
12: -0.0004 -0.1855 0.0041 -0.2047 0.0075 -0.2063 0.0107 -0.2080 -0.0061 -0.2028 -0.0092 -0.2027 -0.0121 -0.2027 0.0162 -0.2087 -0.0165 -0.2029 0.0064 -0.1730 -0.0058 -0.1707 0.0494 -0.1292 -0.0458 -0.1223 0.0688 -0.0115 -0.0662 -0.0042 0.0257 -0.0007 -0.0265 0.0000 0.0101 0.0046 -0.0133 0.0053 0.0079 -0.0126 -0.0094 -0.0105 0.0111 -0.0176 -0.0131 -0.0135 0.0227 0.1271 -0.0264 0.1243 0.0179 0.2923 -0.0287 0.3056 0.0018 0.4006 -0.0208 0.4739 -0.0036 0.4051 -0.0225 0.4934 0.0022 0.4648 -0.0167 0.5397
13: -0.0012 -0.1864 0.0032 -0.2055 0.0065 -0.2073 0.0099 -0.2092 -0.0067 -0.2036 -0.0097 -0.2036 -0.0124 -0.2036 0.0156 -0.2108 -0.0164 -0.2042 0.0057 -0.1745 -0.0063 -0.1729 0.0489 -0.1313 -0.0458 -0.1228 0.0691 -0.0136 -0.0667 -0.0049 0.0261 -0.0007 -0.0262 -0.0017 0.0105 0.0041 -0.0129 0.0040 0.0083 -0.0135 -0.0090 -0.0121 0.0115 -0.0185 -0.0127 -0.0157 0.0228 0.1284 -0.0261 0.1259 0.0189 0.2935 -0.0284 0.3083 0.0038 0.3897 -0.0207 0.4746 -0.0020 0.3930 -0.0220 0.4938 0.0047 0.4623 -0.0159 0.5390
14: -0.0016 -0.1880 0.0030 -0.2070 0.0064 -0.2090 0.0098 -0.2108 -0.0070 -0.2048 -0.0100 -0.2050 -0.0126 -0.2051 0.0155 -0.2119 -0.0166 -0.2056 0.0053 -0.1761 -0.0068 -0.1751 0.0487 -0.1325 -0.0461 -0.1239 0.0695 -0.0141 -0.0676 -0.0048 0.0266 -0.0036 -0.0263 -0.0034 0.0115 0.0028 -0.0124 0.0025 0.0091 -0.0152 -0.0085 -0.0144 0.0121 -0.0210 -0.0122 -0.0187 0.0232 0.1291 -0.0258 0.1272 0.0197 0.2949 -0.0279 0.3100 0.0059 0.3923 -0.0204 0.4731 -0.0002 0.3966 -0.0214 0.4912 0.0093 0.4660 -0.0151 0.5377
15: -0.0007 -0.1897 0.0040 -0.2087 0.0075 -0.2104 0.0108 -0.2119 -0.0060 -0.2067 -0.0093 -0.2072 -0.0120 -0.2076 0.0160 -0.2126 -0.0162 -0.2075 0.0059 -0.1773 -0.0062 -0.1769 0.0487 -0.1323 -0.0463 -0.1254 0.0695 -0.0137 -0.0689 -0.0058 0.0265 -0.0053 -0.0262 -0.0067 0.0115 0.0013 -0.0121 -0.0006 0.0091 -0.0170 -0.0082 -0.0179 0.0121 -0.0226 -0.0120 -0.0224 0.0234 0.1299 -0.0256 0.1276 0.0210 0.2959 -0.0276 0.3108 0.0075 0.4009 -0.0203 0.4661 0.0008 0.4073 -0.0212 0.4827 0.0152 0.4712 -0.0132 0.5350
16: -0.0001 -0.1897 0.0048 -0.2086 0.0082 -0.2102 0.0115 -0.2117 -0.0053 -0.2068 -0.0085 -0.2075 -0.0114 -0.2081 0.0165 -0.2124 -0.0160 -0.2082 0.0065 -0.1771 -0.0056 -0.1770 0.0485 -0.1325 -0.0465 -0.1266 0.0690 -0.0130 -0.0697 -0.0067 0.0260 -0.0057 -0.0263 -0.0084 0.0113 0.0002 -0.0120 -0.0019 0.0089 -0.0180 -0.0081 -0.0193 0.0118 -0.0235 -0.0119 -0.0241 0.0238 0.1308 -0.0256 0.1282 0.0222 0.2976 -0.0275 0.3118 0.0094 0.4115 -0.0204 0.4638 0.0031 0.4207 -0.0206 0.4797 0.0157 0.4849 -0.0131 0.5332
17: 0.0001 -0.1907 0.0049 -0.2094 0.0083 -0.2110 0.0116 -0.2126 -0.0051 -0.2076 -0.0084 -0.2082 -0.0114 -0.2089 0.0165 -0.2130 -0.0160 -0.2088 0.0065 -0.1780 -0.0055 -0.1781 0.0483 -0.1326 -0.0466 -0.1273 0.0686 -0.0135 -0.0704 -0.0071 0.0257 -0.0055 -0.0266 -0.0104 0.0111 -0.0000 -0.0123 -0.0035 0.0086 -0.0179 -0.0084 -0.0206 0.0115 -0.0233 -0.0121 -0.0255 0.0239 0.1313 -0.0258 0.1286 0.0230 0.3013 -0.0273 0.3122 0.0104 0.4326 -0.0204 0.4606 0.0038 0.4438 -0.0200 0.4739 0.0163 0.5056 -0.0136 0.5312
18: 0.0006 -0.1923 0.0053 -0.2112 0.0088 -0.2128 0.0117 -0.2142 -0.0047 -0.2095 -0.0081 -0.2101 -0.0113 -0.2107 0.0166 -0.2141 -0.0159 -0.2105 0.0069 -0.1793 -0.0051 -0.1795 0.0483 -0.1322 -0.0465 -0.1283 0.0685 -0.0134 -0.0708 -0.0073 0.0259 -0.0046 -0.0267 -0.0112 0.0116 0.0005 -0.0124 -0.0038 0.0091 -0.0169 -0.0084 -0.0208 0.0119 -0.0222 -0.0121 -0.0257 0.0243 0.1316 -0.0259 0.1291 0.0233 0.3043 -0.0264 0.3127 0.0125 0.4542 -0.0204 0.4620 0.0049 0.4715 -0.0191 0.4773 0.0199 0.5238 -0.0138 0.5305
19: 0.0016 -0.1924 0.0060 -0.2110 0.0093 -0.2125 0.0118 -0.2138 -0.0037 -0.2100 -0.0071 -0.2109 -0.0102 -0.2116 0.0165 -0.2133 -0.0158 -0.2112 0.0075 -0.1792 -0.0042 -0.1800 0.0481 -0.1319 -0.0467 -0.1289 0.0679 -0.0131 -0.0711 -0.0080 0.0255 -0.0040 -0.0271 -0.0107 0.0112 0.0012 -0.0126 -0.0032 0.0087 -0.0161 -0.0084 -0.0202 0.0115 -0.0214 -0.0122 -0.0250 0.0244 0.1316 -0.0260 0.1290 0.0234 0.3066 -0.0259 0.3124 0.0140 0.4689 -0.0207 0.4632 0.0056 0.4881 -0.0189 0.4793 0.0223 0.5342 -0.0144 0.5292
20: 0.0023 -0.1916 0.0068 -0.2105 0.0098 -0.2119 0.0124 -0.2132 -0.0027 -0.2097 -0.0060 -0.2104 -0.0091 -0.2109 0.0172 -0.2130 -0.0149 -0.2106 0.0080 -0.1788 -0.0033 -0.1792 0.0483 -0.1313 -0.0468 -0.1291 0.0672 -0.0126 -0.0717 -0.0080 0.0276 -0.0032 -0.0278 -0.0101 0.0130 0.0020 -0.0133 -0.0030 0.0108 -0.0150 -0.0090 -0.0197 0.0139 -0.0202 -0.0128 -0.0243 0.0246 0.1315 -0.0263 0.1288 0.0236 0.3079 -0.0259 0.3119 0.0145 0.4781 -0.0210 0.4637 0.0059 0.4988 -0.0192 0.4806 0.0217 0.5382 -0.0153 0.5264
21: 0.0043 -0.1892 0.0089 -0.2074 0.0117 -0.2084 0.0146 -0.2094 -0.0004 -0.2079 -0.0038 -0.2090 -0.0069 -0.2099 0.0193 -0.2099 -0.0136 -0.2103 0.0096 -0.1760 -0.0013 -0.1776 0.0488 -0.1303 -0.0463 -0.1291 0.0665 -0.0118 -0.0724 -0.0085 0.0298 -0.0022 -0.0282 -0.0095 0.0147 0.0028 -0.0136 -0.0020 0.0127 -0.0135 -0.0090 -0.0186 0.0159 -0.0184 -0.0127 -0.0234 0.0242 0.1312 -0.0268 0.1282 0.0228 0.3077 -0.0265 0.3105 0.0144 0.4827 -0.0217 0.4603 0.0061 0.5010 -0.0200 0.4765 0.0198 0.5393 -0.0175 0.5223
22: 0.0059 -0.1879 0.0108 -0.2049 0.0137 -0.2056 0.0166 -0.2061 0.0020 -0.2065 -0.0013 -0.2078 -0.0046 -0.2091 0.0213 -0.2062 -0.0117 -0.2098 0.0106 -0.1746 0.0004 -0.1772 0.0494 -0.1290 -0.0456 -0.1295 0.0659 -0.0115 -0.0720 -0.0099 0.0314 -0.0021 -0.0284 -0.0087 0.0169 0.0031 -0.0139 -0.0000 0.0148 -0.0134 -0.0092 -0.0171 0.0181 -0.0183 -0.0127 -0.0222 0.0237 0.1309 -0.0275 0.1277 0.0218 0.3091 -0.0272 0.3099 0.0136 0.4834 -0.0226 0.4549 0.0054 0.4996 -0.0207 0.4702 0.0180 0.5398 -0.0203 0.5157
23: 0.0076 -0.1891 0.0125 -0.2058 0.0155 -0.2060 0.0184 -0.2062 0.0038 -0.2078 0.0007 -0.2092 -0.0026 -0.2105 0.0231 -0.2051 -0.0100 -0.2108 0.0119 -0.1754 0.0022 -0.1786 0.0505 -0.1266 -0.0448 -0.1303 0.0652 -0.0115 -0.0717 -0.0115 0.0311 -0.0019 -0.0287 -0.0079 0.0167 0.0033 -0.0145 0.0019 0.0147 -0.0135 -0.0094 -0.0153 0.0180 -0.0180 -0.0128 -0.0203 0.0227 0.1304 -0.0283 0.1264 0.0202 0.3099 -0.0282 0.3085 0.0120 0.4825 -0.0241 0.4509 0.0041 0.4961 -0.0221 0.4652 0.0154 0.5407 -0.0220 0.5120
24: 0.0102 -0.1873 0.0154 -0.2030 0.0183 -0.2028 0.0213 -0.2027 0.0067 -0.2059 0.0033 -0.2076 -0.0002 -0.2092 0.0250 -0.2021 -0.0081 -0.2101 0.0140 -0.1736 0.0047 -0.1768 0.0510 -0.1255 -0.0438 -0.1306 0.0649 -0.0117 -0.0711 -0.0133 0.0307 0.0010 -0.0287 -0.0074 0.0167 0.0075 -0.0145 0.0034 0.0145 -0.0086 -0.0090 -0.0140 0.0177 -0.0132 -0.0123 -0.0191 0.0218 0.1301 -0.0291 0.1260 0.0187 0.3099 -0.0289 0.3073 0.0105 0.4824 -0.0257 0.4468 0.0027 0.4958 -0.0234 0.4604 0.0131 0.5413 -0.0240 0.5075
25: 0.0101 -0.1853 0.0153 -0.2014 0.0182 -0.2013 0.0213 -0.2013 0.0067 -0.2043 0.0034 -0.2062 0.0001 -0.2078 0.0254 -0.2012 -0.0068 -0.2090 0.0144 -0.1720 0.0052 -0.1752 0.0519 -0.1251 -0.0424 -0.1314 0.0648 -0.0108 -0.0697 -0.0156 0.0301 0.0026 -0.0293 -0.0070 0.0164 0.0092 -0.0154 0.0039 0.0142 -0.0068 -0.0096 -0.0135 0.0173 -0.0115 -0.0129 -0.0186 0.0207 0.1305 -0.0301 0.1259 0.0173 0.3107 -0.0302 0.3077 0.0091 0.4798 -0.0267 0.4441 0.0023 0.4932 -0.0239 0.4573 0.0100 0.5405 -0.0260 0.5051
26: 0.0089 -0.1836 0.0140 -0.1999 0.0170 -0.1999 0.0202 -0.2001 0.0056 -0.2026 0.0026 -0.2045 -0.0004 -0.2060 0.0254 -0.2005 -0.0056 -0.2078 0.0136 -0.1705 0.0047 -0.1738 0.0529 -0.1244 -0.0408 -0.1333 0.0649 -0.0095 -0.0692 -0.0176 0.0289 0.0037 -0.0285 -0.0070 0.0151 0.0098 -0.0140 0.0038 0.0131 -0.0062 -0.0089 -0.0138 0.0164 -0.0109 -0.0122 -0.0190 0.0193 0.1315 -0.0314 0.1265 0.0158 0.3131 -0.0317 0.3084 0.0075 0.4791 -0.0279 0.4441 0.0008 0.4929 -0.0251 0.4572 0.0082 0.5398 -0.0274 0.5052
27: 0.0102 -0.1831 0.0154 -0.1996 0.0186 -0.1998 0.0219 -0.2000 0.0068 -0.2022 0.0037 -0.2040 0.0007 -0.2055 0.0269 -0.2004 -0.0048 -0.2075 0.0149 -0.1703 0.0059 -0.1736 0.0540 -0.1243 -0.0400 -0.1347 0.0657 -0.0081 -0.0689 -0.0193 0.0288 0.0038 -0.0285 -0.0083 0.0154 0.0099 -0.0138 0.0025 0.0135 -0.0065 -0.0091 -0.0158 0.0168 -0.0114 -0.0124 -0.0211 0.0185 0.1323 -0.0323 0.1266 0.0151 0.3133 -0.0328 0.3085 0.0071 0.4783 -0.0284 0.4372 0.0006 0.4927 -0.0253 0.4471 0.0072 0.5386 -0.0283 0.5018
28: 0.0114 -0.1826 0.0167 -0.1989 0.0198 -0.1990 0.0230 -0.1993 0.0081 -0.2016 0.0050 -0.2035 0.0020 -0.2051 0.0279 -0.2000 -0.0039 -0.2075 0.0158 -0.1698 0.0068 -0.1732 0.0548 -0.1240 -0.0397 -0.1356 0.0663 -0.0069 -0.0688 -0.0200 0.0288 0.0038 -0.0283 -0.0094 0.0152 0.0098 -0.0130 0.0006 0.0134 -0.0068 -0.0086 -0.0180 0.0168 -0.0117 -0.0121 -0.0233 0.0179 0.1332 -0.0330 0.1265 0.0144 0.3132 -0.0339 0.3050 0.0066 0.4735 -0.0290 0.4241 0.0001 0.4843 -0.0252 0.4331 0.0059 0.5383 -0.0309 0.4923
29: 0.0115 -0.1828 0.0169 -0.1991 0.0201 -0.1992 0.0232 -0.1994 0.0082 -0.2018 0.0051 -0.2037 0.0021 -0.2052 0.0283 -0.1999 -0.0039 -0.2077 0.0160 -0.1698 0.0068 -0.1734 0.0551 -0.1240 -0.0393 -0.1360 0.0666 -0.0068 -0.0680 -0.0215 0.0295 0.0035 -0.0281 -0.0108 0.0157 0.0095 -0.0131 -0.0004 0.0141 -0.0072 -0.0085 -0.0191 0.0175 -0.0121 -0.0120 -0.0245 0.0175 0.1337 -0.0333 0.1262 0.0142 0.3128 -0.0346 0.2996 0.0062 0.4672 -0.0291 0.4133 -0.0003 0.4773 -0.0245 0.4227 0.0047 0.5346 -0.0330 0.4871
30: 0.0113 -0.1826 0.0166 -0.1988 0.0198 -0.1990 0.0230 -0.1992 0.0078 -0.2014 0.0047 -0.2032 0.0015 -0.2049 0.0282 -0.1997 -0.0045 -0.2074 0.0158 -0.1696 0.0064 -0.1731 0.0554 -0.1238 -0.0391 -0.1358 0.0667 -0.0064 -0.0674 -0.0220 0.0300 0.0029 -0.0282 -0.0110 0.0160 0.0088 -0.0135 -0.0004 0.0145 -0.0080 -0.0088 -0.0190 0.0178 -0.0134 -0.0123 -0.0246 0.0172 0.1340 -0.0336 0.1256 0.0139 0.3129 -0.0354 0.2962 0.0057 0.4618 -0.0293 0.4204 -0.0009 0.4725 -0.0246 0.4311 0.0044 0.5305 -0.0352 0.4906
31: 0.0111 -0.1820 0.0164 -0.1981 0.0195 -0.1984 0.0227 -0.1987 0.0076 -0.2005 0.0045 -0.2022 0.0013 -0.2038 0.0277 -0.1993 -0.0046 -0.2066 0.0157 -0.1690 0.0061 -0.1725 0.0556 -0.1234 -0.0391 -0.1354 0.0670 -0.0060 -0.0671 -0.0213 0.0299 0.0021 -0.0284 -0.0109 0.0157 0.0076 -0.0138 -0.0002 0.0141 -0.0095 -0.0091 -0.0186 0.0174 -0.0150 -0.0126 -0.0242 0.0171 0.1342 -0.0335 0.1244 0.0138 0.3126 -0.0358 0.2941 0.0051 0.4605 -0.0295 0.4226 -0.0012 0.4723 -0.0248 0.4379 0.0037 0.5266 -0.0361 0.4924
32: 0.0109 -0.1816 0.0162 -0.1981 0.0193 -0.1984 0.0224 -0.1988 0.0073 -0.2000 0.0041 -0.2015 0.0010 -0.2029 0.0273 -0.1993 -0.0049 -0.2055 0.0157 -0.1686 0.0059 -0.1712 0.0556 -0.1228 -0.0392 -0.1351 0.0670 -0.0056 -0.0669 -0.0211 0.0295 0.0024 -0.0286 -0.0110 0.0152 0.0076 -0.0140 -0.0003 0.0140 -0.0095 -0.0094 -0.0187 0.0172 -0.0149 -0.0128 -0.0242 0.0172 0.1340 -0.0335 0.1239 0.0138 0.3113 -0.0361 0.2932 0.0047 0.4580 -0.0296 0.4380 -0.0013 0.4702 -0.0250 0.4547 0.0035 0.5244 -0.0359 0.5063
33: 0.0105 -0.1803 0.0157 -0.1973 0.0188 -0.1979 0.0219 -0.1985 0.0068 -0.1986 0.0037 -0.2000 0.0006 -0.2012 0.0266 -0.1992 -0.0052 -0.2041 0.0153 -0.1676 0.0054 -0.1698 0.0553 -0.1225 -0.0392 -0.1345 0.0664 -0.0050 -0.0667 -0.0209 0.0276 0.0024 -0.0286 -0.0104 0.0123 0.0075 -0.0142 -0.0001 0.0108 -0.0095 -0.0096 -0.0183 0.0140 -0.0149 -0.0130 -0.0236 0.0172 0.1334 -0.0335 0.1235 0.0137 0.3092 -0.0365 0.2936 0.0042 0.4559 -0.0301 0.4526 -0.0018 0.4691 -0.0256 0.4698 0.0031 0.5191 -0.0361 0.5180
34: 0.0105 -0.1805 0.0158 -0.1975 0.0187 -0.1982 0.0219 -0.1988 0.0069 -0.1986 0.0037 -0.1999 0.0006 -0.2011 0.0264 -0.1990 -0.0055 -0.2034 0.0153 -0.1669 0.0052 -0.1690 0.0550 -0.1220 -0.0395 -0.1333 0.0664 -0.0048 -0.0667 -0.0211 0.0263 0.0017 -0.0284 -0.0091 0.0109 0.0064 -0.0142 0.0004 0.0089 -0.0105 -0.0096 -0.0171 0.0124 -0.0157 -0.0130 -0.0218 0.0177 0.1325 -0.0330 0.1229 0.0138 0.3078 -0.0366 0.2931 0.0038 0.4537 -0.0302 0.4655 -0.0022 0.4681 -0.0258 0.4859 0.0031 0.5139 -0.0360 0.5248
35: 0.0103 -0.1820 0.0155 -0.1991 0.0185 -0.1998 0.0217 -0.2004 0.0067 -0.2002 0.0035 -0.2015 0.0004 -0.2026 0.0262 -0.2001 -0.0058 -0.2043 0.0150 -0.1680 0.0051 -0.1699 0.0547 -0.1218 -0.0398 -0.1313 0.0663 -0.0057 -0.0670 -0.0200 0.0260 0.0022 -0.0284 -0.0063 0.0103 0.0058 -0.0143 0.0013 0.0083 -0.0108 -0.0098 -0.0155 0.0116 -0.0152 -0.0131 -0.0197 0.0179 0.1308 -0.0330 0.1222 0.0137 0.3045 -0.0368 0.2921 0.0035 0.4495 -0.0304 0.4701 -0.0023 0.4638 -0.0260 0.4906 0.0030 0.5088 -0.0354 0.5258
36: 0.0092 -0.1776 0.0145 -0.1953 0.0177 -0.1961 0.0206 -0.1969 0.0052 -0.1963 0.0018 -0.1976 -0.0011 -0.1987 0.0252 -0.1979 -0.0064 -0.2014 0.0144 -0.1639 0.0037 -0.1642 0.0545 -0.1220 -0.0398 -0.1293 0.0661 -0.0060 -0.0671 -0.0185 0.0246 0.0036 -0.0281 -0.0051 0.0089 0.0077 -0.0137 0.0023 0.0065 -0.0080 -0.0093 -0.0135 0.0096 -0.0120 -0.0128 -0.0173 0.0180 0.1295 -0.0327 0.1217 0.0138 0.3030 -0.0368 0.2934 0.0035 0.4446 -0.0305 0.4699 -0.0022 0.4581 -0.0262 0.4897 0.0031 0.5048 -0.0341 0.5262
37: 0.0088 -0.1762 0.0142 -0.1944 0.0174 -0.1955 0.0200 -0.1965 0.0042 -0.1946 0.0007 -0.1957 -0.0024 -0.1966 0.0240 -0.1976 -0.0081 -0.1997 0.0143 -0.1631 0.0026 -0.1626 0.0542 -0.1218 -0.0405 -0.1276 0.0666 -0.0069 -0.0668 -0.0154 0.0234 0.0067 -0.0272 0.0023 0.0082 0.0115 -0.0128 0.0079 0.0051 -0.0035 -0.0084 -0.0070 0.0082 -0.0062 -0.0122 -0.0091 0.0186 0.1280 -0.0322 0.1213 0.0143 0.3013 -0.0364 0.2962 0.0037 0.4391 -0.0303 0.4688 -0.0019 0.4517 -0.0268 0.4903 0.0035 0.5008 -0.0313 0.5251
38: 0.0066 -0.1771 0.0120 -0.1952 0.0154 -0.1963 0.0184 -0.1973 0.0020 -0.1949 -0.0014 -0.1957 -0.0047 -0.1966 0.0222 -0.1982 -0.0093 -0.1993 0.0127 -0.1643 0.0007 -0.1635 0.0529 -0.1222 -0.0411 -0.1258 0.0668 -0.0066 -0.0667 -0.0137 0.0241 0.0087 -0.0270 0.0033 0.0093 0.0136 -0.0135 0.0087 0.0062 -0.0009 -0.0085 -0.0059 0.0093 -0.0037 -0.0125 -0.0081 0.0193 0.1265 -0.0313 0.1216 0.0152 0.2983 -0.0355 0.2985 0.0044 0.4342 -0.0294 0.4690 -0.0012 0.4471 -0.0267 0.4910 0.0047 0.4941 -0.0280 0.5248
39: 0.0049 -0.1776 0.0105 -0.1959 0.0139 -0.1969 0.0171 -0.1978 0.0003 -0.1955 -0.0031 -0.1964 -0.0064 -0.1974 0.0208 -0.1987 -0.0102 -0.1999 0.0111 -0.1652 -0.0011 -0.1644 0.0520 -0.1225 -0.0419 -0.1240 0.0663 -0.0068 -0.0665 -0.0101 0.0234 0.0101 -0.0256 0.0047 0.0092 0.0144 -0.0119 0.0093 0.0063 0.0002 -0.0071 -0.0045 0.0090 -0.0024 -0.0111 -0.0064 0.0202 0.1251 -0.0304 0.1212 0.0163 0.2952 -0.0342 0.3004 0.0058 0.4309 -0.0279 0.4713 0.0001 0.4443 -0.0253 0.4943 0.0063 0.4895 -0.0265 0.5245
40: 0.0041 -0.1780 0.0095 -0.1965 0.0127 -0.1975 0.0157 -0.1984 -0.0006 -0.1961 -0.0040 -0.1970 -0.0069 -0.1980 0.0195 -0.1992 -0.0110 -0.2004 0.0100 -0.1657 -0.0018 -0.1646 0.0508 -0.1231 -0.0432 -0.1234 0.0672 -0.0075 -0.0651 -0.0091 0.0248 0.0092 -0.0251 0.0035 0.0105 0.0137 -0.0113 0.0089 0.0079 -0.0006 -0.0067 -0.0052 0.0106 -0.0036 -0.0110 -0.0076 0.0214 0.1247 -0.0290 0.1217 0.0178 0.2938 -0.0321 0.3012 0.0079 0.4272 -0.0254 0.4714 0.0024 0.4402 -0.0231 0.4939 0.0087 0.4851 -0.0230 0.5254
