1: -0.0044 -0.1946 0.0006 -0.2155 0.0043 -0.2169 0.0074 -0.2181 -0.0097 -0.2151 -0.0130 -0.2159 -0.0164 -0.2167 0.0134 -0.2192 -0.0196 -0.2165 0.0029 -0.1794 -0.0087 -0.1772 0.0487 -0.1276 -0.0491 -0.1285 0.0680 0.0121 -0.0679 0.0104 0.0255 -0.0096 -0.0351 -0.0094 0.0159 -0.0220 -0.0239 -0.0162 0.0156 -0.0400 -0.0233 -0.0344 0.0165 -0.0376 -0.0247 -0.0336 0.0238 0.1280 -0.0236 0.1280 0.0190 0.3219 -0.0153 0.3282 0.0109 0.4885 -0.0092 0.5236 0.0081 0.5173 -0.0046 0.5530 0.0147 0.5326 -0.0263 0.5590
2: -0.0052 -0.1943 0.0005 -0.2152 0.0042 -0.2166 0.0076 -0.2178 -0.0105 -0.2148 -0.0141 -0.2156 -0.0171 -0.2165 0.0136 -0.2187 -0.0197 -0.2162 0.0023 -0.1795 -0.0106 -0.1777 0.0484 -0.1273 -0.0503 -0.1286 0.0682 0.0124 -0.0679 0.0094 0.0284 -0.0078 -0.0375 -0.0116 0.0184 -0.0161 -0.0246 -0.0159 0.0179 -0.0346 -0.0241 -0.0349 0.0190 -0.0343 -0.0261 -0.0358 0.0250 0.1278 -0.0230 0.1283 0.0213 0.3183 -0.0148 0.3267 0.0117 0.4887 -0.0084 0.5229 0.0089 0.5143 -0.0037 0.5533 0.0154 0.5346 -0.0258 0.5616
3: -0.0067 -0.1937 -0.0003 -0.2144 0.0035 -0.2158 0.0070 -0.2170 -0.0119 -0.2140 -0.0153 -0.2150 -0.0183 -0.2158 0.0131 -0.2173 -0.0207 -0.2151 0.0009 -0.1800 -0.0126 -0.1786 0.0472 -0.1271 -0.0513 -0.1275 0.0682 0.0122 -0.0671 0.0101 0.0322 -0.0004 -0.0381 -0.0122 0.0223 -0.0045 -0.0249 -0.0156 0.0211 -0.0245 -0.0248 -0.0357 0.0220 -0.0264 -0.0270 -0.0370 0.0264 0.1262 -0.0224 0.1282 0.0231 0.3165 -0.0151 0.3265 0.0134 0.4895 -0.0072 0.5219 0.0107 0.5109 -0.0023 0.5529 0.0168 0.5368 -0.0242 0.5670
4: -0.0066 -0.1953 0.0001 -0.2162 0.0039 -0.2173 0.0074 -0.2184 -0.0117 -0.2160 -0.0151 -0.2170 -0.0183 -0.2178 0.0135 -0.2176 -0.0211 -0.2159 0.0010 -0.1822 -0.0127 -0.1814 0.0460 -0.1284 -0.0521 -0.1269 0.0656 0.0072 -0.0659 0.0102 0.0370 0.0129 -0.0381 -0.0171 0.0294 0.0128 -0.0244 -0.0223 0.0275 -0.0053 -0.0248 -0.0443 0.0284 -0.0074 -0.0274 -0.0451 0.0274 0.1261 -0.0213 0.1293 0.0258 0.3160 -0.0135 0.3268 0.0156 0.4789 -0.0056 0.5203 0.0129 0.4949 -0.0002 0.5501 0.0196 0.5363 -0.0227 0.5707
5: -0.0073 -0.1951 -0.0012 -0.2162 0.0028 -0.2172 0.0063 -0.2183 -0.0127 -0.2159 -0.0160 -0.2167 -0.0197 -0.2174 0.0126 -0.2176 -0.0227 -0.2156 0.0003 -0.1823 -0.0135 -0.1817 0.0448 -0.1290 -0.0524 -0.1267 0.0662 -0.0042 -0.0656 0.0080 0.0416 0.0289 -0.0381 -0.0261 0.0362 0.0407 -0.0244 -0.0345 0.0317 0.0218 -0.0247 -0.0552 0.0322 0.0179 -0.0271 -0.0548 0.0285 0.1246 -0.0210 0.1310 0.0287 0.3146 -0.0129 0.3281 0.0188 0.4682 -0.0038 0.5208 0.0162 0.4821 0.0021 0.5500 0.0224 0.5323 -0.0205 0.5738
6: -0.0085 -0.1984 -0.0022 -0.2199 0.0016 -0.2205 0.0050 -0.2210 -0.0135 -0.2194 -0.0170 -0.2198 -0.0208 -0.2202 0.0113 -0.2191 -0.0241 -0.2190 -0.0008 -0.1843 -0.0147 -0.1841 0.0432 -0.1293 -0.0527 -0.1284 0.0645 -0.0058 -0.0651 0.0047 0.0445 0.0544 -0.0365 -0.0399 0.0400 0.0762 -0.0232 -0.0516 0.0338 0.0614 -0.0234 -0.0722 0.0341 0.0538 -0.0254 -0.0706 0.0298 0.1250 -0.0204 0.1328 0.0319 0.3166 -0.0127 0.3295 0.0214 0.4614 -0.0023 0.5195 0.0191 0.4729 0.0041 0.5484 0.0247 0.5306 -0.0191 0.5763
7: -0.0079 -0.2024 -0.0019 -0.2235 0.0016 -0.2238 0.0051 -0.2241 -0.0132 -0.2229 -0.0169 -0.2230 -0.0206 -0.2232 0.0108 -0.2212 -0.0247 -0.2214 -0.0001 -0.1869 -0.0144 -0.1871 0.0424 -0.1297 -0.0532 -0.1299 0.0626 -0.0087 -0.0639 0.0000 0.0483 0.0679 -0.0350 -0.0540 0.0461 0.0963 -0.0212 -0.0663 0.0371 0.0862 -0.0213 -0.0864 0.0366 0.0777 -0.0234 -0.0855 0.0308 0.1260 -0.0199 0.1335 0.0337 0.3176 -0.0113 0.3316 0.0245 0.4567 -0.0006 0.5185 0.0221 0.4680 0.0060 0.5467 0.0281 0.5298 -0.0169 0.5784
8: -0.0063 -0.2025 -0.0009 -0.2224 0.0025 -0.2227 0.0059 -0.2229 -0.0118 -0.2216 -0.0155 -0.2215 -0.0192 -0.2215 0.0105 -0.2195 -0.0239 -0.2187 0.0008 -0.1864 -0.0132 -0.1859 0.0412 -0.1276 -0.0529 -0.1295 0.0603 -0.0060 -0.0633 -0.0042 0.0539 0.0850 -0.0329 -0.0581 0.0542 0.1229 -0.0193 -0.0714 0.0441 0.1181 -0.0194 -0.0897 0.0418 0.1067 -0.0215 -0.0884 0.0309 0.1240 -0.0195 0.1333 0.0351 0.3198 -0.0103 0.3343 0.0262 0.4561 0.0005 0.5211 0.0237 0.4682 0.0076 0.5490 0.0306 0.5321 -0.0150 0.5845
9: -0.0052 -0.2030 -0.0001 -0.2229 0.0032 -0.2234 0.0064 -0.2238 -0.0107 -0.2225 -0.0145 -0.2227 -0.0181 -0.2227 0.0101 -0.2198 -0.0233 -0.2188 0.0011 -0.1870 -0.0125 -0.1869 0.0402 -0.1291 -0.0525 -0.1315 0.0586 -0.0061 -0.0616 -0.0172 0.0581 0.0991 -0.0311 -0.0730 0.0592 0.1364 -0.0177 -0.0852 0.0504 0.1316 -0.0176 -0.1014 0.0479 0.1206 -0.0198 -0.0992 0.0315 0.1262 -0.0193 0.1345 0.0365 0.3217 -0.0094 0.3351 0.0277 0.4531 0.0017 0.5192 0.0250 0.4642 0.0091 0.5454 0.0337 0.5301 -0.0120 0.5858
10: -0.0045 -0.2018 0.0008 -0.2222 0.0041 -0.2231 0.0072 -0.2236 -0.0098 -0.2211 -0.0138 -0.2214 -0.0175 -0.2215 0.0104 -0.2194 -0.0228 -0.2171 0.0020 -0.1864 -0.0118 -0.1855 0.0398 -0.1271 -0.0516 -0.1324 0.0570 -0.0035 -0.0576 -0.0262 0.0627 0.1056 -0.0267 -0.0852 0.0655 0.1427 -0.0126 -0.0997 0.0574 0.1387 -0.0123 -0.1147 0.0543 0.1282 -0.0156 -0.1113 0.0317 0.1261 -0.0197 0.1333 0.0376 0.3203 -0.0083 0.3365 0.0292 0.4575 0.0029 0.5178 0.0263 0.4699 0.0104 0.5422 0.0362 0.5336 -0.0086 0.5867
11: -0.0048 -0.2066 0.0003 -0.2263 0.0035 -0.2270 0.0065 -0.2273 -0.0099 -0.2255 -0.0138 -0.2256 -0.0174 -0.2256 0.0096 -0.2221 -0.0227 -0.2199 0.0022 -0.1909 -0.0116 -0.1900 0.0393 -0.1268 -0.0507 -0.1333 0.0557 -0.0025 -0.0534 -0.0409 0.0641 0.1142 -0.0225 -0.0996 0.0681 0.1499 -0.0070 -0.1141 0.0604 0.1471 -0.0070 -0.1275 0.0572 0.1368 -0.0115 -0.1238 0.0315 0.1270 -0.0200 0.1332 0.0378 0.3189 -0.0089 0.3366 0.0299 0.4621 0.0036 0.5147 0.0269 0.4762 0.0110 0.5384 0.0381 0.5360 -0.0080 0.5841
12: -0.0036 -0.2090 0.0013 -0.2284 0.0044 -0.2288 0.0070 -0.2291 -0.0089 -0.2279 -0.0127 -0.2280 -0.0164 -0.2280 0.0097 -0.2236 -0.0221 -0.2216 0.0034 -0.1927 -0.0103 -0.1916 0.0385 -0.1268 -0.0498 -0.1343 0.0524 -0.0029 -0.0483 -0.0510 0.0660 0.1168 -0.0179 -0.1152 0.0716 0.1540 -0.0018 -0.1313 0.0636 0.1507 -0.0029 -0.1448 0.0600 0.1404 -0.0074 -0.1412 0.0311 0.1277 -0.0199 0.1332 0.0380 0.3201 -0.0093 0.3384 0.0299 0.4709 0.0047 0.5148 0.0271 0.4885 0.0122 0.5395 0.0385 0.5469 -0.0081 0.5831
13: -0.0024 -0.2083 0.0021 -0.2281 0.0052 -0.2287 0.0077 -0.2292 -0.0080 -0.2275 -0.0117 -0.2277 -0.0154 -0.2278 0.0103 -0.2240 -0.0215 -0.2214 0.0046 -0.1923 -0.0091 -0.1911 0.0390 -0.1272 -0.0494 -0.1335 0.0537 -0.0023 -0.0467 -0.0591 0.0684 0.1168 -0.0136 -0.1250 0.0744 0.1553 0.0029 -0.1421 0.0679 0.1532 0.0009 -0.1545 0.0640 0.1418 -0.0037 -0.1509 0.0303 0.1278 -0.0197 0.1332 0.0378 0.3198 -0.0094 0.3383 0.0304 0.4892 0.0054 0.5125 0.0276 0.5101 0.0114 0.5337 0.0393 0.5611 -0.0068 0.5803
14: -0.0022 -0.2088 0.0021 -0.2282 0.0052 -0.2288 0.0078 -0.2293 -0.0082 -0.2276 -0.0120 -0.2279 -0.0156 -0.2279 0.0104 -0.2239 -0.0216 -0.2214 0.0045 -0.1921 -0.0082 -0.1911 0.0387 -0.1260 -0.0493 -0.1334 0.0541 -0.0022 -0.0469 -0.0791 0.0708 0.1212 -0.0128 -0.1339 0.0767 0.1613 0.0029 -0.1522 0.0706 0.1603 0.0012 -0.1641 0.0667 0.1488 -0.0032 -0.1598 0.0302 0.1271 -0.0197 0.1325 0.0364 0.3195 -0.0095 0.3377 0.0288 0.5036 0.0064 0.5127 0.0272 0.5282 0.0115 0.5353 0.0359 0.5661 -0.0072 0.5778
15: -0.0003 -0.2090 0.0025 -0.2279 0.0053 -0.2286 0.0078 -0.2291 -0.0071 -0.2273 -0.0110 -0.2276 -0.0146 -0.2277 0.0107 -0.2240 -0.0215 -0.2218 0.0058 -0.1919 -0.0059 -0.1909 0.0386 -0.1237 -0.0486 -0.1330 0.0541 -0.0011 -0.0475 -0.0925 0.0706 0.1223 -0.0120 -0.1439 0.0760 0.1616 0.0030 -0.1612 0.0700 0.1609 0.0021 -0.1717 0.0663 0.1494 -0.0019 -0.1674 0.0296 0.1256 -0.0197 0.1312 0.0343 0.3199 -0.0108 0.3370 0.0253 0.5163 0.0071 0.5129 0.0236 0.5443 0.0114 0.5359 0.0347 0.5700 -0.0055 0.5718
16: 0.0013 -0.2102 0.0031 -0.2283 0.0058 -0.2289 0.0084 -0.2295 -0.0060 -0.2276 -0.0099 -0.2278 -0.0134 -0.2279 0.0110 -0.2246 -0.0213 -0.2219 0.0076 -0.1924 -0.0039 -0.1912 0.0388 -0.1211 -0.0478 -0.1332 0.0537 0.0017 -0.0490 -0.0965 0.0700 0.1239 -0.0095 -0.1532 0.0752 0.1633 0.0053 -0.1706 0.0696 0.1627 0.0051 -0.1798 0.0661 0.1511 0.0011 -0.1756 0.0285 0.1247 -0.0195 0.1295 0.0328 0.3195 -0.0117 0.3360 0.0228 0.5205 0.0066 0.5113 0.0199 0.5516 0.0095 0.5357 0.0349 0.5704 -0.0021 0.5646
17: 0.0023 -0.2125 0.0039 -0.2308 0.0065 -0.2315 0.0090 -0.2321 -0.0050 -0.2302 -0.0089 -0.2302 -0.0123 -0.2300 0.0109 -0.2246 -0.0204 -0.2214 0.0086 -0.1949 -0.0027 -0.1938 0.0388 -0.1185 -0.0458 -0.1325 0.0538 0.0044 -0.0493 -0.1017 0.0693 0.1237 -0.0086 -0.1575 0.0746 0.1636 0.0055 -0.1766 0.0689 0.1641 0.0053 -0.1842 0.0655 0.1524 0.0015 -0.1795 0.0272 0.1243 -0.0202 0.1268 0.0306 0.3181 -0.0131 0.3333 0.0211 0.5176 0.0059 0.5079 0.0183 0.5485 0.0081 0.5331 0.0341 0.5666 -0.0023 0.5607
18: 0.0050 -0.2145 0.0058 -0.2328 0.0081 -0.2334 0.0103 -0.2339 -0.0028 -0.2322 -0.0066 -0.2320 -0.0102 -0.2315 0.0108 -0.2247 -0.0187 -0.2211 0.0101 -0.1970 -0.0006 -0.1952 0.0388 -0.1177 -0.0446 -0.1327 0.0538 0.0064 -0.0497 -0.1064 0.0687 0.1231 -0.0078 -0.1628 0.0735 0.1626 0.0055 -0.1821 0.0682 0.1633 0.0055 -0.1889 0.0648 0.1510 0.0018 -0.1843 0.0264 0.1251 -0.0207 0.1252 0.0287 0.3172 -0.0135 0.3306 0.0190 0.5145 0.0054 0.5048 0.0153 0.5461 0.0068 0.5311 0.0331 0.5629 -0.0006 0.5563
19: 0.0048 -0.2155 0.0061 -0.2334 0.0084 -0.2340 0.0107 -0.2346 -0.0025 -0.2326 -0.0061 -0.2325 -0.0097 -0.2321 0.0111 -0.2241 -0.0174 -0.2213 0.0100 -0.1975 -0.0008 -0.1958 0.0387 -0.1166 -0.0439 -0.1330 0.0532 0.0080 -0.0500 -0.1083 0.0678 0.1221 -0.0070 -0.1648 0.0728 0.1618 0.0058 -0.1840 0.0675 0.1621 0.0060 -0.1909 0.0641 0.1494 0.0022 -0.1861 0.0264 0.1252 -0.0209 0.1245 0.0273 0.3176 -0.0142 0.3292 0.0173 0.5166 0.0045 0.5017 0.0127 0.5492 0.0054 0.5293 0.0319 0.5624 -0.0013 0.5514
20: 0.0078 -0.2169 0.0087 -0.2345 0.0110 -0.2352 0.0135 -0.2356 0.0000 -0.2337 -0.0037 -0.2336 -0.0076 -0.2332 0.0126 -0.2243 -0.0161 -0.2222 0.0120 -0.1986 0.0010 -0.1969 0.0389 -0.1156 -0.0432 -0.1342 0.0526 0.0109 -0.0506 -0.1084 0.0663 0.1221 -0.0069 -0.1674 0.0713 0.1629 0.0058 -0.1869 0.0665 0.1627 0.0062 -0.1934 0.0630 0.1498 0.0022 -0.1881 0.0257 0.1260 -0.0216 0.1238 0.0264 0.3194 -0.0149 0.3280 0.0160 0.5191 0.0035 0.4988 0.0112 0.5508 0.0045 0.5240 0.0309 0.5634 -0.0024 0.5477
21: 0.0100 -0.2182 0.0110 -0.2354 0.0135 -0.2362 0.0161 -0.2364 0.0024 -0.2345 -0.0014 -0.2344 -0.0053 -0.2340 0.0151 -0.2243 -0.0143 -0.2230 0.0140 -0.1994 0.0028 -0.1977 0.0393 -0.1147 -0.0425 -0.1351 0.0521 0.0108 -0.0504 -0.1085 0.0656 0.1215 -0.0070 -0.1695 0.0704 0.1627 0.0062 -0.1894 0.0653 0.1622 0.0067 -0.1956 0.0620 0.1492 0.0027 -0.1902 0.0253 0.1263 -0.0222 0.1237 0.0262 0.3216 -0.0156 0.3278 0.0159 0.5192 0.0020 0.4938 0.0115 0.5486 0.0034 0.5182 0.0289 0.5704 -0.0048 0.5434
22: 0.0123 -0.2189 0.0133 -0.2354 0.0158 -0.2361 0.0182 -0.2365 0.0049 -0.2348 0.0009 -0.2348 -0.0030 -0.2345 0.0164 -0.2244 -0.0122 -0.2238 0.0158 -0.1999 0.0050 -0.1982 0.0389 -0.1144 -0.0413 -0.1354 0.0511 0.0102 -0.0497 -0.1108 0.0645 0.1217 -0.0072 -0.1699 0.0691 0.1635 0.0059 -0.1903 0.0639 0.1640 0.0067 -0.1963 0.0608 0.1506 0.0027 -0.1905 0.0249 0.1264 -0.0223 0.1235 0.0252 0.3278 -0.0168 0.3283 0.0152 0.5193 -0.0013 0.4882 0.0109 0.5461 0.0011 0.5099 0.0276 0.5753 -0.0081 0.5417
23: 0.0133 -0.2212 0.0152 -0.2361 0.0178 -0.2363 0.0201 -0.2363 0.0063 -0.2364 0.0022 -0.2366 -0.0020 -0.2366 0.0187 -0.2243 -0.0114 -0.2257 0.0174 -0.2016 0.0061 -0.2006 0.0395 -0.1147 -0.0404 -0.1359 0.0527 0.0112 -0.0497 -0.1123 0.0649 0.1209 -0.0083 -0.1725 0.0694 0.1622 0.0047 -0.1939 0.0642 0.1625 0.0055 -0.2004 0.0608 0.1495 0.0016 -0.1937 0.0244 0.1271 -0.0236 0.1236 0.0240 0.3297 -0.0181 0.3281 0.0141 0.5178 -0.0057 0.4810 0.0097 0.5441 -0.0033 0.5006 0.0259 0.5753 -0.0099 0.5364
24: 0.0149 -0.2219 0.0162 -0.2367 0.0185 -0.2368 0.0207 -0.2366 0.0074 -0.2374 0.0034 -0.2376 -0.0008 -0.2376 0.0188 -0.2248 -0.0103 -0.2269 0.0184 -0.2021 0.0075 -0.2011 0.0405 -0.1153 -0.0403 -0.1371 0.0556 0.0106 -0.0478 -0.1112 0.0673 0.1212 -0.0084 -0.1732 0.0714 0.1613 0.0039 -0.1956 0.0660 0.1614 0.0046 -0.2016 0.0623 0.1490 0.0009 -0.1945 0.0242 0.1286 -0.0245 0.1237 0.0232 0.3302 -0.0203 0.3271 0.0133 0.5171 -0.0116 0.4623 0.0087 0.5400 -0.0081 0.4802 0.0229 0.5741 -0.0120 0.5300
25: 0.0167 -0.2242 0.0171 -0.2390 0.0193 -0.2388 0.0213 -0.2386 0.0086 -0.2396 0.0046 -0.2396 0.0002 -0.2395 0.0188 -0.2270 -0.0096 -0.2287 0.0200 -0.2043 0.0092 -0.2030 0.0417 -0.1168 -0.0402 -0.1387 0.0569 0.0086 -0.0473 -0.1132 0.0674 0.1187 -0.0086 -0.1771 0.0716 0.1587 0.0032 -0.2005 0.0656 0.1581 0.0038 -0.2071 0.0618 0.1459 0.0002 -0.1993 0.0240 0.1304 -0.0254 0.1252 0.0224 0.3308 -0.0213 0.3260 0.0122 0.5119 -0.0136 0.4550 0.0069 0.5327 -0.0108 0.4679 0.0204 0.5717 -0.0140 0.5245
26: 0.0154 -0.2280 0.0159 -0.2421 0.0181 -0.2416 0.0201 -0.2410 0.0076 -0.2427 0.0038 -0.2424 -0.0000 -0.2420 0.0175 -0.2294 -0.0089 -0.2307 0.0185 -0.2077 0.0078 -0.2070 0.0422 -0.1184 -0.0402 -0.1398 0.0578 0.0065 -0.0453 -0.1127 0.0694 0.1177 -0.0093 -0.1814 0.0731 0.1577 0.0021 -0.2094 0.0678 0.1569 0.0027 -0.2176 0.0638 0.1451 -0.0009 -0.2066 0.0244 0.1316 -0.0262 0.1267 0.0215 0.3307 -0.0221 0.3253 0.0113 0.5093 -0.0142 0.4424 0.0061 0.5280 -0.0114 0.4497 0.0187 0.5703 -0.0155 0.5180
27: 0.0156 -0.2294 0.0158 -0.2433 0.0180 -0.2426 0.0200 -0.2419 0.0078 -0.2439 0.0040 -0.2435 0.0004 -0.2429 0.0170 -0.2309 -0.0085 -0.2317 0.0185 -0.2093 0.0079 -0.2086 0.0421 -0.1195 -0.0406 -0.1409 0.0583 0.0055 -0.0449 -0.1128 0.0727 0.1161 -0.0098 -0.1834 0.0762 0.1555 0.0013 -0.2129 0.0719 0.1543 0.0020 -0.2224 0.0682 0.1433 -0.0017 -0.2106 0.0249 0.1325 -0.0264 0.1281 0.0218 0.3305 -0.0215 0.3252 0.0109 0.5060 -0.0150 0.4444 0.0055 0.5247 -0.0129 0.4548 0.0183 0.5699 -0.0168 0.5176
28: 0.0159 -0.2333 0.0157 -0.2472 0.0179 -0.2463 0.0200 -0.2452 0.0081 -0.2476 0.0044 -0.2469 0.0007 -0.2459 0.0167 -0.2341 -0.0087 -0.2341 0.0187 -0.2119 0.0087 -0.2117 0.0415 -0.1199 -0.0409 -0.1416 0.0581 0.0057 -0.0448 -0.1133 0.0751 0.1160 -0.0103 -0.1880 0.0794 0.1539 0.0007 -0.2185 0.0769 0.1535 0.0013 -0.2289 0.0735 0.1433 -0.0023 -0.2167 0.0254 0.1328 -0.0259 0.1285 0.0218 0.3304 -0.0196 0.3249 0.0105 0.5031 -0.0155 0.4502 0.0050 0.5221 -0.0139 0.4627 0.0179 0.5698 -0.0189 0.5207
29: 0.0138 -0.2361 0.0140 -0.2498 0.0162 -0.2490 0.0183 -0.2479 0.0061 -0.2492 0.0025 -0.2481 -0.0011 -0.2467 0.0155 -0.2358 -0.0101 -0.2348 0.0169 -0.2134 0.0067 -0.2129 0.0410 -0.1217 -0.0412 -0.1425 0.0578 0.0045 -0.0460 -0.1159 0.0766 0.1095 -0.0092 -0.1941 0.0816 0.1434 0.0018 -0.2219 0.0790 0.1436 0.0013 -0.2328 0.0754 0.1341 -0.0020 -0.2216 0.0255 0.1343 -0.0252 0.1298 0.0212 0.3304 -0.0193 0.3232 0.0095 0.5045 -0.0163 0.4533 0.0039 0.5237 -0.0149 0.4645 0.0168 0.5711 -0.0218 0.5288
30: 0.0140 -0.2367 0.0139 -0.2512 0.0159 -0.2504 0.0179 -0.2492 0.0063 -0.2506 0.0027 -0.2495 -0.0009 -0.2481 0.0148 -0.2367 -0.0104 -0.2364 0.0162 -0.2134 0.0062 -0.2126 0.0407 -0.1235 -0.0417 -0.1435 0.0586 0.0013 -0.0463 -0.1150 0.0788 0.1062 -0.0094 -0.1956 0.0839 0.1385 0.0014 -0.2240 0.0812 0.1389 0.0007 -0.2350 0.0774 0.1293 -0.0025 -0.2239 0.0260 0.1359 -0.0249 0.1311 0.0212 0.3300 -0.0184 0.3231 0.0097 0.5062 -0.0166 0.4695 0.0046 0.5259 -0.0152 0.4877 0.0171 0.5726 -0.0225 0.5431
31: 0.0141 -0.2339 0.0141 -0.2493 0.0159 -0.2483 0.0177 -0.2471 0.0067 -0.2494 0.0031 -0.2486 -0.0004 -0.2476 0.0146 -0.2351 -0.0101 -0.2367 0.0157 -0.2112 0.0058 -0.2104 0.0405 -0.1235 -0.0419 -0.1446 0.0596 0.0015 -0.0464 -0.1127 0.0801 0.1074 -0.0097 -0.1999 0.0854 0.1389 0.0011 -0.2301 0.0828 0.1395 0.0005 -0.2406 0.0789 0.1301 -0.0028 -0.2295 0.0263 0.1366 -0.0247 0.1317 0.0211 0.3293 -0.0172 0.3226 0.0099 0.5084 -0.0166 0.4894 0.0053 0.5286 -0.0150 0.5116 0.0181 0.5743 -0.0224 0.5575
32: 0.0130 -0.2319 0.0136 -0.2474 0.0153 -0.2465 0.0169 -0.2454 0.0059 -0.2479 0.0023 -0.2474 -0.0011 -0.2468 0.0135 -0.2339 -0.0101 -0.2368 0.0140 -0.2095 0.0049 -0.2087 0.0400 -0.1239 -0.0423 -0.1445 0.0597 0.0025 -0.0477 -0.1124 0.0801 0.1086 -0.0103 -0.2057 0.0859 0.1399 0.0007 -0.2369 0.0840 0.1407 0.0002 -0.2466 0.0801 0.1313 -0.0030 -0.2362 0.0267 0.1361 -0.0245 0.1323 0.0207 0.3290 -0.0172 0.3235 0.0095 0.5075 -0.0152 0.5055 0.0059 0.5291 -0.0136 0.5308 0.0177 0.5729 -0.0227 0.5675
33: 0.0119 -0.2280 0.0130 -0.2454 0.0148 -0.2447 0.0166 -0.2439 0.0052 -0.2472 0.0016 -0.2461 -0.0018 -0.2454 0.0142 -0.2328 -0.0107 -0.2369 0.0132 -0.2086 0.0037 -0.2076 0.0394 -0.1233 -0.0427 -0.1447 0.0595 0.0034 -0.0483 -0.1136 0.0797 0.1097 -0.0109 -0.2142 0.0857 0.1416 -0.0006 -0.2461 0.0839 0.1423 -0.0009 -0.2535 0.0798 0.1328 -0.0038 -0.2430 0.0269 0.1358 -0.0238 0.1324 0.0202 0.3297 -0.0170 0.3245 0.0085 0.5082 -0.0146 0.5124 0.0054 0.5305 -0.0130 0.5396 0.0169 0.5705 -0.0226 0.5708
34: 0.0080 -0.2226 0.0122 -0.2409 0.0142 -0.2407 0.0160 -0.2405 0.0039 -0.2437 0.0003 -0.2443 -0.0031 -0.2449 0.0156 -0.2320 -0.0116 -0.2364 0.0111 -0.2068 0.0004 -0.2065 0.0391 -0.1231 -0.0432 -0.1447 0.0592 0.0037 -0.0492 -0.1153 0.0793 0.1102 -0.0115 -0.2195 0.0854 0.1424 -0.0011 -0.2509 0.0834 0.1430 -0.0015 -0.2581 0.0793 0.1335 -0.0044 -0.2475 0.0272 0.1354 -0.0231 0.1325 0.0197 0.3299 -0.0172 0.3248 0.0077 0.5079 -0.0136 0.5142 0.0046 0.5313 -0.0125 0.5435 0.0164 0.5673 -0.0211 0.5704
35: 0.0056 -0.2180 0.0112 -0.2361 0.0135 -0.2364 0.0152 -0.2368 0.0025 -0.2386 -0.0011 -0.2402 -0.0047 -0.2418 0.0163 -0.2303 -0.0136 -0.2359 0.0095 -0.2042 -0.0017 -0.2044 0.0385 -0.1231 -0.0438 -0.1446 0.0587 0.0047 -0.0502 -0.1161 0.0783 0.1114 -0.0126 -0.2241 0.0839 0.1426 -0.0025 -0.2569 0.0823 0.1432 -0.0028 -0.2639 0.0784 0.1333 -0.0056 -0.2517 0.0276 0.1352 -0.0223 0.1326 0.0190 0.3297 -0.0176 0.3257 0.0064 0.5056 -0.0132 0.5141 0.0035 0.5310 -0.0123 0.5448 0.0155 0.5654 -0.0199 0.5717
36: 0.0043 -0.2175 0.0105 -0.2351 0.0130 -0.2354 0.0149 -0.2358 0.0016 -0.2376 -0.0021 -0.2395 -0.0058 -0.2416 0.0161 -0.2298 -0.0150 -0.2370 0.0086 -0.2041 -0.0031 -0.2043 0.0383 -0.1242 -0.0439 -0.1453 0.0583 0.0036 -0.0516 -0.1179 0.0775 0.1104 -0.0130 -0.2276 0.0830 0.1416 -0.0028 -0.2602 0.0812 0.1421 -0.0030 -0.2676 0.0773 0.1323 -0.0058 -0.2550 0.0277 0.1353 -0.0221 0.1342 0.0188 0.3285 -0.0174 0.3261 0.0062 0.4997 -0.0118 0.5108 0.0033 0.5259 -0.0112 0.5402 0.0154 0.5617 -0.0148 0.5700
37: 0.0037 -0.2187 0.0101 -0.2363 0.0127 -0.2366 0.0148 -0.2371 0.0010 -0.2384 -0.0027 -0.2404 -0.0064 -0.2427 0.0159 -0.2311 -0.0159 -0.2389 0.0080 -0.2053 -0.0038 -0.2053 0.0382 -0.1259 -0.0440 -0.1452 0.0582 0.0022 -0.0528 -0.1205 0.0770 0.1101 -0.0134 -0.2351 0.0824 0.1414 -0.0031 -0.2670 0.0806 0.1420 -0.0032 -0.2745 0.0768 0.1323 -0.0060 -0.2615 0.0279 0.1350 -0.0222 0.1359 0.0188 0.3276 -0.0173 0.3308 0.0063 0.4938 -0.0107 0.5128 0.0038 0.5189 -0.0090 0.5407 0.0156 0.5574 -0.0130 0.5723
38: 0.0034 -0.2187 0.0096 -0.2364 0.0122 -0.2368 0.0144 -0.2373 0.0006 -0.2384 -0.0032 -0.2404 -0.0069 -0.2428 0.0161 -0.2314 -0.0165 -0.2394 0.0076 -0.2053 -0.0042 -0.2052 0.0379 -0.1264 -0.0439 -0.1449 0.0574 0.0023 -0.0542 -0.1207 0.0771 0.1116 -0.0135 -0.2353 0.0824 0.1442 -0.0030 -0.2676 0.0805 0.1445 -0.0030 -0.2751 0.0766 0.1348 -0.0058 -0.2618 0.0281 0.1352 -0.0221 0.1362 0.0191 0.3281 -0.0170 0.3331 0.0067 0.4928 -0.0095 0.5148 0.0042 0.5178 -0.0074 0.5426 0.0166 0.5548 -0.0125 0.5729
39: 0.0028 -0.2193 0.0088 -0.2369 0.0114 -0.2372 0.0138 -0.2379 -0.0002 -0.2389 -0.0040 -0.2411 -0.0076 -0.2435 0.0160 -0.2321 -0.0171 -0.2398 0.0069 -0.2058 -0.0047 -0.2056 0.0374 -0.1267 -0.0445 -0.1452 0.0564 0.0027 -0.0546 -0.1209 0.0770 0.1142 -0.0133 -0.2332 0.0821 0.1482 -0.0027 -0.2665 0.0802 0.1483 -0.0026 -0.2732 0.0764 0.1384 -0.0056 -0.2602 0.0287 0.1352 -0.0217 0.1364 0.0202 0.3286 -0.0164 0.3346 0.0079 0.4906 -0.0084 0.5168 0.0053 0.5145 -0.0060 0.5431 0.0207 0.5516 -0.0117 0.5780
40: 0.0032 -0.2195 0.0086 -0.2379 0.0110 -0.2384 0.0133 -0.2391 -0.0001 -0.2402 -0.0038 -0.2424 -0.0073 -0.2448 0.0142 -0.2336 -0.0170 -0.2409 0.0069 -0.2063 -0.0043 -0.2060 0.0366 -0.1265 -0.0458 -0.1452 0.0544 0.0029 -0.0539 -0.1206 0.0748 0.1155 -0.0122 -0.2306 0.0799 0.1507 -0.0015 -0.2635 0.0784 0.1506 -0.0014 -0.2703 0.0743 0.1399 -0.0048 -0.2576 0.0297 0.1353 -0.0207 0.1364 0.0221 0.3284 -0.0151 0.3344 0.0099 0.4840 -0.0070 0.5172 0.0070 0.5066 -0.0045 0.5424 0.0238 0.5475 -0.0107 0.5827
