1: -0.0128 -0.2381 -0.0072 -0.2553 -0.0041 -0.2550 -0.0004 -0.2546 -0.0187 -0.2544 -0.0229 -0.2534 -0.0261 -0.2525 0.0061 -0.2442 -0.0302 -0.2400 -0.0048 -0.2196 -0.0184 -0.2171 0.0427 -0.1361 -0.0518 -0.1188 0.0626 -0.0056 -0.0598 0.0224 0.0731 0.1175 -0.0551 0.1310 0.0769 0.1551 -0.0583 0.1705 0.0678 0.1547 -0.0496 0.1688 0.0635 0.1427 -0.0464 0.1565 0.0312 0.1234 -0.0222 0.1315 0.0319 0.3089 -0.0140 0.3284 0.0248 0.4363 -0.0052 0.5050 0.0208 0.4416 0.0019 0.5263 0.0271 0.5139 -0.0120 0.5697
2: -0.0118 -0.2386 -0.0063 -0.2559 -0.0028 -0.2556 0.0003 -0.2552 -0.0182 -0.2550 -0.0222 -0.2540 -0.0257 -0.2531 0.0063 -0.2449 -0.0296 -0.2406 -0.0039 -0.2201 -0.0178 -0.2175 0.0428 -0.1353 -0.0518 -0.1195 0.0627 -0.0039 -0.0605 0.0218 0.0732 0.1168 -0.0548 0.1308 0.0770 0.1550 -0.0578 0.1703 0.0680 0.1541 -0.0489 0.1684 0.0637 0.1421 -0.0458 0.1561 0.0311 0.1234 -0.0222 0.1312 0.0320 0.3092 -0.0138 0.3276 0.0250 0.4354 -0.0050 0.4998 0.0210 0.4410 0.0019 0.5207 0.0285 0.5109 -0.0106 0.5676
3: -0.0104 -0.2388 -0.0050 -0.2561 -0.0016 -0.2558 0.0011 -0.2554 -0.0171 -0.2552 -0.0211 -0.2542 -0.0246 -0.2533 0.0068 -0.2451 -0.0290 -0.2409 -0.0027 -0.2203 -0.0166 -0.2177 0.0428 -0.1349 -0.0517 -0.1197 0.0628 -0.0040 -0.0619 0.0217 0.0731 0.1160 -0.0550 0.1304 0.0771 0.1548 -0.0577 0.1701 0.0682 0.1539 -0.0488 0.1679 0.0640 0.1419 -0.0456 0.1556 0.0310 0.1234 -0.0222 0.1310 0.0324 0.3102 -0.0137 0.3275 0.0250 0.4381 -0.0049 0.4935 0.0211 0.4456 0.0019 0.5133 0.0298 0.5124 -0.0096 0.5640
4: -0.0076 -0.2387 -0.0029 -0.2559 -0.0001 -0.2556 0.0028 -0.2552 -0.0143 -0.2551 -0.0187 -0.2541 -0.0222 -0.2532 0.0075 -0.2450 -0.0277 -0.2409 -0.0008 -0.2201 -0.0143 -0.2175 0.0428 -0.1346 -0.0516 -0.1198 0.0628 -0.0039 -0.0631 0.0216 0.0731 0.1152 -0.0557 0.1302 0.0772 0.1546 -0.0576 0.1702 0.0688 0.1539 -0.0487 0.1677 0.0647 0.1420 -0.0456 0.1554 0.0311 0.1235 -0.0221 0.1310 0.0336 0.3095 -0.0138 0.3275 0.0250 0.4440 -0.0047 0.4889 0.0212 0.4553 0.0020 0.5092 0.0300 0.5175 -0.0088 0.5613
5: -0.0057 -0.2378 -0.0014 -0.2549 0.0013 -0.2545 0.0045 -0.2541 -0.0123 -0.2544 -0.0168 -0.2535 -0.0205 -0.2526 0.0083 -0.2441 -0.0264 -0.2404 0.0006 -0.2190 -0.0128 -0.2166 0.0425 -0.1337 -0.0515 -0.1200 0.0625 -0.0034 -0.0641 0.0215 0.0727 0.1155 -0.0559 0.1296 0.0772 0.1550 -0.0576 0.1691 0.0690 0.1544 -0.0487 0.1655 0.0649 0.1425 -0.0456 0.1533 0.0310 0.1237 -0.0221 0.1300 0.0336 0.3093 -0.0141 0.3272 0.0239 0.4556 -0.0046 0.4862 0.0202 0.4697 0.0017 0.5056 0.0301 0.5288 -0.0082 0.5600
6: -0.0035 -0.2366 0.0003 -0.2533 0.0032 -0.2529 0.0066 -0.2525 -0.0102 -0.2534 -0.0146 -0.2527 -0.0186 -0.2518 0.0096 -0.2432 -0.0248 -0.2401 0.0021 -0.2175 -0.0110 -0.2157 0.0425 -0.1327 -0.0513 -0.1202 0.0624 -0.0032 -0.0659 0.0200 0.0723 0.1165 -0.0556 0.1271 0.0771 0.1556 -0.0539 0.1659 0.0691 0.1549 -0.0455 0.1601 0.0650 0.1436 -0.0443 0.1471 0.0308 0.1234 -0.0220 0.1294 0.0332 0.3086 -0.0139 0.3262 0.0229 0.4713 -0.0035 0.4874 0.0200 0.4892 0.0019 0.5073 0.0310 0.5445 -0.0080 0.5595
7: -0.0005 -0.2347 0.0030 -0.2502 0.0064 -0.2500 0.0094 -0.2497 -0.0067 -0.2506 -0.0109 -0.2502 -0.0151 -0.2498 0.0114 -0.2410 -0.0222 -0.2395 0.0042 -0.2155 -0.0081 -0.2145 0.0427 -0.1309 -0.0510 -0.1211 0.0624 -0.0022 -0.0675 0.0156 0.0708 0.1180 -0.0541 0.1183 0.0754 0.1566 -0.0476 0.1561 0.0674 0.1555 -0.0405 0.1481 0.0633 0.1443 -0.0412 0.1350 0.0302 0.1231 -0.0219 0.1290 0.0326 0.3090 -0.0138 0.3250 0.0227 0.4847 -0.0023 0.4882 0.0201 0.5051 0.0027 0.5083 0.0312 0.5555 -0.0086 0.5576
8: 0.0014 -0.2337 0.0059 -0.2485 0.0092 -0.2481 0.0118 -0.2476 -0.0040 -0.2492 -0.0080 -0.2492 -0.0123 -0.2490 0.0142 -0.2388 -0.0197 -0.2396 0.0058 -0.2142 -0.0062 -0.2141 0.0427 -0.1289 -0.0506 -0.1221 0.0624 -0.0014 -0.0698 0.0096 0.0704 0.1175 -0.0539 0.0949 0.0746 0.1562 -0.0464 0.1270 0.0661 0.1547 -0.0401 0.1132 0.0624 0.1437 -0.0408 0.1040 0.0299 0.1227 -0.0219 0.1284 0.0319 0.3107 -0.0137 0.3244 0.0229 0.5010 -0.0001 0.4884 0.0210 0.5249 0.0043 0.5095 0.0312 0.5662 -0.0087 0.5550
9: 0.0034 -0.2304 0.0084 -0.2456 0.0115 -0.2449 0.0144 -0.2441 -0.0014 -0.2469 -0.0054 -0.2471 -0.0096 -0.2471 0.0173 -0.2352 -0.0174 -0.2384 0.0083 -0.2108 -0.0038 -0.2119 0.0432 -0.1265 -0.0500 -0.1237 0.0623 0.0010 -0.0718 0.0071 0.0702 0.1173 -0.0533 0.0742 0.0744 0.1553 -0.0439 0.0928 0.0656 0.1537 -0.0387 0.0765 0.0618 0.1428 -0.0403 0.0701 0.0291 0.1228 -0.0222 0.1275 0.0302 0.3112 -0.0139 0.3231 0.0229 0.5028 0.0000 0.4867 0.0213 0.5298 0.0046 0.5088 0.0303 0.5658 -0.0088 0.5488
10: 0.0043 -0.2263 0.0097 -0.2416 0.0127 -0.2406 0.0159 -0.2397 -0.0003 -0.2440 -0.0042 -0.2445 -0.0082 -0.2447 0.0194 -0.2310 -0.0157 -0.2366 0.0091 -0.2060 -0.0026 -0.2083 0.0436 -0.1244 -0.0486 -0.1247 0.0615 0.0044 -0.0733 0.0039 0.0688 0.1173 -0.0524 0.0632 0.0722 0.1549 -0.0426 0.0752 0.0633 0.1529 -0.0383 0.0580 0.0599 0.1421 -0.0402 0.0535 0.0281 0.1225 -0.0230 0.1266 0.0287 0.3116 -0.0148 0.3223 0.0221 0.5001 -0.0009 0.4805 0.0208 0.5251 0.0038 0.5034 0.0251 0.5629 -0.0100 0.5432
11: 0.0045 -0.2199 0.0101 -0.2362 0.0129 -0.2355 0.0163 -0.2349 0.0003 -0.2381 -0.0036 -0.2391 -0.0074 -0.2396 0.0203 -0.2274 -0.0146 -0.2327 0.0095 -0.2004 -0.0019 -0.2022 0.0444 -0.1215 -0.0474 -0.1263 0.0611 0.0060 -0.0737 0.0010 0.0679 0.1205 -0.0533 0.0550 0.0706 0.1572 -0.0448 0.0662 0.0618 0.1552 -0.0400 0.0491 0.0587 0.1438 -0.0414 0.0448 0.0270 0.1223 -0.0240 0.1253 0.0259 0.3142 -0.0159 0.3207 0.0211 0.5029 -0.0024 0.4719 0.0198 0.5275 0.0027 0.4942 0.0202 0.5666 -0.0126 0.5370
12: 0.0060 -0.2190 0.0112 -0.2354 0.0141 -0.2349 0.0177 -0.2344 0.0015 -0.2371 -0.0020 -0.2380 -0.0060 -0.2386 0.0216 -0.2271 -0.0129 -0.2321 0.0108 -0.2000 -0.0003 -0.2013 0.0458 -0.1208 -0.0464 -0.1285 0.0617 0.0082 -0.0748 -0.0033 0.0666 0.1247 -0.0547 0.0508 0.0685 0.1609 -0.0470 0.0636 0.0598 0.1581 -0.0417 0.0476 0.0571 0.1460 -0.0427 0.0428 0.0257 0.1244 -0.0252 0.1249 0.0238 0.3171 -0.0174 0.3196 0.0192 0.5058 -0.0046 0.4663 0.0176 0.5284 0.0005 0.4865 0.0198 0.5781 -0.0148 0.5334
13: 0.0076 -0.2193 0.0126 -0.2355 0.0159 -0.2351 0.0195 -0.2346 0.0029 -0.2372 -0.0005 -0.2380 -0.0046 -0.2386 0.0232 -0.2272 -0.0114 -0.2323 0.0122 -0.2003 0.0009 -0.2016 0.0472 -0.1207 -0.0456 -0.1296 0.0621 0.0094 -0.0748 -0.0082 0.0650 0.1250 -0.0568 0.0506 0.0663 0.1625 -0.0497 0.0672 0.0578 0.1592 -0.0450 0.0529 0.0552 0.1467 -0.0457 0.0469 0.0246 0.1252 -0.0261 0.1252 0.0223 0.3172 -0.0189 0.3190 0.0175 0.5054 -0.0067 0.4641 0.0155 0.5270 -0.0015 0.4840 0.0183 0.5783 -0.0169 0.5308
14: 0.0085 -0.2193 0.0136 -0.2355 0.0169 -0.2351 0.0206 -0.2347 0.0038 -0.2371 0.0004 -0.2379 -0.0037 -0.2384 0.0245 -0.2273 -0.0104 -0.2321 0.0133 -0.2004 0.0019 -0.2017 0.0483 -0.1208 -0.0451 -0.1305 0.0625 0.0103 -0.0748 -0.0110 0.0632 0.1253 -0.0583 0.0559 0.0643 0.1643 -0.0512 0.0759 0.0557 0.1604 -0.0466 0.0643 0.0530 0.1475 -0.0473 0.0578 0.0238 0.1257 -0.0271 0.1257 0.0206 0.3191 -0.0205 0.3202 0.0161 0.5030 -0.0086 0.4662 0.0138 0.5230 -0.0037 0.4867 0.0171 0.5737 -0.0188 0.5316
15: 0.0088 -0.2191 0.0139 -0.2354 0.0172 -0.2348 0.0208 -0.2342 0.0040 -0.2371 0.0004 -0.2377 -0.0037 -0.2382 0.0247 -0.2263 -0.0100 -0.2320 0.0139 -0.2010 0.0020 -0.2025 0.0495 -0.1201 -0.0442 -0.1323 0.0631 0.0106 -0.0756 -0.0152 0.0616 0.1259 -0.0607 0.0545 0.0627 0.1651 -0.0535 0.0752 0.0540 0.1612 -0.0485 0.0644 0.0512 0.1484 -0.0493 0.0581 0.0228 0.1267 -0.0282 0.1257 0.0187 0.3223 -0.0224 0.3215 0.0144 0.5020 -0.0120 0.4637 0.0118 0.5210 -0.0076 0.4800 0.0144 0.5717 -0.0204 0.5278
16: 0.0086 -0.2226 0.0140 -0.2384 0.0172 -0.2378 0.0209 -0.2372 0.0039 -0.2397 0.0001 -0.2403 -0.0040 -0.2405 0.0252 -0.2285 -0.0103 -0.2340 0.0140 -0.2042 0.0016 -0.2053 0.0507 -0.1202 -0.0439 -0.1335 0.0634 0.0109 -0.0766 -0.0169 0.0608 0.1253 -0.0620 0.0456 0.0613 0.1653 -0.0542 0.0670 0.0526 0.1603 -0.0489 0.0527 0.0499 0.1471 -0.0500 0.0462 0.0221 0.1278 -0.0289 0.1261 0.0174 0.3223 -0.0242 0.3212 0.0129 0.5008 -0.0158 0.4558 0.0095 0.5180 -0.0118 0.4690 0.0128 0.5703 -0.0220 0.5238
17: 0.0091 -0.2264 0.0148 -0.2410 0.0180 -0.2403 0.0216 -0.2398 0.0046 -0.2423 0.0007 -0.2429 -0.0033 -0.2428 0.0259 -0.2304 -0.0097 -0.2356 0.0145 -0.2069 0.0020 -0.2080 0.0513 -0.1203 -0.0437 -0.1340 0.0646 0.0107 -0.0774 -0.0148 0.0610 0.1256 -0.0599 0.0390 0.0606 0.1656 -0.0485 0.0553 0.0516 0.1595 -0.0430 0.0388 0.0490 0.1463 -0.0451 0.0342 0.0215 0.1284 -0.0293 0.1261 0.0168 0.3227 -0.0258 0.3218 0.0122 0.5008 -0.0184 0.4472 0.0085 0.5151 -0.0147 0.4562 0.0116 0.5697 -0.0233 0.5207
18: 0.0097 -0.2287 0.0152 -0.2429 0.0184 -0.2421 0.0217 -0.2417 0.0051 -0.2441 0.0013 -0.2445 -0.0028 -0.2445 0.0258 -0.2324 -0.0094 -0.2374 0.0147 -0.2088 0.0023 -0.2100 0.0518 -0.1209 -0.0433 -0.1341 0.0660 0.0106 -0.0770 -0.0133 0.0624 0.1257 -0.0600 0.0305 0.0612 0.1657 -0.0494 0.0434 0.0516 0.1593 -0.0443 0.0260 0.0493 0.1464 -0.0461 0.0221 0.0213 0.1287 -0.0297 0.1263 0.0163 0.3228 -0.0277 0.3221 0.0128 0.4954 -0.0195 0.4392 0.0084 0.5084 -0.0151 0.4485 0.0108 0.5656 -0.0255 0.5153
19: 0.0085 -0.2285 0.0138 -0.2427 0.0171 -0.2421 0.0202 -0.2417 0.0039 -0.2438 0.0000 -0.2441 -0.0040 -0.2442 0.0240 -0.2332 -0.0100 -0.2373 0.0134 -0.2089 0.0010 -0.2099 0.0517 -0.1217 -0.0432 -0.1335 0.0666 0.0105 -0.0754 -0.0116 0.0632 0.1257 -0.0610 0.0264 0.0618 0.1661 -0.0512 0.0387 0.0515 0.1588 -0.0460 0.0215 0.0493 0.1459 -0.0475 0.0178 0.0212 0.1291 -0.0296 0.1258 0.0168 0.3235 -0.0299 0.3216 0.0127 0.4961 -0.0208 0.4390 0.0080 0.5093 -0.0159 0.4498 0.0097 0.5642 -0.0296 0.5151
20: 0.0065 -0.2270 0.0117 -0.2414 0.0150 -0.2410 0.0183 -0.2406 0.0019 -0.2424 -0.0018 -0.2427 -0.0058 -0.2428 0.0224 -0.2328 -0.0113 -0.2361 0.0115 -0.2078 -0.0008 -0.2084 0.0518 -0.1222 -0.0438 -0.1324 0.0665 0.0118 -0.0724 -0.0105 0.0653 0.1273 -0.0635 0.0290 0.0641 0.1675 -0.0590 0.0433 0.0538 0.1606 -0.0536 0.0252 0.0513 0.1477 -0.0529 0.0209 0.0215 0.1290 -0.0294 0.1253 0.0160 0.3229 -0.0318 0.3205 0.0130 0.4959 -0.0221 0.4441 0.0079 0.5101 -0.0172 0.4568 0.0080 0.5622 -0.0330 0.5193
21: 0.0051 -0.2249 0.0105 -0.2393 0.0136 -0.2391 0.0170 -0.2387 0.0005 -0.2403 -0.0032 -0.2406 -0.0072 -0.2407 0.0214 -0.2313 -0.0122 -0.2340 0.0103 -0.2058 -0.0020 -0.2063 0.0514 -0.1221 -0.0436 -0.1314 0.0661 0.0098 -0.0669 -0.0146 0.0688 0.1273 -0.0662 0.0361 0.0678 0.1680 -0.0668 0.0521 0.0587 0.1622 -0.0620 0.0349 0.0561 0.1496 -0.0599 0.0302 0.0216 0.1288 -0.0296 0.1245 0.0154 0.3230 -0.0327 0.3183 0.0120 0.4951 -0.0229 0.4508 0.0071 0.5093 -0.0179 0.4658 0.0070 0.5607 -0.0354 0.5276
22: 0.0040 -0.2235 0.0095 -0.2382 0.0125 -0.2380 0.0159 -0.2379 -0.0005 -0.2390 -0.0043 -0.2393 -0.0082 -0.2394 0.0205 -0.2308 -0.0130 -0.2327 0.0094 -0.2047 -0.0029 -0.2050 0.0512 -0.1226 -0.0436 -0.1312 0.0659 0.0084 -0.0637 -0.0164 0.0708 0.1272 -0.0678 0.0458 0.0699 0.1678 -0.0706 0.0650 0.0618 0.1631 -0.0666 0.0598 0.0592 0.1508 -0.0640 0.0542 0.0219 0.1283 -0.0294 0.1252 0.0155 0.3234 -0.0329 0.3183 0.0116 0.4950 -0.0235 0.4693 0.0070 0.5105 -0.0175 0.4895 0.0067 0.5604 -0.0368 0.5435
23: 0.0032 -0.2224 0.0087 -0.2373 0.0117 -0.2371 0.0151 -0.2371 -0.0014 -0.2378 -0.0052 -0.2380 -0.0090 -0.2379 0.0199 -0.2302 -0.0138 -0.2312 0.0088 -0.2038 -0.0037 -0.2038 0.0510 -0.1220 -0.0437 -0.1300 0.0657 0.0087 -0.0625 -0.0135 0.0716 0.1285 -0.0686 0.0704 0.0704 0.1689 -0.0712 0.0952 0.0626 0.1646 -0.0672 0.0930 0.0602 0.1524 -0.0650 0.0855 0.0224 0.1270 -0.0296 0.1248 0.0152 0.3218 -0.0320 0.3176 0.0109 0.4961 -0.0229 0.4892 0.0066 0.5122 -0.0159 0.5105 0.0060 0.5610 -0.0375 0.5591
24: 0.0025 -0.2228 0.0080 -0.2379 0.0109 -0.2377 0.0143 -0.2377 -0.0021 -0.2383 -0.0059 -0.2382 -0.0098 -0.2382 0.0191 -0.2310 -0.0146 -0.2314 0.0080 -0.2046 -0.0044 -0.2042 0.0508 -0.1223 -0.0439 -0.1298 0.0658 0.0087 -0.0612 -0.0111 0.0705 0.1289 -0.0692 0.0860 0.0694 0.1689 -0.0715 0.1184 0.0612 0.1645 -0.0675 0.1135 0.0587 0.1523 -0.0652 0.1037 0.0228 0.1270 -0.0297 0.1249 0.0151 0.3170 -0.0297 0.3173 0.0102 0.4960 -0.0206 0.5033 0.0061 0.5158 -0.0140 0.5280 0.0049 0.5555 -0.0378 0.5621
25: 0.0016 -0.2233 0.0072 -0.2386 0.0101 -0.2384 0.0134 -0.2384 -0.0031 -0.2388 -0.0066 -0.2386 -0.0107 -0.2385 0.0183 -0.2316 -0.0155 -0.2316 0.0072 -0.2050 -0.0052 -0.2045 0.0497 -0.1225 -0.0445 -0.1289 0.0655 0.0087 -0.0606 -0.0054 0.0701 0.1287 -0.0696 0.1004 0.0689 0.1686 -0.0720 0.1384 0.0606 0.1640 -0.0678 0.1346 0.0580 0.1519 -0.0654 0.1226 0.0233 0.1262 -0.0284 0.1251 0.0151 0.3097 -0.0275 0.3159 0.0093 0.4964 -0.0170 0.5111 0.0072 0.5257 -0.0077 0.5463 -0.0009 0.5442 -0.0399 0.5585
26: 0.0003 -0.2242 0.0061 -0.2395 0.0095 -0.2393 0.0126 -0.2393 -0.0044 -0.2397 -0.0077 -0.2395 -0.0116 -0.2394 0.0175 -0.2325 -0.0159 -0.2322 0.0067 -0.2059 -0.0060 -0.2054 0.0492 -0.1234 -0.0450 -0.1276 0.0657 0.0084 -0.0603 0.0018 0.0704 0.1278 -0.0674 0.1132 0.0693 0.1677 -0.0720 0.1507 0.0613 0.1631 -0.0670 0.1484 0.0588 0.1512 -0.0627 0.1375 0.0236 0.1250 -0.0278 0.1261 0.0155 0.3064 -0.0254 0.3154 0.0084 0.4957 -0.0149 0.5123 0.0082 0.5302 -0.0055 0.5506 -0.0071 0.5389 -0.0397 0.5563
27: -0.0010 -0.2265 0.0049 -0.2418 0.0087 -0.2416 0.0120 -0.2416 -0.0060 -0.2420 -0.0092 -0.2417 -0.0132 -0.2413 0.0168 -0.2346 -0.0166 -0.2336 0.0063 -0.2082 -0.0071 -0.2077 0.0490 -0.1251 -0.0451 -0.1253 0.0655 0.0073 -0.0607 0.0081 0.0701 0.1261 -0.0658 0.1219 0.0692 0.1658 -0.0718 0.1619 0.0613 0.1613 -0.0648 0.1617 0.0588 0.1496 -0.0594 0.1496 0.0236 0.1228 -0.0277 0.1277 0.0168 0.3056 -0.0214 0.3172 0.0081 0.4933 -0.0118 0.5114 0.0078 0.5266 -0.0051 0.5502 -0.0053 0.5376 -0.0306 0.5526
28: -0.0014 -0.2281 0.0044 -0.2441 0.0083 -0.2439 0.0117 -0.2439 -0.0066 -0.2437 -0.0101 -0.2430 -0.0140 -0.2424 0.0162 -0.2369 -0.0173 -0.2335 0.0064 -0.2103 -0.0074 -0.2096 0.0491 -0.1276 -0.0458 -0.1224 0.0657 0.0051 -0.0607 0.0130 0.0702 0.1231 -0.0643 0.1274 0.0699 0.1624 -0.0704 0.1671 0.0617 0.1581 -0.0629 0.1679 0.0590 0.1467 -0.0576 0.1542 0.0241 0.1205 -0.0272 0.1293 0.0179 0.3026 -0.0187 0.3186 0.0087 0.4881 -0.0069 0.5116 0.0081 0.5191 -0.0013 0.5465 0.0008 0.5357 -0.0184 0.5608
29: -0.0023 -0.2313 0.0033 -0.2473 0.0072 -0.2468 0.0108 -0.2467 -0.0078 -0.2468 -0.0115 -0.2459 -0.0153 -0.2453 0.0147 -0.2395 -0.0185 -0.2360 0.0055 -0.2134 -0.0089 -0.2128 0.0485 -0.1298 -0.0475 -0.1191 0.0656 0.0028 -0.0605 0.0169 0.0703 0.1230 -0.0625 0.1310 0.0701 0.1607 -0.0681 0.1704 0.0616 0.1568 -0.0606 0.1702 0.0588 0.1458 -0.0555 0.1559 0.0251 0.1187 -0.0260 0.1299 0.0184 0.2991 -0.0148 0.3194 0.0090 0.4786 -0.0024 0.5083 0.0084 0.5004 0.0034 0.5402 0.0031 0.5326 -0.0134 0.5669
30: -0.0038 -0.2327 0.0015 -0.2487 0.0053 -0.2482 0.0092 -0.2482 -0.0096 -0.2481 -0.0135 -0.2473 -0.0167 -0.2467 0.0130 -0.2408 -0.0202 -0.2373 0.0040 -0.2147 -0.0106 -0.2141 0.0476 -0.1309 -0.0490 -0.1189 0.0658 0.0029 -0.0598 0.0186 0.0703 0.1229 -0.0592 0.1345 0.0703 0.1613 -0.0637 0.1744 0.0616 0.1576 -0.0563 0.1737 0.0588 0.1466 -0.0518 0.1586 0.0266 0.1195 -0.0250 0.1302 0.0193 0.2995 -0.0146 0.3197 0.0093 0.4765 -0.0029 0.5060 0.0086 0.4942 0.0018 0.5352 0.0047 0.5316 -0.0124 0.5695
31: -0.0047 -0.2328 0.0004 -0.2486 0.0042 -0.2483 0.0082 -0.2483 -0.0107 -0.2479 -0.0147 -0.2471 -0.0176 -0.2464 0.0120 -0.2410 -0.0213 -0.2367 0.0028 -0.2144 -0.0116 -0.2137 0.0468 -0.1306 -0.0498 -0.1197 0.0650 0.0033 -0.0591 0.0198 0.0709 0.1229 -0.0558 0.1310 0.0710 0.1618 -0.0586 0.1706 0.0624 0.1580 -0.0508 0.1687 0.0594 0.1469 -0.0470 0.1542 0.0271 0.1202 -0.0241 0.1300 0.0211 0.3004 -0.0135 0.3203 0.0098 0.4657 -0.0019 0.5047 0.0078 0.4753 0.0024 0.5325 0.0081 0.5225 -0.0081 0.5697
32: -0.0050 -0.2328 0.0002 -0.2494 0.0039 -0.2493 0.0080 -0.2492 -0.0111 -0.2483 -0.0153 -0.2475 -0.0180 -0.2468 0.0116 -0.2418 -0.0220 -0.2373 0.0024 -0.2141 -0.0121 -0.2129 0.0460 -0.1316 -0.0505 -0.1184 0.0634 0.0028 -0.0573 0.0186 0.0697 0.1213 -0.0522 0.1298 0.0705 0.1623 -0.0536 0.1683 0.0615 0.1591 -0.0459 0.1664 0.0584 0.1476 -0.0431 0.1527 0.0278 0.1199 -0.0234 0.1300 0.0237 0.3037 -0.0115 0.3215 0.0107 0.4609 -0.0001 0.5044 0.0085 0.4682 0.0041 0.5337 0.0099 0.5196 -0.0058 0.5700
33: -0.0054 -0.2349 -0.0001 -0.2523 0.0036 -0.2523 0.0077 -0.2520 -0.0116 -0.2509 -0.0159 -0.2499 -0.0187 -0.2490 0.0111 -0.2436 -0.0228 -0.2393 0.0021 -0.2157 -0.0127 -0.2135 0.0452 -0.1321 -0.0511 -0.1181 0.0626 0.0024 -0.0562 0.0185 0.0691 0.1207 -0.0501 0.1306 0.0704 0.1616 -0.0511 0.1687 0.0612 0.1587 -0.0433 0.1673 0.0580 0.1477 -0.0409 0.1538 0.0288 0.1198 -0.0229 0.1303 0.0278 0.3060 -0.0119 0.3261 0.0125 0.4521 0.0003 0.5048 0.0093 0.4588 0.0047 0.5312 0.0115 0.5156 -0.0054 0.5718
34: -0.0056 -0.2363 -0.0002 -0.2548 0.0037 -0.2550 0.0076 -0.2546 -0.0120 -0.2532 -0.0163 -0.2522 -0.0193 -0.2510 0.0109 -0.2456 -0.0233 -0.2409 0.0019 -0.2170 -0.0129 -0.2142 0.0447 -0.1328 -0.0515 -0.1183 0.0619 0.0014 -0.0556 0.0182 0.0690 0.1204 -0.0491 0.1307 0.0706 0.1614 -0.0506 0.1691 0.0612 0.1589 -0.0429 0.1683 0.0580 0.1482 -0.0404 0.1547 0.0294 0.1204 -0.0225 0.1308 0.0298 0.3077 -0.0118 0.3267 0.0163 0.4414 0.0003 0.5044 0.0115 0.4461 0.0050 0.5258 0.0148 0.5108 -0.0051 0.5722
35: -0.0059 -0.2369 -0.0005 -0.2558 0.0035 -0.2560 0.0072 -0.2556 -0.0124 -0.2541 -0.0167 -0.2531 -0.0200 -0.2518 0.0106 -0.2464 -0.0238 -0.2416 0.0017 -0.2176 -0.0132 -0.2144 0.0443 -0.1334 -0.0517 -0.1184 0.0614 -0.0008 -0.0556 0.0183 0.0687 0.1188 -0.0498 0.1312 0.0708 0.1597 -0.0513 0.1693 0.0615 0.1578 -0.0438 0.1690 0.0582 0.1474 -0.0412 0.1559 0.0297 0.1209 -0.0223 0.1310 0.0326 0.3072 -0.0120 0.3269 0.0189 0.4321 0.0001 0.4966 0.0127 0.4388 0.0047 0.5153 0.0215 0.5053 -0.0017 0.5700
36: -0.0059 -0.2366 -0.0005 -0.2554 0.0036 -0.2556 0.0070 -0.2552 -0.0125 -0.2538 -0.0165 -0.2529 -0.0201 -0.2516 0.0106 -0.2463 -0.0239 -0.2417 0.0016 -0.2175 -0.0130 -0.2143 0.0442 -0.1338 -0.0519 -0.1184 0.0609 -0.0015 -0.0558 0.0195 0.0683 0.1168 -0.0515 0.1356 0.0707 0.1576 -0.0536 0.1730 0.0616 0.1556 -0.0444 0.1730 0.0583 0.1450 -0.0414 0.1597 0.0300 0.1211 -0.0223 0.1312 0.0343 0.3063 -0.0121 0.3269 0.0205 0.4330 -0.0002 0.4904 0.0142 0.4421 0.0045 0.5091 0.0286 0.5053 -0.0010 0.5675
37: -0.0057 -0.2362 -0.0004 -0.2548 0.0038 -0.2549 0.0069 -0.2545 -0.0124 -0.2535 -0.0163 -0.2527 -0.0200 -0.2515 0.0108 -0.2455 -0.0239 -0.2414 0.0018 -0.2171 -0.0128 -0.2139 0.0441 -0.1333 -0.0519 -0.1192 0.0602 -0.0016 -0.0568 0.0202 0.0675 0.1164 -0.0536 0.1348 0.0706 0.1570 -0.0563 0.1722 0.0617 0.1551 -0.0466 0.1717 0.0583 0.1444 -0.0432 0.1588 0.0301 0.1216 -0.0224 0.1309 0.0350 0.3055 -0.0123 0.3278 0.0226 0.4386 -0.0002 0.4887 0.0168 0.4495 0.0053 0.5074 0.0322 0.5095 -0.0021 0.5679
38: -0.0055 -0.2345 -0.0002 -0.2529 0.0040 -0.2528 0.0069 -0.2524 -0.0121 -0.2520 -0.0160 -0.2513 -0.0197 -0.2503 0.0109 -0.2436 -0.0237 -0.2402 0.0020 -0.2156 -0.0125 -0.2124 0.0439 -0.1318 -0.0517 -0.1193 0.0597 -0.0007 -0.0582 0.0216 0.0669 0.1155 -0.0571 0.1355 0.0705 0.1558 -0.0607 0.1729 0.0618 0.1534 -0.0511 0.1722 0.0584 0.1424 -0.0473 0.1596 0.0303 0.1217 -0.0224 0.1293 0.0342 0.3072 -0.0125 0.3256 0.0238 0.4485 0.0001 0.4877 0.0186 0.4634 0.0054 0.5076 0.0331 0.5234 -0.0024 0.5669
39: -0.0053 -0.2333 0.0001 -0.2516 0.0041 -0.2514 0.0071 -0.2510 -0.0119 -0.2509 -0.0158 -0.2503 -0.0195 -0.2494 0.0111 -0.2424 -0.0235 -0.2394 0.0021 -0.2144 -0.0124 -0.2114 0.0438 -0.1304 -0.0516 -0.1190 0.0598 0.0005 -0.0597 0.0216 0.0670 0.1158 -0.0599 0.1366 0.0707 0.1560 -0.0638 0.1734 0.0627 0.1539 -0.0553 0.1725 0.0591 0.1427 -0.0516 0.1600 0.0300 0.1216 -0.0223 0.1277 0.0333 0.3065 -0.0124 0.3235 0.0250 0.4692 0.0001 0.4900 0.0212 0.4868 0.0053 0.5103 0.0323 0.5427 -0.0029 0.5677
40: -0.0048 -0.2328 0.0007 -0.2508 0.0042 -0.2505 0.0071 -0.2501 -0.0112 -0.2505 -0.0154 -0.2500 -0.0189 -0.2491 0.0113 -0.2415 -0.0234 -0.2392 0.0023 -0.2137 -0.0120 -0.2110 0.0439 -0.1296 -0.0515 -0.1194 0.0599 0.0015 -0.0608 0.0214 0.0671 0.1172 -0.0619 0.1357 0.0709 0.1573 -0.0659 0.1728 0.0630 0.1552 -0.0573 0.1715 0.0593 0.1440 -0.0539 0.1599 0.0300 0.1212 -0.0223 0.1278 0.0313 0.3075 -0.0122 0.3226 0.0248 0.4923 0.0000 0.4914 0.0218 0.5113 0.0052 0.5121 0.0304 0.5626 -0.0051 0.5668
