1: -0.0185 -0.2181 -0.0139 -0.2370 -0.0104 -0.2378 -0.0072 -0.2388 -0.0251 -0.2342 -0.0284 -0.2332 -0.0314 -0.2326 -0.0011 -0.2348 -0.0345 -0.2263 -0.0100 -0.2037 -0.0228 -0.2009 0.0408 -0.1384 -0.0576 -0.1209 0.0633 -0.0108 -0.0762 0.0113 0.0685 0.0974 -0.0543 0.1031 0.0678 0.1319 -0.0497 0.1400 0.0618 0.1293 -0.0416 0.1269 0.0603 0.1187 -0.0422 0.1131 0.0356 0.1252 -0.0187 0.1342 0.0422 0.3135 -0.0123 0.3320 0.0282 0.4463 -0.0033 0.5138 0.0239 0.4556 0.0055 0.5411 0.0393 0.5273 -0.0191 0.5811
2: -0.0185 -0.2221 -0.0139 -0.2409 -0.0103 -0.2419 -0.0072 -0.2426 -0.0252 -0.2376 -0.0286 -0.2364 -0.0316 -0.2352 -0.0011 -0.2374 -0.0347 -0.2274 -0.0098 -0.2066 -0.0229 -0.2030 0.0413 -0.1382 -0.0578 -0.1212 0.0628 -0.0105 -0.0765 0.0112 0.0673 0.0978 -0.0544 0.1030 0.0674 0.1323 -0.0498 0.1399 0.0611 0.1296 -0.0418 0.1269 0.0592 0.1188 -0.0424 0.1131 0.0354 0.1250 -0.0189 0.1342 0.0420 0.3084 -0.0123 0.3278 0.0282 0.4519 -0.0035 0.5111 0.0237 0.4683 0.0053 0.5377 0.0393 0.5295 -0.0179 0.5773
3: -0.0178 -0.2242 -0.0132 -0.2429 -0.0096 -0.2437 -0.0066 -0.2443 -0.0247 -0.2397 -0.0282 -0.2384 -0.0314 -0.2371 -0.0009 -0.2386 -0.0348 -0.2288 -0.0092 -0.2081 -0.0224 -0.2044 0.0414 -0.1374 -0.0580 -0.1214 0.0624 -0.0088 -0.0770 0.0112 0.0651 0.0997 -0.0546 0.1028 0.0654 0.1357 -0.0500 0.1399 0.0590 0.1321 -0.0421 0.1269 0.0573 0.1202 -0.0426 0.1132 0.0354 0.1247 -0.0189 0.1342 0.0416 0.3085 -0.0124 0.3280 0.0281 0.4622 -0.0036 0.5094 0.0235 0.4835 0.0051 0.5331 0.0409 0.5371 -0.0170 0.5760
4: -0.0167 -0.2257 -0.0120 -0.2441 -0.0086 -0.2447 -0.0056 -0.2452 -0.0238 -0.2412 -0.0275 -0.2400 -0.0307 -0.2388 -0.0002 -0.2392 -0.0346 -0.2301 -0.0083 -0.2093 -0.0217 -0.2057 0.0415 -0.1371 -0.0580 -0.1220 0.0621 -0.0081 -0.0774 0.0112 0.0645 0.1007 -0.0546 0.1036 0.0640 0.1375 -0.0500 0.1411 0.0581 0.1329 -0.0422 0.1283 0.0567 0.1204 -0.0426 0.1149 0.0354 0.1248 -0.0189 0.1344 0.0406 0.3104 -0.0124 0.3282 0.0280 0.4793 -0.0032 0.5063 0.0228 0.5025 0.0051 0.5292 0.0430 0.5510 -0.0162 0.5748
5: -0.0159 -0.2269 -0.0111 -0.2452 -0.0078 -0.2457 -0.0047 -0.2461 -0.0229 -0.2427 -0.0267 -0.2415 -0.0299 -0.2404 0.0006 -0.2401 -0.0342 -0.2318 -0.0077 -0.2105 -0.0212 -0.2072 0.0418 -0.1371 -0.0581 -0.1233 0.0620 -0.0078 -0.0777 0.0106 0.0640 0.1012 -0.0547 0.1041 0.0631 0.1385 -0.0501 0.1416 0.0574 0.1331 -0.0423 0.1292 0.0563 0.1200 -0.0427 0.1169 0.0352 0.1256 -0.0190 0.1347 0.0387 0.3158 -0.0130 0.3280 0.0277 0.4923 -0.0040 0.5026 0.0218 0.5160 0.0041 0.5256 0.0439 0.5621 -0.0166 0.5719
6: -0.0147 -0.2274 -0.0098 -0.2458 -0.0066 -0.2463 -0.0034 -0.2467 -0.0213 -0.2434 -0.0255 -0.2423 -0.0289 -0.2411 0.0020 -0.2407 -0.0335 -0.2326 -0.0068 -0.2111 -0.0201 -0.2079 0.0424 -0.1369 -0.0582 -0.1242 0.0619 -0.0071 -0.0778 0.0100 0.0638 0.1019 -0.0548 0.1043 0.0627 0.1392 -0.0502 0.1420 0.0572 0.1332 -0.0425 0.1296 0.0560 0.1198 -0.0429 0.1174 0.0350 0.1260 -0.0192 0.1350 0.0371 0.3168 -0.0135 0.3273 0.0276 0.5046 -0.0049 0.5004 0.0210 0.5304 0.0029 0.5252 0.0445 0.5700 -0.0173 0.5661
7: -0.0133 -0.2277 -0.0084 -0.2460 -0.0053 -0.2465 -0.0019 -0.2469 -0.0197 -0.2436 -0.0240 -0.2426 -0.0275 -0.2415 0.0036 -0.2405 -0.0322 -0.2332 -0.0058 -0.2113 -0.0188 -0.2082 0.0430 -0.1361 -0.0581 -0.1248 0.0619 -0.0057 -0.0776 0.0098 0.0637 0.1030 -0.0548 0.1047 0.0625 0.1416 -0.0502 0.1431 0.0569 0.1346 -0.0426 0.1303 0.0558 0.1205 -0.0429 0.1180 0.0345 0.1261 -0.0195 0.1348 0.0360 0.3188 -0.0138 0.3274 0.0276 0.5161 -0.0052 0.4993 0.0204 0.5433 0.0024 0.5255 0.0458 0.5724 -0.0166 0.5592
8: -0.0121 -0.2279 -0.0074 -0.2462 -0.0042 -0.2467 -0.0007 -0.2471 -0.0181 -0.2438 -0.0222 -0.2428 -0.0258 -0.2417 0.0049 -0.2406 -0.0304 -0.2335 -0.0049 -0.2114 -0.0175 -0.2084 0.0437 -0.1356 -0.0577 -0.1254 0.0615 -0.0051 -0.0777 0.0093 0.0635 0.1027 -0.0553 0.1044 0.0624 0.1412 -0.0506 0.1431 0.0565 0.1344 -0.0433 0.1302 0.0555 0.1206 -0.0435 0.1177 0.0339 0.1263 -0.0200 0.1347 0.0354 0.3189 -0.0148 0.3287 0.0280 0.5165 -0.0060 0.4974 0.0205 0.5464 0.0015 0.5244 0.0451 0.5703 -0.0159 0.5574
9: -0.0089 -0.2282 -0.0040 -0.2466 -0.0007 -0.2470 0.0026 -0.2472 -0.0144 -0.2445 -0.0183 -0.2436 -0.0221 -0.2426 0.0084 -0.2403 -0.0275 -0.2343 -0.0024 -0.2112 -0.0145 -0.2090 0.0449 -0.1357 -0.0568 -0.1264 0.0614 -0.0047 -0.0777 0.0086 0.0629 0.1045 -0.0560 0.1046 0.0616 0.1439 -0.0513 0.1452 0.0558 0.1378 -0.0439 0.1321 0.0547 0.1240 -0.0440 0.1190 0.0329 0.1271 -0.0208 0.1348 0.0335 0.3192 -0.0163 0.3290 0.0278 0.5123 -0.0069 0.4936 0.0226 0.5405 0.0007 0.5187 0.0377 0.5673 -0.0168 0.5559
10: -0.0068 -0.2272 -0.0019 -0.2460 0.0014 -0.2464 0.0047 -0.2466 -0.0120 -0.2442 -0.0157 -0.2436 -0.0195 -0.2427 0.0106 -0.2395 -0.0250 -0.2346 -0.0005 -0.2092 -0.0121 -0.2076 0.0463 -0.1351 -0.0558 -0.1276 0.0609 -0.0036 -0.0772 0.0082 0.0616 0.1067 -0.0559 0.1086 0.0603 0.1462 -0.0509 0.1508 0.0545 0.1405 -0.0428 0.1401 0.0534 0.1271 -0.0433 0.1250 0.0314 0.1278 -0.0221 0.1348 0.0311 0.3212 -0.0176 0.3299 0.0266 0.5125 -0.0082 0.4920 0.0229 0.5377 -0.0007 0.5153 0.0309 0.5681 -0.0181 0.5551
11: -0.0046 -0.2275 0.0006 -0.2462 0.0037 -0.2464 0.0072 -0.2466 -0.0095 -0.2448 -0.0132 -0.2444 -0.0169 -0.2438 0.0129 -0.2391 -0.0227 -0.2356 0.0018 -0.2088 -0.0098 -0.2077 0.0478 -0.1332 -0.0550 -0.1289 0.0608 -0.0020 -0.0763 0.0081 0.0604 0.1060 -0.0536 0.1175 0.0590 0.1456 -0.0486 0.1582 0.0532 0.1388 -0.0380 0.1514 0.0520 0.1254 -0.0394 0.1349 0.0302 0.1280 -0.0231 0.1341 0.0293 0.3222 -0.0193 0.3300 0.0250 0.5132 -0.0098 0.4884 0.0221 0.5354 -0.0021 0.5112 0.0263 0.5704 -0.0197 0.5516
12: -0.0011 -0.2285 0.0039 -0.2468 0.0073 -0.2468 0.0110 -0.2467 -0.0064 -0.2464 -0.0103 -0.2462 -0.0141 -0.2459 0.0160 -0.2387 -0.0207 -0.2375 0.0052 -0.2090 -0.0068 -0.2086 0.0488 -0.1313 -0.0537 -0.1305 0.0619 -0.0006 -0.0754 0.0057 0.0608 0.1042 -0.0548 0.1143 0.0584 0.1435 -0.0501 0.1546 0.0524 0.1364 -0.0401 0.1470 0.0513 0.1228 -0.0411 0.1315 0.0291 0.1285 -0.0241 0.1333 0.0281 0.3259 -0.0203 0.3287 0.0238 0.5123 -0.0110 0.4818 0.0208 0.5326 -0.0033 0.5050 0.0248 0.5731 -0.0206 0.5457
13: 0.0019 -0.2279 0.0070 -0.2462 0.0104 -0.2461 0.0139 -0.2459 -0.0032 -0.2462 -0.0073 -0.2463 -0.0111 -0.2461 0.0187 -0.2378 -0.0179 -0.2380 0.0076 -0.2084 -0.0042 -0.2083 0.0497 -0.1295 -0.0524 -0.1313 0.0617 0.0002 -0.0728 0.0042 0.0598 0.1033 -0.0563 0.1123 0.0575 0.1423 -0.0522 0.1531 0.0518 0.1353 -0.0431 0.1442 0.0505 0.1219 -0.0435 0.1289 0.0279 0.1281 -0.0250 0.1325 0.0269 0.3257 -0.0213 0.3281 0.0225 0.5129 -0.0123 0.4788 0.0194 0.5314 -0.0047 0.5009 0.0237 0.5762 -0.0218 0.5401
14: 0.0041 -0.2265 0.0097 -0.2446 0.0133 -0.2444 0.0168 -0.2440 -0.0007 -0.2453 -0.0047 -0.2455 -0.0087 -0.2454 0.0215 -0.2361 -0.0158 -0.2376 0.0095 -0.2068 -0.0024 -0.2073 0.0505 -0.1291 -0.0514 -0.1330 0.0624 0.0003 -0.0698 0.0023 0.0590 0.1037 -0.0578 0.1102 0.0572 0.1429 -0.0536 0.1502 0.0514 0.1354 -0.0446 0.1415 0.0500 0.1221 -0.0450 0.1272 0.0266 0.1290 -0.0258 0.1332 0.0257 0.3265 -0.0224 0.3246 0.0212 0.5111 -0.0133 0.4695 0.0180 0.5298 -0.0060 0.4892 0.0218 0.5769 -0.0231 0.5353
15: 0.0057 -0.2242 0.0117 -0.2423 0.0154 -0.2420 0.0189 -0.2415 0.0012 -0.2432 -0.0028 -0.2435 -0.0068 -0.2437 0.0236 -0.2338 -0.0137 -0.2370 0.0109 -0.2047 -0.0011 -0.2053 0.0515 -0.1276 -0.0501 -0.1349 0.0632 0.0019 -0.0676 -0.0007 0.0578 0.1063 -0.0590 0.1067 0.0560 0.1450 -0.0549 0.1443 0.0501 0.1374 -0.0459 0.1365 0.0488 0.1240 -0.0464 0.1233 0.0255 0.1303 -0.0270 0.1323 0.0245 0.3280 -0.0234 0.3257 0.0196 0.5114 -0.0140 0.4672 0.0165 0.5306 -0.0073 0.4858 0.0209 0.5793 -0.0239 0.5335
16: 0.0056 -0.2227 0.0123 -0.2404 0.0158 -0.2400 0.0195 -0.2394 0.0019 -0.2418 -0.0020 -0.2423 -0.0058 -0.2427 0.0248 -0.2316 -0.0121 -0.2366 0.0111 -0.2030 -0.0011 -0.2040 0.0522 -0.1265 -0.0488 -0.1363 0.0649 0.0029 -0.0659 -0.0038 0.0568 0.1076 -0.0602 0.0991 0.0549 0.1462 -0.0571 0.1355 0.0490 0.1380 -0.0479 0.1283 0.0477 0.1242 -0.0478 0.1162 0.0248 0.1311 -0.0282 0.1318 0.0232 0.3308 -0.0248 0.3269 0.0181 0.5122 -0.0148 0.4585 0.0147 0.5296 -0.0084 0.4738 0.0196 0.5817 -0.0251 0.5305
17: 0.0069 -0.2223 0.0139 -0.2400 0.0172 -0.2394 0.0210 -0.2389 0.0033 -0.2415 -0.0007 -0.2423 -0.0046 -0.2430 0.0260 -0.2311 -0.0113 -0.2373 0.0121 -0.2026 -0.0002 -0.2037 0.0528 -0.1264 -0.0482 -0.1370 0.0669 0.0037 -0.0651 -0.0052 0.0560 0.1085 -0.0611 0.0972 0.0539 0.1474 -0.0588 0.1331 0.0480 0.1384 -0.0495 0.1256 0.0469 0.1245 -0.0489 0.1136 0.0246 0.1314 -0.0291 0.1321 0.0222 0.3313 -0.0259 0.3273 0.0170 0.5079 -0.0157 0.4461 0.0137 0.5205 -0.0093 0.4580 0.0165 0.5814 -0.0261 0.5244
18: 0.0081 -0.2229 0.0149 -0.2402 0.0181 -0.2396 0.0217 -0.2389 0.0043 -0.2424 0.0002 -0.2433 -0.0038 -0.2442 0.0265 -0.2312 -0.0109 -0.2384 0.0131 -0.2031 0.0005 -0.2051 0.0531 -0.1265 -0.0478 -0.1372 0.0672 0.0036 -0.0640 -0.0058 0.0562 0.1088 -0.0617 0.0938 0.0535 0.1472 -0.0596 0.1287 0.0475 0.1383 -0.0509 0.1206 0.0465 0.1244 -0.0497 0.1092 0.0244 0.1315 -0.0296 0.1322 0.0214 0.3315 -0.0270 0.3274 0.0175 0.5051 -0.0160 0.4352 0.0140 0.5177 -0.0090 0.4482 0.0162 0.5770 -0.0267 0.5214
19: 0.0083 -0.2232 0.0148 -0.2402 0.0180 -0.2394 0.0212 -0.2385 0.0044 -0.2426 0.0002 -0.2437 -0.0038 -0.2445 0.0256 -0.2304 -0.0112 -0.2389 0.0128 -0.2037 0.0004 -0.2061 0.0532 -0.1263 -0.0478 -0.1370 0.0679 0.0042 -0.0635 -0.0058 0.0562 0.1095 -0.0619 0.0938 0.0537 0.1476 -0.0606 0.1286 0.0473 0.1385 -0.0519 0.1211 0.0468 0.1243 -0.0506 0.1096 0.0243 0.1315 -0.0300 0.1320 0.0205 0.3324 -0.0283 0.3282 0.0166 0.5040 -0.0166 0.4416 0.0131 0.5172 -0.0096 0.4543 0.0150 0.5749 -0.0273 0.5238
20: 0.0059 -0.2247 0.0123 -0.2415 0.0157 -0.2408 0.0190 -0.2398 0.0017 -0.2439 -0.0024 -0.2448 -0.0063 -0.2456 0.0240 -0.2316 -0.0127 -0.2403 0.0108 -0.2056 -0.0016 -0.2080 0.0533 -0.1268 -0.0474 -0.1374 0.0680 0.0036 -0.0623 -0.0075 0.0556 0.1099 -0.0616 0.0919 0.0526 0.1479 -0.0610 0.1262 0.0461 0.1386 -0.0527 0.1179 0.0457 0.1244 -0.0511 0.1065 0.0242 0.1319 -0.0301 0.1322 0.0194 0.3324 -0.0294 0.3273 0.0156 0.5044 -0.0168 0.4432 0.0122 0.5179 -0.0100 0.4576 0.0141 0.5738 -0.0286 0.5268
21: 0.0042 -0.2246 0.0106 -0.2417 0.0140 -0.2410 0.0174 -0.2402 -0.0001 -0.2440 -0.0042 -0.2449 -0.0081 -0.2456 0.0226 -0.2323 -0.0139 -0.2405 0.0095 -0.2060 -0.0030 -0.2083 0.0537 -0.1271 -0.0476 -0.1375 0.0686 0.0038 -0.0619 -0.0079 0.0557 0.1111 -0.0608 0.0911 0.0518 0.1492 -0.0606 0.1263 0.0448 0.1390 -0.0527 0.1179 0.0452 0.1247 -0.0509 0.1061 0.0243 0.1322 -0.0302 0.1323 0.0189 0.3327 -0.0299 0.3270 0.0150 0.5055 -0.0169 0.4583 0.0117 0.5205 -0.0100 0.4762 0.0134 0.5736 -0.0296 0.5403
22: 0.0027 -0.2252 0.0091 -0.2424 0.0124 -0.2418 0.0159 -0.2411 -0.0018 -0.2443 -0.0058 -0.2450 -0.0097 -0.2455 0.0211 -0.2339 -0.0153 -0.2404 0.0083 -0.2072 -0.0044 -0.2089 0.0535 -0.1282 -0.0482 -0.1368 0.0682 0.0040 -0.0611 -0.0069 0.0573 0.1109 -0.0604 0.0916 0.0525 0.1489 -0.0605 0.1272 0.0450 0.1383 -0.0527 0.1192 0.0456 0.1243 -0.0507 0.1070 0.0245 0.1327 -0.0298 0.1325 0.0183 0.3322 -0.0294 0.3275 0.0142 0.5062 -0.0162 0.4837 0.0109 0.5226 -0.0091 0.5065 0.0132 0.5733 -0.0313 0.5576
23: 0.0020 -0.2248 0.0083 -0.2417 0.0116 -0.2412 0.0151 -0.2405 -0.0022 -0.2433 -0.0063 -0.2438 -0.0104 -0.2442 0.0202 -0.2337 -0.0161 -0.2390 0.0076 -0.2073 -0.0051 -0.2085 0.0533 -0.1280 -0.0484 -0.1350 0.0676 0.0050 -0.0601 -0.0048 0.0574 0.1126 -0.0596 0.0936 0.0524 0.1505 -0.0596 0.1297 0.0448 0.1399 -0.0515 0.1215 0.0453 0.1260 -0.0496 0.1093 0.0248 0.1317 -0.0296 0.1313 0.0185 0.3295 -0.0278 0.3278 0.0139 0.5080 -0.0162 0.5036 0.0106 0.5257 -0.0094 0.5271 0.0139 0.5728 -0.0322 0.5705
24: 0.0007 -0.2250 0.0071 -0.2415 0.0109 -0.2412 0.0141 -0.2408 -0.0040 -0.2424 -0.0078 -0.2425 -0.0118 -0.2427 0.0196 -0.2344 -0.0167 -0.2371 0.0072 -0.2078 -0.0059 -0.2081 0.0530 -0.1265 -0.0486 -0.1324 0.0672 0.0063 -0.0592 -0.0016 0.0570 0.1163 -0.0582 0.0965 0.0524 0.1534 -0.0585 0.1324 0.0445 0.1434 -0.0504 0.1242 0.0450 0.1298 -0.0484 0.1121 0.0251 0.1293 -0.0295 0.1294 0.0190 0.3255 -0.0267 0.3266 0.0136 0.5105 -0.0154 0.5153 0.0104 0.5293 -0.0090 0.5405 0.0147 0.5744 -0.0325 0.5779
25: -0.0010 -0.2241 0.0053 -0.2407 0.0094 -0.2404 0.0127 -0.2401 -0.0062 -0.2412 -0.0099 -0.2412 -0.0139 -0.2412 0.0179 -0.2337 -0.0174 -0.2354 0.0065 -0.2070 -0.0077 -0.2069 0.0523 -0.1264 -0.0492 -0.1305 0.0668 0.0056 -0.0591 0.0023 0.0567 0.1178 -0.0570 0.0991 0.0523 0.1549 -0.0572 0.1355 0.0442 0.1450 -0.0491 0.1270 0.0447 0.1314 -0.0471 0.1142 0.0260 0.1278 -0.0293 0.1290 0.0195 0.3250 -0.0260 0.3260 0.0132 0.5119 -0.0154 0.5237 0.0100 0.5331 -0.0092 0.5524 0.0145 0.5692 -0.0329 0.5778
26: -0.0034 -0.2233 0.0026 -0.2402 0.0068 -0.2400 0.0104 -0.2397 -0.0089 -0.2403 -0.0127 -0.2401 -0.0164 -0.2399 0.0151 -0.2332 -0.0190 -0.2340 0.0045 -0.2062 -0.0105 -0.2059 0.0520 -0.1262 -0.0497 -0.1285 0.0666 0.0062 -0.0587 0.0058 0.0564 0.1202 -0.0569 0.1028 0.0522 0.1565 -0.0570 0.1392 0.0439 0.1472 -0.0489 0.1307 0.0443 0.1340 -0.0470 0.1179 0.0269 0.1260 -0.0290 0.1289 0.0199 0.3226 -0.0255 0.3246 0.0124 0.5131 -0.0155 0.5297 0.0091 0.5359 -0.0096 0.5597 0.0139 0.5668 -0.0333 0.5764
27: -0.0054 -0.2234 0.0003 -0.2406 0.0045 -0.2404 0.0082 -0.2402 -0.0113 -0.2404 -0.0151 -0.2402 -0.0184 -0.2400 0.0128 -0.2337 -0.0210 -0.2336 0.0028 -0.2062 -0.0126 -0.2060 0.0511 -0.1271 -0.0500 -0.1279 0.0664 0.0058 -0.0591 0.0065 0.0564 0.1217 -0.0569 0.1044 0.0527 0.1572 -0.0568 0.1408 0.0439 0.1486 -0.0485 0.1322 0.0442 0.1357 -0.0467 0.1192 0.0273 0.1258 -0.0285 0.1292 0.0209 0.3186 -0.0246 0.3240 0.0123 0.5063 -0.0156 0.5253 0.0085 0.5343 -0.0105 0.5583 0.0146 0.5620 -0.0304 0.5747
28: -0.0078 -0.2255 -0.0023 -0.2425 0.0018 -0.2425 0.0056 -0.2423 -0.0137 -0.2422 -0.0172 -0.2420 -0.0203 -0.2417 0.0105 -0.2354 -0.0233 -0.2348 0.0006 -0.2085 -0.0150 -0.2080 0.0505 -0.1289 -0.0518 -0.1244 0.0663 0.0046 -0.0592 0.0109 0.0564 0.1228 -0.0562 0.1107 0.0529 0.1580 -0.0546 0.1470 0.0440 0.1494 -0.0463 0.1380 0.0442 0.1363 -0.0453 0.1247 0.0285 0.1246 -0.0274 0.1286 0.0210 0.3160 -0.0241 0.3226 0.0116 0.5022 -0.0156 0.5219 0.0073 0.5307 -0.0112 0.5560 0.0148 0.5582 -0.0267 0.5729
29: -0.0094 -0.2305 -0.0037 -0.2477 0.0004 -0.2476 0.0043 -0.2474 -0.0154 -0.2473 -0.0189 -0.2469 -0.0218 -0.2464 0.0096 -0.2405 -0.0258 -0.2382 -0.0007 -0.2135 -0.0167 -0.2130 0.0500 -0.1332 -0.0533 -0.1218 0.0673 -0.0001 -0.0582 0.0163 0.0572 0.1240 -0.0539 0.1172 0.0535 0.1602 -0.0512 0.1542 0.0438 0.1533 -0.0416 0.1467 0.0445 0.1391 -0.0412 0.1330 0.0297 0.1245 -0.0262 0.1306 0.0221 0.3113 -0.0224 0.3222 0.0124 0.4965 -0.0136 0.5195 0.0082 0.5212 -0.0101 0.5483 0.0174 0.5535 -0.0228 0.5769
30: -0.0102 -0.2343 -0.0046 -0.2518 -0.0006 -0.2519 0.0034 -0.2519 -0.0164 -0.2507 -0.0199 -0.2498 -0.0228 -0.2491 0.0089 -0.2444 -0.0276 -0.2390 -0.0013 -0.2164 -0.0175 -0.2155 0.0493 -0.1359 -0.0552 -0.1202 0.0679 0.0005 -0.0590 0.0203 0.0571 0.1269 -0.0515 0.1183 0.0520 0.1658 -0.0476 0.1537 0.0407 0.1597 -0.0383 0.1468 0.0420 0.1437 -0.0383 0.1332 0.0308 0.1240 -0.0250 0.1319 0.0234 0.3146 -0.0203 0.3271 0.0137 0.4921 -0.0096 0.5219 0.0096 0.5165 -0.0061 0.5496 0.0188 0.5488 -0.0221 0.5789
31: -0.0116 -0.2347 -0.0058 -0.2524 -0.0019 -0.2525 0.0020 -0.2525 -0.0175 -0.2510 -0.0210 -0.2501 -0.0242 -0.2492 0.0076 -0.2449 -0.0288 -0.2389 -0.0028 -0.2168 -0.0187 -0.2158 0.0480 -0.1361 -0.0567 -0.1203 0.0673 0.0004 -0.0600 0.0189 0.0582 0.1269 -0.0503 0.1159 0.0533 0.1655 -0.0467 0.1514 0.0415 0.1603 -0.0378 0.1442 0.0425 0.1449 -0.0375 0.1306 0.0323 0.1242 -0.0236 0.1324 0.0249 0.3150 -0.0185 0.3281 0.0153 0.4894 -0.0079 0.5194 0.0112 0.5111 -0.0043 0.5471 0.0205 0.5461 -0.0196 0.5777
32: -0.0118 -0.2337 -0.0066 -0.2514 -0.0029 -0.2515 0.0007 -0.2515 -0.0181 -0.2499 -0.0217 -0.2489 -0.0248 -0.2480 0.0057 -0.2440 -0.0297 -0.2378 -0.0038 -0.2158 -0.0190 -0.2147 0.0463 -0.1370 -0.0573 -0.1208 0.0659 -0.0003 -0.0629 0.0192 0.0597 0.1252 -0.0524 0.1140 0.0566 0.1623 -0.0488 0.1505 0.0458 0.1579 -0.0404 0.1427 0.0459 0.1441 -0.0400 0.1287 0.0333 0.1251 -0.0225 0.1329 0.0260 0.3172 -0.0172 0.3295 0.0164 0.4855 -0.0070 0.5181 0.0128 0.5037 -0.0033 0.5452 0.0217 0.5468 -0.0183 0.5806
33: -0.0132 -0.2332 -0.0085 -0.2512 -0.0049 -0.2515 -0.0013 -0.2516 -0.0200 -0.2493 -0.0234 -0.2482 -0.0266 -0.2471 0.0039 -0.2445 -0.0311 -0.2367 -0.0052 -0.2156 -0.0200 -0.2140 0.0450 -0.1394 -0.0577 -0.1198 0.0648 -0.0042 -0.0672 0.0153 0.0607 0.1175 -0.0536 0.1116 0.0585 0.1543 -0.0493 0.1496 0.0500 0.1494 -0.0405 0.1409 0.0494 0.1363 -0.0407 0.1258 0.0342 0.1256 -0.0215 0.1338 0.0281 0.3184 -0.0156 0.3300 0.0181 0.4682 -0.0058 0.5182 0.0150 0.4827 -0.0013 0.5448 0.0237 0.5383 -0.0154 0.5827
34: -0.0133 -0.2331 -0.0090 -0.2515 -0.0054 -0.2519 -0.0018 -0.2522 -0.0205 -0.2490 -0.0240 -0.2478 -0.0270 -0.2465 0.0031 -0.2451 -0.0318 -0.2358 -0.0053 -0.2158 -0.0201 -0.2135 0.0446 -0.1408 -0.0594 -0.1196 0.0639 -0.0068 -0.0711 0.0159 0.0615 0.1138 -0.0540 0.1099 0.0595 0.1508 -0.0492 0.1481 0.0513 0.1462 -0.0403 0.1382 0.0506 0.1330 -0.0407 0.1227 0.0352 0.1258 -0.0205 0.1344 0.0313 0.3173 -0.0141 0.3308 0.0203 0.4594 -0.0049 0.5184 0.0172 0.4719 -0.0000 0.5449 0.0260 0.5341 -0.0146 0.5825
35: -0.0121 -0.2324 -0.0082 -0.2510 -0.0047 -0.2514 -0.0012 -0.2516 -0.0193 -0.2482 -0.0230 -0.2468 -0.0263 -0.2453 0.0028 -0.2446 -0.0315 -0.2350 -0.0043 -0.2152 -0.0189 -0.2126 0.0441 -0.1410 -0.0600 -0.1195 0.0631 -0.0074 -0.0732 0.0155 0.0622 0.1091 -0.0533 0.1101 0.0613 0.1454 -0.0485 0.1481 0.0548 0.1417 -0.0392 0.1384 0.0534 0.1288 -0.0400 0.1231 0.0359 0.1260 -0.0198 0.1346 0.0359 0.3147 -0.0130 0.3308 0.0216 0.4528 -0.0042 0.5182 0.0181 0.4628 0.0009 0.5445 0.0273 0.5304 -0.0133 0.5824
36: -0.0112 -0.2292 -0.0073 -0.2487 -0.0038 -0.2495 -0.0006 -0.2500 -0.0183 -0.2456 -0.0222 -0.2444 -0.0258 -0.2432 0.0031 -0.2437 -0.0311 -0.2338 -0.0034 -0.2131 -0.0180 -0.2097 0.0431 -0.1407 -0.0601 -0.1198 0.0625 -0.0078 -0.0745 0.0151 0.0629 0.1075 -0.0532 0.1102 0.0625 0.1443 -0.0480 0.1482 0.0563 0.1414 -0.0387 0.1382 0.0549 0.1283 -0.0397 0.1231 0.0363 0.1256 -0.0194 0.1347 0.0390 0.3136 -0.0122 0.3308 0.0226 0.4485 -0.0033 0.5166 0.0188 0.4558 0.0025 0.5442 0.0285 0.5267 -0.0118 0.5822
37: -0.0107 -0.2282 -0.0068 -0.2479 -0.0034 -0.2487 -0.0003 -0.2493 -0.0178 -0.2449 -0.0217 -0.2438 -0.0254 -0.2426 0.0031 -0.2432 -0.0310 -0.2333 -0.0031 -0.2122 -0.0174 -0.2087 0.0427 -0.1402 -0.0601 -0.1195 0.0616 -0.0074 -0.0763 0.0151 0.0631 0.1057 -0.0545 0.1085 0.0634 0.1421 -0.0488 0.1466 0.0574 0.1400 -0.0400 0.1359 0.0558 0.1271 -0.0413 0.1208 0.0364 0.1248 -0.0190 0.1349 0.0411 0.3133 -0.0119 0.3321 0.0234 0.4524 -0.0025 0.5146 0.0194 0.4621 0.0035 0.5392 0.0308 0.5297 -0.0108 0.5822
38: -0.0104 -0.2276 -0.0065 -0.2474 -0.0031 -0.2482 -0.0002 -0.2488 -0.0174 -0.2445 -0.0213 -0.2433 -0.0250 -0.2421 0.0033 -0.2427 -0.0308 -0.2328 -0.0028 -0.2117 -0.0172 -0.2082 0.0426 -0.1396 -0.0601 -0.1200 0.0599 -0.0067 -0.0778 0.0153 0.0630 0.1056 -0.0548 0.1080 0.0633 0.1417 -0.0491 0.1459 0.0571 0.1395 -0.0405 0.1348 0.0556 0.1264 -0.0416 0.1201 0.0363 0.1247 -0.0188 0.1350 0.0409 0.3121 -0.0120 0.3324 0.0239 0.4566 -0.0026 0.5105 0.0197 0.4686 0.0033 0.5312 0.0339 0.5315 -0.0105 0.5817
39: -0.0103 -0.2261 -0.0061 -0.2461 -0.0027 -0.2469 0.0003 -0.2474 -0.0172 -0.2432 -0.0210 -0.2421 -0.0247 -0.2409 0.0039 -0.2414 -0.0304 -0.2317 -0.0025 -0.2104 -0.0169 -0.2069 0.0425 -0.1381 -0.0600 -0.1223 0.0582 -0.0054 -0.0789 0.0152 0.0630 0.1073 -0.0546 0.1092 0.0633 0.1431 -0.0490 0.1470 0.0567 0.1410 -0.0404 0.1359 0.0553 0.1278 -0.0414 0.1213 0.0361 0.1247 -0.0186 0.1358 0.0404 0.3132 -0.0119 0.3341 0.0241 0.4609 -0.0023 0.5089 0.0198 0.4744 0.0035 0.5278 0.0367 0.5396 -0.0104 0.5816
40: -0.0088 -0.2255 -0.0053 -0.2455 -0.0023 -0.2462 0.0006 -0.2468 -0.0156 -0.2427 -0.0197 -0.2416 -0.0235 -0.2405 0.0042 -0.2409 -0.0301 -0.2316 -0.0021 -0.2097 -0.0151 -0.2064 0.0420 -0.1374 -0.0597 -0.1241 0.0566 -0.0046 -0.0798 0.0142 0.0630 0.1079 -0.0548 0.1094 0.0630 0.1440 -0.0491 0.1474 0.0563 0.1416 -0.0404 0.1364 0.0551 0.1283 -0.0413 0.1218 0.0359 0.1251 -0.0182 0.1362 0.0401 0.3138 -0.0118 0.3337 0.0247 0.4778 -0.0020 0.5038 0.0205 0.4979 0.0036 0.5249 0.0420 0.5533 -0.0104 0.5781
