1: 0.0440 -0.2173 0.0385 -0.2347 0.0377 -0.2351 0.0368 -0.2353 0.0372 -0.2345 0.0357 -0.2348 0.0338 -0.2350 0.0237 -0.2262 0.0210 -0.2265 0.0410 -0.2001 0.0391 -0.2008 0.0117 -0.1260 -0.0007 -0.1326 0.0019 -0.0105 -0.0522 -0.0278 0.0605 -0.0506 0.0047 0.0284 0.0747 -0.0696 0.0191 0.0389 0.0736 -0.0779 0.0234 0.0265 0.0677 -0.0715 0.0208 0.0201 -0.0118 0.1290 0.0009 0.1298 -0.0149 0.3157 0.0424 0.3115 -0.0546 0.4982 -0.0157 0.4879 -0.0721 0.5297 -0.0341 0.5116 -0.0104 0.5445 0.0204 0.5456
2: 0.0437 -0.2203 0.0381 -0.2377 0.0373 -0.2380 0.0363 -0.2381 0.0368 -0.2377 0.0352 -0.2380 0.0333 -0.2382 0.0233 -0.2293 0.0202 -0.2296 0.0406 -0.2018 0.0387 -0.2027 0.0116 -0.1240 -0.0010 -0.1348 0.0034 -0.0102 -0.0558 -0.0417 0.0604 -0.0528 -0.0025 0.0253 0.0746 -0.0725 0.0118 0.0410 0.0737 -0.0822 0.0153 0.0324 0.0682 -0.0774 0.0126 0.0268 -0.0114 0.1286 0.0009 0.1303 -0.0193 0.3149 0.0366 0.3138 -0.0645 0.4992 0.0017 0.4983 -0.0831 0.5272 -0.0125 0.5275 -0.0305 0.5530 0.0478 0.5495
3: 0.0433 -0.2211 0.0373 -0.2389 0.0364 -0.2392 0.0353 -0.2393 0.0360 -0.2390 0.0343 -0.2396 0.0324 -0.2399 0.0223 -0.2313 0.0189 -0.2318 0.0400 -0.2026 0.0378 -0.2038 0.0119 -0.1233 -0.0027 -0.1370 0.0154 -0.0136 -0.0634 -0.0538 0.0597 -0.0548 -0.0102 0.0175 0.0738 -0.0755 0.0032 0.0365 0.0730 -0.0847 0.0075 0.0318 0.0679 -0.0805 0.0052 0.0256 -0.0091 0.1282 0.0001 0.1322 -0.0249 0.3123 0.0312 0.3179 -0.0754 0.4939 0.0181 0.5110 -0.0967 0.5177 0.0045 0.5468 -0.0439 0.5602 0.0646 0.5547
4: 0.0423 -0.2185 0.0364 -0.2364 0.0354 -0.2368 0.0343 -0.2370 0.0351 -0.2365 0.0333 -0.2371 0.0314 -0.2376 0.0214 -0.2298 0.0177 -0.2308 0.0388 -0.2003 0.0366 -0.2014 0.0132 -0.1209 -0.0049 -0.1349 0.0211 -0.0121 -0.0677 -0.0556 0.0596 -0.0547 -0.0140 0.0141 0.0735 -0.0757 -0.0016 0.0335 0.0723 -0.0847 0.0030 0.0287 0.0675 -0.0807 0.0009 0.0222 -0.0068 0.1255 -0.0012 0.1302 -0.0253 0.3145 0.0243 0.3216 -0.0893 0.4821 0.0235 0.5190 -0.1078 0.4999 0.0095 0.5563 -0.0594 0.5601 0.0701 0.5592
5: 0.0416 -0.2179 0.0355 -0.2357 0.0345 -0.2361 0.0333 -0.2363 0.0342 -0.2356 0.0325 -0.2361 0.0305 -0.2364 0.0204 -0.2286 0.0168 -0.2293 0.0384 -0.1998 0.0363 -0.2009 0.0133 -0.1220 -0.0060 -0.1340 0.0174 -0.0147 -0.0678 -0.0527 0.0586 -0.0539 -0.0144 0.0154 0.0724 -0.0740 -0.0022 0.0340 0.0713 -0.0838 0.0026 0.0279 0.0664 -0.0793 0.0008 0.0218 -0.0053 0.1259 -0.0021 0.1300 -0.0236 0.3149 0.0213 0.3205 -0.1019 0.4556 0.0186 0.5234 -0.1207 0.4646 0.0046 0.5597 -0.0835 0.5413 0.0666 0.5576
6: 0.0415 -0.2188 0.0352 -0.2360 0.0342 -0.2362 0.0330 -0.2362 0.0340 -0.2354 0.0322 -0.2354 0.0303 -0.2354 0.0202 -0.2264 0.0166 -0.2265 0.0386 -0.2014 0.0364 -0.2023 0.0129 -0.1268 -0.0063 -0.1297 0.0149 -0.0198 -0.0679 -0.0494 0.0574 -0.0493 -0.0134 0.0100 0.0695 -0.0619 -0.0007 0.0290 0.0697 -0.0732 0.0038 0.0239 0.0645 -0.0696 0.0021 0.0190 -0.0053 0.1254 -0.0014 0.1310 -0.0119 0.3203 0.0209 0.3289 -0.1054 0.4206 0.0118 0.5249 -0.1260 0.4189 -0.0031 0.5573 -0.0974 0.5138 0.0586 0.5556
7: 0.0425 -0.2144 0.0359 -0.2326 0.0347 -0.2332 0.0333 -0.2337 0.0349 -0.2320 0.0332 -0.2323 0.0313 -0.2326 0.0202 -0.2248 0.0177 -0.2249 0.0395 -0.1980 0.0378 -0.1982 0.0099 -0.1300 -0.0045 -0.1258 -0.0102 -0.0125 -0.0637 -0.0251 0.0445 -0.0214 0.0029 0.0165 0.0583 -0.0290 0.0222 0.0148 0.0599 -0.0424 0.0270 0.0073 0.0539 -0.0397 0.0220 0.0033 -0.0045 0.1242 -0.0007 0.1315 0.0045 0.3180 0.0216 0.3266 -0.0994 0.3812 0.0000 0.5119 -0.1196 0.3720 -0.0146 0.5452 -0.0991 0.4755 0.0545 0.5470
8: 0.0432 -0.2143 0.0370 -0.2324 0.0357 -0.2332 0.0341 -0.2340 0.0364 -0.2317 0.0349 -0.2320 0.0332 -0.2323 0.0209 -0.2259 0.0199 -0.2257 0.0401 -0.1980 0.0388 -0.1983 0.0083 -0.1268 -0.0025 -0.1243 -0.0280 -0.0031 -0.0537 -0.0070 0.0342 0.0050 0.0202 0.0159 0.0488 0.0006 0.0413 0.0031 0.0514 -0.0114 0.0474 -0.0114 0.0464 -0.0107 0.0400 -0.0117 -0.0044 0.1241 -0.0016 0.1270 0.0132 0.3104 0.0221 0.3171 -0.0952 0.3547 -0.0162 0.4959 -0.1151 0.3482 -0.0331 0.5266 -0.0916 0.4454 0.0288 0.5318
9: 0.0441 -0.2200 0.0379 -0.2373 0.0366 -0.2379 0.0351 -0.2385 0.0372 -0.2364 0.0357 -0.2364 0.0340 -0.2365 0.0220 -0.2288 0.0209 -0.2277 0.0411 -0.2029 0.0397 -0.2029 0.0096 -0.1287 -0.0012 -0.1206 -0.0191 0.0033 -0.0379 0.0074 0.0352 0.0152 0.0303 0.0128 0.0494 0.0209 0.0496 0.0118 0.0535 0.0034 0.0526 -0.0056 0.0488 0.0007 0.0473 -0.0072 -0.0039 0.1227 -0.0044 0.1265 0.0145 0.3051 0.0230 0.3161 -0.0883 0.3451 -0.0300 0.4901 -0.1072 0.3384 -0.0482 0.5171 -0.0816 0.4355 0.0117 0.5235
10: 0.0446 -0.2188 0.0384 -0.2366 0.0371 -0.2373 0.0356 -0.2380 0.0377 -0.2356 0.0361 -0.2356 0.0344 -0.2357 0.0225 -0.2295 0.0213 -0.2279 0.0415 -0.2013 0.0401 -0.2016 0.0095 -0.1294 0.0000 -0.1230 -0.0149 0.0039 -0.0244 0.0151 0.0387 0.0162 0.0367 0.0124 0.0512 0.0330 0.0511 0.0201 0.0554 0.0143 0.0552 0.0030 0.0505 0.0046 0.0514 -0.0003 -0.0036 0.1246 -0.0061 0.1280 0.0241 0.3039 0.0184 0.3233 -0.0748 0.3566 -0.0441 0.4927 -0.0969 0.3533 -0.0609 0.5203 -0.0651 0.4356 -0.0040 0.5253
11: 0.0451 -0.2204 0.0388 -0.2381 0.0375 -0.2387 0.0359 -0.2393 0.0382 -0.2373 0.0367 -0.2374 0.0352 -0.2375 0.0228 -0.2305 0.0226 -0.2297 0.0420 -0.2029 0.0407 -0.2034 0.0016 -0.1266 0.0081 -0.1268 -0.0250 0.0035 -0.0027 0.0073 0.0266 0.0152 0.0510 -0.0053 0.0388 0.0233 0.0656 -0.0113 0.0400 0.0152 0.0670 -0.0324 0.0364 0.0128 0.0607 -0.0232 -0.0033 0.1265 -0.0066 0.1270 0.0393 0.3041 -0.0000 0.3238 -0.0509 0.3844 -0.0574 0.4948 -0.0719 0.3590 -0.0764 0.5220 -0.0424 0.4496 -0.0188 0.5289
12: 0.0445 -0.2223 0.0381 -0.2408 0.0366 -0.2412 0.0350 -0.2415 0.0379 -0.2408 0.0366 -0.2413 0.0352 -0.2419 0.0219 -0.2337 0.0228 -0.2348 0.0410 -0.2042 0.0401 -0.2048 0.0002 -0.1275 0.0110 -0.1316 -0.0367 -0.0123 0.0074 0.0014 -0.0024 0.0092 0.0600 -0.0395 0.0116 0.0056 0.0741 -0.0555 0.0195 -0.0028 0.0728 -0.0732 0.0144 -0.0030 0.0677 -0.0679 -0.0007 0.1278 -0.0103 0.1314 0.0397 0.3017 -0.0227 0.3282 -0.0332 0.4221 -0.0680 0.4882 -0.0501 0.4372 -0.0863 0.5186 -0.0090 0.4858 -0.0232 0.5341
13: 0.0445 -0.2273 0.0378 -0.2436 0.0363 -0.2435 0.0347 -0.2433 0.0378 -0.2434 0.0365 -0.2434 0.0351 -0.2434 0.0218 -0.2332 0.0231 -0.2340 0.0412 -0.2096 0.0407 -0.2101 -0.0028 -0.1238 0.0145 -0.1325 -0.0454 -0.0223 0.0152 0.0126 -0.0062 0.0246 0.0730 -0.0681 0.0058 0.0148 0.0848 -0.0881 0.0111 0.0089 0.0816 -0.1003 0.0093 0.0055 0.0756 -0.0925 -0.0011 0.1273 -0.0108 0.1289 0.0373 0.3031 -0.0323 0.3179 -0.0158 0.4667 -0.0793 0.4961 -0.0283 0.4915 -0.1004 0.5245 0.0236 0.5203 -0.0432 0.5544
14: 0.0442 -0.2287 0.0372 -0.2450 0.0357 -0.2449 0.0340 -0.2447 0.0373 -0.2445 0.0360 -0.2442 0.0346 -0.2439 0.0212 -0.2333 0.0227 -0.2335 0.0412 -0.2104 0.0409 -0.2105 -0.0049 -0.1226 0.0189 -0.1323 -0.0509 -0.0292 0.0211 0.0118 -0.0091 0.0187 0.0763 -0.0722 -0.0000 0.0260 0.0870 -0.0907 0.0069 0.0165 0.0838 -0.1014 0.0033 0.0152 0.0793 -0.0955 -0.0026 0.1257 -0.0113 0.1293 0.0304 0.3077 -0.0374 0.3171 0.0047 0.4933 -0.0930 0.4949 -0.0067 0.5264 -0.1096 0.5174 0.0504 0.5344 -0.0565 0.5641
15: 0.0443 -0.2222 0.0372 -0.2399 0.0356 -0.2401 0.0338 -0.2400 0.0375 -0.2395 0.0363 -0.2395 0.0350 -0.2394 0.0210 -0.2302 0.0229 -0.2299 0.0411 -0.2049 0.0409 -0.2050 -0.0063 -0.1220 0.0204 -0.1296 -0.0539 -0.0302 0.0213 0.0107 -0.0102 0.0109 0.0754 -0.0697 -0.0021 0.0217 0.0865 -0.0907 0.0048 0.0155 0.0829 -0.1015 0.0017 0.0139 0.0778 -0.0951 -0.0034 0.1235 -0.0106 0.1283 0.0260 0.3128 -0.0371 0.3194 0.0141 0.5047 -0.1018 0.4853 0.0025 0.5386 -0.1181 0.5029 0.0627 0.5415 -0.0707 0.5688
16: 0.0448 -0.2224 0.0377 -0.2398 0.0359 -0.2401 0.0341 -0.2400 0.0382 -0.2396 0.0370 -0.2398 0.0357 -0.2398 0.0212 -0.2306 0.0236 -0.2306 0.0412 -0.2042 0.0411 -0.2049 -0.0069 -0.1221 0.0190 -0.1290 -0.0533 -0.0247 0.0180 0.0100 -0.0083 0.0089 0.0702 -0.0562 0.0007 0.0183 0.0825 -0.0777 0.0076 0.0126 0.0782 -0.0878 0.0056 0.0105 0.0729 -0.0826 -0.0040 0.1232 -0.0080 0.1277 0.0237 0.3127 -0.0307 0.3204 0.0117 0.5062 -0.1076 0.4688 -0.0004 0.5384 -0.1263 0.4818 0.0591 0.5438 -0.0861 0.5620
17: 0.0437 -0.2229 0.0366 -0.2397 0.0349 -0.2399 0.0330 -0.2397 0.0371 -0.2396 0.0358 -0.2398 0.0345 -0.2398 0.0200 -0.2301 0.0224 -0.2311 0.0402 -0.2039 0.0401 -0.2055 -0.0078 -0.1222 0.0173 -0.1300 -0.0507 -0.0247 0.0128 0.0157 -0.0130 0.0066 0.0658 -0.0501 -0.0062 0.0155 0.0787 -0.0606 0.0017 0.0096 0.0750 -0.0724 -0.0017 0.0080 0.0700 -0.0690 -0.0048 0.1241 -0.0046 0.1278 0.0218 0.3166 -0.0209 0.3196 -0.0010 0.5077 -0.1108 0.4529 -0.0137 0.5388 -0.1310 0.4561 0.0460 0.5436 -0.0974 0.5485
18: 0.0437 -0.2193 0.0367 -0.2369 0.0350 -0.2374 0.0332 -0.2376 0.0371 -0.2365 0.0358 -0.2367 0.0345 -0.2367 0.0201 -0.2288 0.0224 -0.2289 0.0403 -0.2023 0.0401 -0.2036 -0.0072 -0.1211 0.0161 -0.1301 -0.0455 0.0040 0.0099 0.0228 -0.0002 0.0090 0.0615 -0.0110 0.0142 0.0152 0.0747 -0.0205 0.0168 0.0072 0.0719 -0.0325 0.0130 0.0077 0.0669 -0.0274 -0.0049 0.1270 -0.0041 0.1243 0.0178 0.3218 -0.0055 0.3186 -0.0108 0.5003 -0.1078 0.4239 -0.0247 0.5310 -0.1274 0.4205 0.0319 0.5322 -0.1026 0.5217
19: 0.0432 -0.2145 0.0365 -0.2319 0.0350 -0.2324 0.0332 -0.2330 0.0367 -0.2312 0.0353 -0.2314 0.0339 -0.2317 0.0198 -0.2241 0.0216 -0.2240 0.0396 -0.1980 0.0393 -0.1980 -0.0039 -0.1203 0.0134 -0.1243 -0.0256 0.0131 -0.0098 0.0157 0.0269 0.0196 0.0533 0.0107 0.0378 0.0283 0.0665 0.0154 0.0408 0.0167 0.0681 -0.0015 0.0373 0.0085 0.0646 -0.0030 -0.0060 0.1232 -0.0036 0.1212 0.0110 0.3188 0.0079 0.3163 -0.0220 0.4876 -0.1000 0.4003 -0.0387 0.5182 -0.1193 0.3973 0.0224 0.5201 -0.0965 0.4997
20: 0.0435 -0.2131 0.0373 -0.2302 0.0358 -0.2308 0.0341 -0.2314 0.0371 -0.2297 0.0357 -0.2299 0.0342 -0.2301 0.0206 -0.2231 0.0218 -0.2228 0.0398 -0.1968 0.0393 -0.1968 0.0015 -0.1223 0.0096 -0.1237 -0.0203 0.0116 -0.0224 0.0099 0.0316 0.0210 0.0425 0.0139 0.0455 0.0360 0.0607 0.0195 0.0495 0.0166 0.0641 0.0033 0.0442 0.0111 0.0600 0.0004 -0.0075 0.1231 -0.0038 0.1229 0.0091 0.3149 0.0166 0.3191 -0.0410 0.4793 -0.0921 0.3925 -0.0549 0.5136 -0.1136 0.3885 0.0069 0.5119 -0.0848 0.4771
21: 0.0448 -0.2100 0.0392 -0.2282 0.0379 -0.2290 0.0363 -0.2297 0.0387 -0.2277 0.0371 -0.2281 0.0354 -0.2285 0.0218 -0.2234 0.0224 -0.2227 0.0411 -0.1936 0.0402 -0.1946 0.0072 -0.1236 0.0047 -0.1263 -0.0125 0.0057 -0.0347 0.0043 0.0427 0.0105 0.0334 0.0155 0.0584 0.0197 0.0533 0.0136 0.0595 0.0085 0.0569 -0.0034 0.0523 0.0014 0.0506 -0.0024 -0.0085 0.1247 -0.0034 0.1251 -0.0020 0.3136 0.0248 0.3197 -0.0510 0.4732 -0.0728 0.4040 -0.0655 0.5046 -0.0996 0.4007 -0.0104 0.5131 -0.0813 0.4747
22: 0.0462 -0.2123 0.0410 -0.2301 0.0398 -0.2307 0.0381 -0.2312 0.0403 -0.2296 0.0386 -0.2299 0.0368 -0.2302 0.0237 -0.2242 0.0235 -0.2238 0.0425 -0.1949 0.0415 -0.1961 0.0086 -0.1232 0.0047 -0.1269 -0.0159 0.0041 -0.0429 -0.0108 0.0463 -0.0039 0.0264 0.0116 0.0613 -0.0173 0.0474 0.0014 0.0641 -0.0304 0.0547 -0.0109 0.0562 -0.0247 0.0439 -0.0096 -0.0114 0.1249 -0.0020 0.1253 -0.0140 0.3163 0.0361 0.3197 -0.0599 0.4595 -0.0565 0.4214 -0.0803 0.4963 -0.0762 0.4403 -0.0248 0.5151 -0.0372 0.4850
23: 0.0474 -0.2147 0.0419 -0.2327 0.0406 -0.2332 0.0390 -0.2333 0.0410 -0.2328 0.0393 -0.2333 0.0373 -0.2335 0.0251 -0.2250 0.0239 -0.2260 0.0436 -0.1954 0.0422 -0.1963 0.0106 -0.1203 0.0026 -0.1310 -0.0086 -0.0001 -0.0514 -0.0399 0.0561 -0.0423 0.0074 0.0136 0.0715 -0.0618 0.0201 0.0226 0.0727 -0.0741 0.0376 0.0092 0.0652 -0.0661 0.0283 0.0040 -0.0125 0.1246 -0.0008 0.1269 -0.0235 0.3081 0.0353 0.3120 -0.0722 0.4670 -0.0336 0.4468 -0.0928 0.5037 -0.0559 0.4726 -0.0403 0.5212 -0.0063 0.5056
24: 0.0480 -0.2104 0.0426 -0.2290 0.0413 -0.2296 0.0398 -0.2299 0.0418 -0.2291 0.0401 -0.2298 0.0383 -0.2303 0.0258 -0.2222 0.0248 -0.2235 0.0442 -0.1923 0.0428 -0.1928 0.0123 -0.1207 0.0016 -0.1331 0.0144 -0.0047 -0.0582 -0.0538 0.0637 -0.0622 -0.0065 0.0234 0.0768 -0.0824 0.0035 0.0313 0.0765 -0.0917 0.0087 0.0206 0.0720 -0.0869 0.0064 0.0157 -0.0132 0.1258 -0.0008 0.1281 -0.0309 0.3064 0.0320 0.3095 -0.0852 0.4822 -0.0071 0.4872 -0.1051 0.5095 -0.0185 0.5173 -0.0539 0.5388 0.0391 0.5277
25: 0.0476 -0.2105 0.0422 -0.2295 0.0409 -0.2301 0.0392 -0.2305 0.0415 -0.2291 0.0398 -0.2296 0.0379 -0.2299 0.0251 -0.2225 0.0243 -0.2233 0.0440 -0.1932 0.0425 -0.1933 0.0137 -0.1211 -0.0001 -0.1339 0.0191 -0.0100 -0.0634 -0.0591 0.0639 -0.0686 -0.0110 0.0093 0.0752 -0.0895 -0.0006 0.0360 0.0746 -0.1006 0.0037 0.0310 0.0701 -0.0951 0.0021 0.0197 -0.0126 0.1265 -0.0011 0.1287 -0.0334 0.3075 0.0280 0.3150 -0.0971 0.4796 0.0140 0.5099 -0.1129 0.4983 -0.0000 0.5446 -0.0654 0.5498 0.0610 0.5416
26: 0.0466 -0.2087 0.0412 -0.2271 0.0397 -0.2277 0.0380 -0.2281 0.0405 -0.2269 0.0388 -0.2275 0.0368 -0.2279 0.0237 -0.2206 0.0230 -0.2210 0.0426 -0.1914 0.0411 -0.1919 0.0130 -0.1216 -0.0019 -0.1326 0.0181 -0.0167 -0.0653 -0.0599 0.0596 -0.0695 -0.0153 0.0056 0.0705 -0.0901 -0.0048 0.0335 0.0708 -0.0999 -0.0001 0.0311 0.0665 -0.0947 -0.0018 0.0171 -0.0093 0.1255 -0.0019 0.1285 -0.0308 0.3117 0.0235 0.3160 -0.1068 0.4648 0.0225 0.5175 -0.1245 0.4781 0.0119 0.5527 -0.0845 0.5492 0.0717 0.5479
27: 0.0458 -0.2099 0.0408 -0.2281 0.0394 -0.2286 0.0378 -0.2290 0.0400 -0.2278 0.0382 -0.2282 0.0362 -0.2286 0.0236 -0.2217 0.0221 -0.2218 0.0418 -0.1922 0.0403 -0.1927 0.0136 -0.1215 -0.0037 -0.1304 0.0152 -0.0154 -0.0665 -0.0562 0.0592 -0.0644 -0.0137 0.0056 0.0704 -0.0861 -0.0015 0.0304 0.0702 -0.0947 0.0033 0.0264 0.0656 -0.0890 0.0012 0.0143 -0.0071 0.1243 -0.0028 0.1278 -0.0275 0.3130 0.0209 0.3171 -0.1125 0.4434 0.0210 0.5182 -0.1335 0.4458 0.0092 0.5533 -0.0998 0.5280 0.0711 0.5488
28: 0.0455 -0.2091 0.0406 -0.2269 0.0393 -0.2274 0.0377 -0.2278 0.0398 -0.2264 0.0380 -0.2267 0.0360 -0.2271 0.0237 -0.2209 0.0222 -0.2218 0.0419 -0.1919 0.0404 -0.1931 0.0125 -0.1241 -0.0035 -0.1320 0.0071 -0.0141 -0.0622 -0.0453 0.0561 -0.0523 -0.0079 0.0107 0.0687 -0.0709 0.0046 0.0309 0.0688 -0.0810 0.0089 0.0249 0.0633 -0.0750 0.0067 0.0166 -0.0076 0.1269 -0.0013 0.1292 -0.0207 0.3183 0.0237 0.3218 -0.1117 0.4192 0.0111 0.5226 -0.1321 0.4143 -0.0019 0.5542 -0.1078 0.5119 0.0613 0.5558
29: 0.0452 -0.2136 0.0398 -0.2310 0.0386 -0.2313 0.0370 -0.2315 0.0389 -0.2304 0.0372 -0.2304 0.0352 -0.2304 0.0232 -0.2225 0.0216 -0.2230 0.0420 -0.1970 0.0404 -0.1973 0.0114 -0.1240 -0.0028 -0.1296 -0.0074 -0.0163 -0.0599 -0.0329 0.0524 -0.0318 -0.0010 0.0141 0.0650 -0.0468 0.0163 0.0226 0.0656 -0.0582 0.0207 0.0130 0.0602 -0.0514 0.0189 0.0064 -0.0070 0.1262 -0.0017 0.1275 -0.0015 0.3170 0.0248 0.3198 -0.1032 0.3861 0.0000 0.5117 -0.1232 0.3747 -0.0143 0.5418 -0.1053 0.4812 0.0475 0.5462
30: 0.0452 -0.2149 0.0395 -0.2319 0.0383 -0.2324 0.0367 -0.2330 0.0387 -0.2311 0.0371 -0.2312 0.0352 -0.2313 0.0228 -0.2238 0.0219 -0.2233 0.0419 -0.1983 0.0404 -0.1984 0.0102 -0.1224 -0.0013 -0.1235 -0.0190 -0.0017 -0.0531 -0.0046 0.0436 -0.0012 0.0198 0.0175 0.0623 -0.0035 0.0417 0.0127 0.0630 -0.0195 0.0468 -0.0035 0.0567 -0.0190 0.0400 -0.0040 -0.0061 0.1216 -0.0027 0.1243 0.0096 0.3120 0.0228 0.3178 -0.1001 0.3648 -0.0055 0.5032 -0.1224 0.3622 -0.0198 0.5316 -0.0951 0.4592 0.0360 0.5355
31: 0.0454 -0.2190 0.0397 -0.2359 0.0384 -0.2364 0.0369 -0.2369 0.0388 -0.2350 0.0372 -0.2349 0.0353 -0.2348 0.0231 -0.2282 0.0221 -0.2269 0.0420 -0.2025 0.0405 -0.2026 0.0105 -0.1251 -0.0001 -0.1215 -0.0169 0.0044 -0.0380 0.0070 0.0386 0.0228 0.0324 0.0166 0.0556 0.0382 0.0518 0.0247 0.0602 0.0173 0.0566 0.0076 0.0556 0.0122 0.0505 0.0039 -0.0061 0.1227 -0.0044 0.1240 0.0106 0.3077 0.0233 0.3162 -0.0872 0.3629 -0.0205 0.4953 -0.1094 0.3572 -0.0386 0.5224 -0.0900 0.4524 0.0187 0.5250
32: 0.0457 -0.2177 0.0401 -0.2344 0.0389 -0.2351 0.0374 -0.2358 0.0392 -0.2336 0.0376 -0.2337 0.0357 -0.2339 0.0236 -0.2293 0.0224 -0.2280 0.0423 -0.2011 0.0408 -0.2016 0.0110 -0.1264 0.0009 -0.1237 -0.0116 0.0034 -0.0261 0.0128 0.0391 0.0276 0.0381 0.0130 0.0540 0.0437 0.0527 0.0285 0.0586 0.0292 0.0579 0.0108 0.0559 0.0177 0.0537 0.0044 -0.0050 0.1248 -0.0068 0.1254 0.0277 0.2980 0.0203 0.3194 -0.0672 0.3715 -0.0367 0.4926 -0.0872 0.3705 -0.0521 0.5214 -0.0579 0.4363 0.0010 0.5245
33: 0.0460 -0.2182 0.0401 -0.2338 0.0387 -0.2342 0.0372 -0.2345 0.0395 -0.2339 0.0379 -0.2342 0.0361 -0.2345 0.0238 -0.2273 0.0228 -0.2272 0.0426 -0.1990 0.0412 -0.2007 0.0069 -0.1263 0.0069 -0.1245 -0.0120 0.0064 -0.0088 0.0050 0.0365 0.0274 0.0500 -0.0133 0.0439 0.0370 0.0665 -0.0229 0.0452 0.0318 0.0667 -0.0397 0.0435 0.0267 0.0620 -0.0370 -0.0050 0.1236 -0.0089 0.1273 0.0389 0.2962 0.0007 0.3182 -0.0456 0.4026 -0.0475 0.4889 -0.0645 0.3907 -0.0670 0.5191 -0.0365 0.4488 -0.0104 0.5272
34: 0.0469 -0.2237 0.0410 -0.2414 0.0396 -0.2416 0.0381 -0.2417 0.0405 -0.2419 0.0390 -0.2425 0.0373 -0.2431 0.0247 -0.2344 0.0244 -0.2356 0.0436 -0.2043 0.0421 -0.2065 0.0021 -0.1289 0.0130 -0.1314 -0.0362 -0.0101 0.0042 0.0041 0.0027 0.0300 0.0608 -0.0433 0.0214 0.0232 0.0749 -0.0594 0.0240 0.0199 0.0717 -0.0726 0.0209 0.0143 0.0668 -0.0690 -0.0042 0.1297 -0.0107 0.1306 0.0398 0.2912 -0.0205 0.3169 -0.0294 0.4344 -0.0568 0.4892 -0.0434 0.4519 -0.0725 0.5203 0.0021 0.4922 -0.0113 0.5338
35: 0.0479 -0.2241 0.0418 -0.2422 0.0403 -0.2424 0.0387 -0.2424 0.0414 -0.2425 0.0399 -0.2430 0.0383 -0.2433 0.0256 -0.2347 0.0254 -0.2356 0.0445 -0.2068 0.0431 -0.2083 -0.0016 -0.1288 0.0161 -0.1332 -0.0468 -0.0275 0.0122 0.0119 -0.0078 0.0145 0.0641 -0.0531 0.0046 0.0226 0.0782 -0.0743 0.0085 0.0216 0.0744 -0.0853 0.0072 0.0189 0.0686 -0.0806 -0.0052 0.1289 -0.0092 0.1331 0.0359 0.2973 -0.0288 0.3102 -0.0088 0.4688 -0.0667 0.4953 -0.0193 0.4968 -0.0852 0.5247 0.0348 0.5208 -0.0311 0.5524
36: 0.0482 -0.2243 0.0418 -0.2416 0.0402 -0.2419 0.0385 -0.2420 0.0417 -0.2419 0.0402 -0.2423 0.0385 -0.2427 0.0256 -0.2344 0.0257 -0.2346 0.0446 -0.2076 0.0433 -0.2087 -0.0035 -0.1279 0.0177 -0.1328 -0.0517 -0.0356 0.0167 0.0067 -0.0105 0.0049 0.0693 -0.0655 -0.0029 0.0101 0.0817 -0.0880 0.0030 0.0140 0.0776 -0.1014 0.0007 0.0128 0.0726 -0.0950 -0.0049 0.1281 -0.0092 0.1326 0.0308 0.3079 -0.0336 0.3136 0.0107 0.4957 -0.0767 0.4959 -0.0015 0.5279 -0.0970 0.5205 0.0574 0.5386 -0.0454 0.5646
37: 0.0486 -0.2182 0.0421 -0.2359 0.0405 -0.2363 0.0387 -0.2364 0.0422 -0.2362 0.0407 -0.2367 0.0390 -0.2371 0.0257 -0.2296 0.0262 -0.2299 0.0447 -0.2013 0.0437 -0.2027 -0.0061 -0.1251 0.0195 -0.1318 -0.0544 -0.0369 0.0202 0.0056 -0.0096 0.0030 0.0696 -0.0664 -0.0026 0.0099 0.0810 -0.0900 0.0042 0.0072 0.0774 -0.1030 0.0027 0.0069 0.0723 -0.0956 -0.0049 0.1258 -0.0085 0.1311 0.0284 0.3140 -0.0321 0.3171 0.0156 0.5070 -0.0873 0.4919 0.0036 0.5408 -0.1063 0.5116 0.0638 0.5456 -0.0559 0.5699
38: 0.0478 -0.2172 0.0411 -0.2343 0.0395 -0.2347 0.0376 -0.2349 0.0414 -0.2345 0.0400 -0.2350 0.0385 -0.2354 0.0243 -0.2284 0.0259 -0.2287 0.0437 -0.2001 0.0431 -0.2016 -0.0086 -0.1236 0.0188 -0.1298 -0.0580 -0.0323 0.0179 0.0054 -0.0114 0.0036 0.0668 -0.0575 -0.0018 0.0059 0.0782 -0.0786 0.0035 0.0046 0.0742 -0.0891 0.0027 0.0048 0.0694 -0.0839 -0.0048 0.1248 -0.0056 0.1286 0.0271 0.3140 -0.0241 0.3183 0.0106 0.5114 -0.0992 0.4792 -0.0023 0.5450 -0.1166 0.4939 0.0574 0.5497 -0.0693 0.5680
39: 0.0461 -0.2169 0.0390 -0.2347 0.0373 -0.2348 0.0354 -0.2347 0.0396 -0.2350 0.0383 -0.2353 0.0370 -0.2355 0.0222 -0.2265 0.0247 -0.2272 0.0422 -0.1991 0.0419 -0.2011 -0.0095 -0.1218 0.0184 -0.1268 -0.0576 -0.0281 0.0147 0.0154 -0.0170 -0.0017 0.0653 -0.0469 -0.0097 -0.0049 0.0776 -0.0663 -0.0024 -0.0049 0.0732 -0.0773 -0.0027 -0.0024 0.0691 -0.0727 -0.0055 0.1221 -0.0032 0.1263 0.0224 0.3186 -0.0173 0.3178 -0.0004 0.5144 -0.1025 0.4666 -0.0130 0.5481 -0.1206 0.4754 0.0453 0.5512 -0.0784 0.5616
40: 0.0440 -0.2191 0.0367 -0.2365 0.0351 -0.2367 0.0333 -0.2370 0.0371 -0.2368 0.0359 -0.2373 0.0346 -0.2377 0.0206 -0.2279 0.0228 -0.2286 0.0407 -0.2018 0.0403 -0.2033 -0.0078 -0.1198 0.0170 -0.1287 -0.0510 -0.0084 0.0107 0.0180 -0.0077 0.0173 0.0623 -0.0317 0.0005 -0.0095 0.0750 -0.0494 0.0062 -0.0104 0.0717 -0.0636 0.0052 -0.0071 0.0684 -0.0545 -0.0067 0.1243 -0.0024 0.1241 0.0160 0.3219 -0.0009 0.3192 -0.0057 0.5042 -0.1013 0.4415 -0.0181 0.5383 -0.1201 0.4448 0.0327 0.5380 -0.0838 0.5369
