1: -0.0305 -0.2726 -0.0224 -0.2870 -0.0204 -0.2866 -0.0181 -0.2861 -0.0238 -0.2877 -0.0229 -0.2879 -0.0217 -0.2882 0.0000 -0.2693 -0.0058 -0.2733 -0.0255 -0.2515 -0.0281 -0.2523 0.0290 -0.1535 -0.0082 -0.1475 0.0506 0.0113 -0.0282 0.0140 0.0537 0.1592 -0.0691 0.1151 0.0676 0.2102 -0.0839 0.1491 0.0625 0.2131 -0.0842 0.1493 0.0551 0.2001 -0.0767 0.1416 -0.0080 0.1535 -0.0128 0.1475 -0.0450 0.3683 0.0189 0.3511 -0.0823 0.5695 0.1071 0.4923 -0.0581 0.6052 0.1298 0.5008 -0.1219 0.6428 0.0945 0.5677
2: -0.0283 -0.2733 -0.0199 -0.2883 -0.0178 -0.2877 -0.0155 -0.2870 -0.0213 -0.2890 -0.0204 -0.2890 -0.0193 -0.2892 0.0020 -0.2707 -0.0038 -0.2757 -0.0230 -0.2513 -0.0259 -0.2520 0.0310 -0.1527 -0.0062 -0.1492 0.0476 0.0117 -0.0216 0.0117 0.0490 0.1603 -0.0457 0.1200 0.0613 0.2106 -0.0614 0.1528 0.0555 0.2133 -0.0623 0.1524 0.0490 0.2002 -0.0579 0.1460 -0.0082 0.1537 -0.0164 0.1481 -0.0384 0.3694 0.0138 0.3524 -0.0781 0.5718 0.1063 0.4894 -0.0550 0.6123 0.1273 0.4979 -0.1199 0.6480 0.0991 0.5930
3: -0.0275 -0.2764 -0.0189 -0.2915 -0.0168 -0.2909 -0.0145 -0.2901 -0.0203 -0.2920 -0.0194 -0.2919 -0.0183 -0.2918 0.0026 -0.2745 -0.0028 -0.2793 -0.0220 -0.2528 -0.0249 -0.2533 0.0317 -0.1526 -0.0042 -0.1516 0.0422 0.0135 -0.0135 0.0123 0.0407 0.1660 -0.0276 0.1276 0.0480 0.2139 -0.0376 0.1616 0.0400 0.2153 -0.0422 0.1601 0.0353 0.2021 -0.0307 0.1499 -0.0109 0.1551 -0.0165 0.1490 -0.0343 0.3709 0.0017 0.3539 -0.0690 0.5735 0.1018 0.4774 -0.0402 0.6146 0.1201 0.4819 -0.0986 0.6497 0.0997 0.5912
4: -0.0266 -0.2795 -0.0179 -0.2941 -0.0158 -0.2935 -0.0135 -0.2929 -0.0193 -0.2945 -0.0184 -0.2944 -0.0172 -0.2943 0.0031 -0.2782 -0.0017 -0.2820 -0.0209 -0.2554 -0.0238 -0.2557 0.0323 -0.1541 -0.0018 -0.1538 0.0356 0.0144 -0.0068 0.0142 0.0311 0.1668 -0.0256 0.1300 0.0349 0.2149 -0.0348 0.1639 0.0267 0.2150 -0.0350 0.1617 0.0228 0.2013 -0.0291 0.1516 -0.0132 0.1571 -0.0172 0.1507 -0.0299 0.3725 -0.0089 0.3546 -0.0580 0.5753 0.0964 0.4660 -0.0261 0.6167 0.1154 0.4691 -0.0849 0.6517 0.0951 0.5843
5: -0.0268 -0.2797 -0.0181 -0.2939 -0.0159 -0.2934 -0.0136 -0.2928 -0.0196 -0.2944 -0.0186 -0.2943 -0.0174 -0.2945 0.0029 -0.2787 -0.0018 -0.2824 -0.0210 -0.2554 -0.0239 -0.2560 0.0317 -0.1542 -0.0000 -0.1555 0.0295 0.0184 -0.0088 0.0163 0.0185 0.1712 -0.0476 0.1301 0.0223 0.2186 -0.0623 0.1600 0.0138 0.2177 -0.0631 0.1574 0.0108 0.2045 -0.0566 0.1440 -0.0130 0.1591 -0.0185 0.1506 -0.0261 0.3771 -0.0134 0.3551 -0.0494 0.5793 0.0909 0.4661 -0.0219 0.6266 0.1098 0.4679 -0.0769 0.6623 0.0907 0.5677
6: -0.0263 -0.2794 -0.0176 -0.2936 -0.0154 -0.2930 -0.0130 -0.2924 -0.0191 -0.2942 -0.0181 -0.2941 -0.0169 -0.2942 0.0034 -0.2780 -0.0013 -0.2821 -0.0203 -0.2547 -0.0233 -0.2555 0.0299 -0.1530 0.0026 -0.1568 0.0227 0.0244 -0.0096 0.0174 0.0032 0.1918 -0.0471 0.1299 0.0059 0.2225 -0.0601 0.1592 -0.0030 0.2196 -0.0610 0.1558 -0.0058 0.2064 -0.0550 0.1441 -0.0130 0.1602 -0.0196 0.1494 -0.0203 0.3817 -0.0150 0.3539 -0.0404 0.5829 0.0817 0.4679 -0.0175 0.6303 0.1005 0.4693 -0.0726 0.6628 0.0718 0.5570
7: -0.0268 -0.2791 -0.0181 -0.2935 -0.0159 -0.2928 -0.0135 -0.2921 -0.0196 -0.2941 -0.0186 -0.2939 -0.0174 -0.2940 0.0029 -0.2777 -0.0015 -0.2821 -0.0207 -0.2543 -0.0237 -0.2551 0.0246 -0.1523 0.0070 -0.1585 0.0200 0.0277 -0.0111 0.0144 -0.0103 0.2008 -0.0518 0.1229 -0.0057 0.2231 -0.0643 0.1510 -0.0168 0.2153 -0.0657 0.1476 -0.0187 0.2065 -0.0598 0.1378 -0.0120 0.1613 -0.0195 0.1497 -0.0174 0.3903 -0.0098 0.3556 -0.0296 0.5860 0.0680 0.4747 -0.0140 0.6349 0.0854 0.4772 -0.0620 0.6649 0.0535 0.5554
8: -0.0284 -0.2794 -0.0194 -0.2946 -0.0171 -0.2937 -0.0145 -0.2928 -0.0212 -0.2953 -0.0203 -0.2952 -0.0191 -0.2952 0.0017 -0.2773 -0.0030 -0.2827 -0.0217 -0.2541 -0.0250 -0.2552 0.0227 -0.1539 0.0052 -0.1594 0.0188 0.0239 -0.0142 0.0098 -0.0118 0.1703 -0.0539 0.1179 -0.0164 0.2056 -0.0666 0.1471 -0.0268 0.1988 -0.0678 0.1444 -0.0259 0.1901 -0.0618 0.1346 -0.0060 0.1626 -0.0220 0.1509 -0.0197 0.3913 -0.0310 0.3554 -0.0233 0.5872 0.0535 0.4775 -0.0144 0.6362 0.0734 0.4812 -0.0605 0.6565 0.0372 0.5594
9: -0.0293 -0.2799 -0.0199 -0.2956 -0.0175 -0.2946 -0.0149 -0.2936 -0.0220 -0.2967 -0.0212 -0.2966 -0.0201 -0.2966 0.0007 -0.2770 -0.0043 -0.2832 -0.0223 -0.2542 -0.0259 -0.2556 0.0214 -0.1554 0.0043 -0.1596 0.0164 0.0206 -0.0163 0.0041 -0.0238 0.1558 -0.0557 0.1184 -0.0325 0.1976 -0.0689 0.1503 -0.0414 0.1901 -0.0696 0.1514 -0.0388 0.1808 -0.0636 0.1400 -0.0044 0.1627 -0.0214 0.1523 -0.0232 0.3885 -0.0389 0.3547 -0.0126 0.5824 0.0330 0.4803 0.0045 0.6340 0.0564 0.4889 -0.0504 0.6503 0.0036 0.5619
10: -0.0312 -0.2776 -0.0219 -0.2939 -0.0194 -0.2930 -0.0167 -0.2919 -0.0240 -0.2951 -0.0231 -0.2950 -0.0220 -0.2952 -0.0012 -0.2757 -0.0060 -0.2821 -0.0237 -0.2522 -0.0274 -0.2536 0.0193 -0.1554 0.0058 -0.1586 0.0114 0.0201 -0.0172 0.0031 -0.0365 0.1520 -0.0512 0.1195 -0.0464 0.1983 -0.0668 0.1570 -0.0555 0.1917 -0.0659 0.1625 -0.0521 0.1816 -0.0586 0.1482 -0.0069 0.1607 -0.0182 0.1532 -0.0266 0.3749 -0.0407 0.3500 -0.0024 0.5530 0.0137 0.4872 0.0139 0.5971 0.0370 0.5062 -0.0310 0.5901 -0.0107 0.5573
11: -0.0317 -0.2770 -0.0224 -0.2938 -0.0198 -0.2929 -0.0172 -0.2920 -0.0246 -0.2948 -0.0237 -0.2948 -0.0225 -0.2949 -0.0016 -0.2768 -0.0065 -0.2825 -0.0240 -0.2517 -0.0277 -0.2531 0.0200 -0.1560 0.0045 -0.1588 0.0062 0.0171 -0.0186 0.0033 -0.0445 0.1425 -0.0527 0.1207 -0.0579 0.1911 -0.0685 0.1667 -0.0661 0.1846 -0.0673 0.1702 -0.0626 0.1731 -0.0613 0.1550 -0.0046 0.1608 -0.0199 0.1538 -0.0201 0.3761 -0.0551 0.3481 -0.0050 0.5600 0.0089 0.4875 0.0050 0.5820 0.0340 0.5093 -0.0467 0.6096 -0.0139 0.5540
12: -0.0302 -0.2757 -0.0207 -0.2928 -0.0181 -0.2920 -0.0154 -0.2911 -0.0230 -0.2937 -0.0221 -0.2937 -0.0209 -0.2938 -0.0000 -0.2762 -0.0051 -0.2815 -0.0225 -0.2504 -0.0263 -0.2517 0.0231 -0.1546 0.0039 -0.1564 0.0022 0.0158 -0.0223 0.0065 -0.0536 0.1375 -0.0557 0.1226 -0.0663 0.1831 -0.0720 0.1686 -0.0737 0.1748 -0.0725 0.1717 -0.0700 0.1630 -0.0672 0.1568 0.0004 0.1579 -0.0272 0.1529 -0.0061 0.3784 -0.0605 0.3498 0.0050 0.5633 -0.0060 0.5204 0.0175 0.6276 0.0060 0.5426 -0.0531 0.6211 -0.0456 0.5593
13: -0.0304 -0.2753 -0.0208 -0.2927 -0.0181 -0.2920 -0.0154 -0.2912 -0.0231 -0.2936 -0.0223 -0.2935 -0.0212 -0.2936 -0.0000 -0.2764 -0.0054 -0.2813 -0.0226 -0.2502 -0.0265 -0.2514 0.0254 -0.1540 -0.0013 -0.1557 -0.0004 0.0113 -0.0304 0.0076 -0.0560 0.1306 -0.0655 0.1235 -0.0706 0.1750 -0.0835 0.1683 -0.0784 0.1666 -0.0846 0.1702 -0.0735 0.1554 -0.0785 0.1570 0.0056 0.1568 -0.0295 0.1529 0.0024 0.3790 -0.0672 0.3492 0.0141 0.5877 -0.0144 0.5407 0.0260 0.6576 -0.0025 0.5622 -0.0443 0.6336 -0.0595 0.5607
14: -0.0296 -0.2752 -0.0199 -0.2926 -0.0173 -0.2919 -0.0146 -0.2912 -0.0224 -0.2934 -0.0215 -0.2933 -0.0205 -0.2934 0.0006 -0.2762 -0.0050 -0.2810 -0.0221 -0.2501 -0.0260 -0.2513 0.0254 -0.1537 -0.0012 -0.1554 -0.0009 0.0093 -0.0299 0.0035 -0.0598 0.1233 -0.0645 0.1225 -0.0751 0.1694 -0.0825 0.1661 -0.0846 0.1633 -0.0829 0.1671 -0.0779 0.1523 -0.0763 0.1543 0.0041 0.1563 -0.0282 0.1528 0.0016 0.3791 -0.0657 0.3491 0.0154 0.5908 -0.0242 0.5523 0.0312 0.6619 -0.0122 0.5745 -0.0362 0.6376 -0.0748 0.5620
15: -0.0307 -0.2741 -0.0210 -0.2913 -0.0184 -0.2905 -0.0157 -0.2898 -0.0235 -0.2924 -0.0227 -0.2924 -0.0216 -0.2926 -0.0003 -0.2751 -0.0060 -0.2801 -0.0231 -0.2493 -0.0272 -0.2507 0.0237 -0.1530 0.0002 -0.1546 -0.0099 0.0095 -0.0235 0.0048 -0.0688 0.1169 -0.0628 0.1233 -0.0882 0.1602 -0.0778 0.1626 -0.0976 0.1549 -0.0774 0.1628 -0.0885 0.1455 -0.0703 0.1504 0.0021 0.1556 -0.0261 0.1521 0.0015 0.3799 -0.0722 0.3498 0.0218 0.5942 -0.0488 0.5656 0.0369 0.6568 -0.0387 0.6117 -0.0265 0.6447 -0.1006 0.5736
16: -0.0314 -0.2728 -0.0217 -0.2893 -0.0191 -0.2885 -0.0164 -0.2878 -0.0243 -0.2907 -0.0236 -0.2908 -0.0226 -0.2911 -0.0013 -0.2734 -0.0071 -0.2783 -0.0239 -0.2484 -0.0282 -0.2500 0.0209 -0.1523 0.0011 -0.1529 -0.0157 0.0106 -0.0171 0.0081 -0.0768 0.1138 -0.0493 0.1290 -0.0990 0.1549 -0.0601 0.1657 -0.1070 0.1490 -0.0591 0.1649 -0.0972 0.1404 -0.0534 0.1519 0.0012 0.1539 -0.0234 0.1514 0.0053 0.3815 -0.0753 0.3521 0.0400 0.6172 -0.0692 0.5774 0.0551 0.6633 -0.0533 0.6403 -0.0048 0.6684 -0.1180 0.5888
17: -0.0313 -0.2742 -0.0215 -0.2898 -0.0190 -0.2889 -0.0163 -0.2883 -0.0242 -0.2912 -0.0235 -0.2912 -0.0225 -0.2915 -0.0011 -0.2734 -0.0070 -0.2780 -0.0239 -0.2497 -0.0282 -0.2513 0.0208 -0.1518 0.0009 -0.1511 -0.0176 0.0080 -0.0180 0.0068 -0.0836 0.1048 -0.0504 0.1272 -0.1051 0.1458 -0.0629 0.1630 -0.1143 0.1388 -0.0626 0.1622 -0.1065 0.1291 -0.0566 0.1493 0.0014 0.1530 -0.0229 0.1498 0.0170 0.3904 -0.0770 0.3528 0.0448 0.6191 -0.0909 0.5775 0.0567 0.6601 -0.0812 0.6327 0.0051 0.6755 -0.1416 0.5855
18: -0.0314 -0.2738 -0.0218 -0.2883 -0.0192 -0.2873 -0.0166 -0.2866 -0.0246 -0.2896 -0.0239 -0.2895 -0.0230 -0.2897 -0.0015 -0.2715 -0.0075 -0.2762 -0.0241 -0.2497 -0.0284 -0.2513 0.0196 -0.1507 0.0019 -0.1501 -0.0178 0.0055 -0.0177 0.0053 -0.0849 0.0973 -0.0507 0.1219 -0.1077 0.1386 -0.0640 0.1557 -0.1161 0.1321 -0.0633 0.1545 -0.1067 0.1210 -0.0571 0.1422 0.0011 0.1522 -0.0225 0.1485 0.0234 0.3949 -0.0780 0.3579 0.0525 0.6230 -0.1034 0.5808 0.0626 0.6605 -0.0968 0.6293 0.0151 0.6852 -0.1586 0.5829
19: -0.0318 -0.2735 -0.0223 -0.2875 -0.0197 -0.2865 -0.0171 -0.2856 -0.0251 -0.2889 -0.0245 -0.2889 -0.0235 -0.2891 -0.0021 -0.2700 -0.0081 -0.2753 -0.0248 -0.2492 -0.0291 -0.2509 0.0190 -0.1482 0.0014 -0.1488 -0.0213 0.0033 -0.0155 0.0057 -0.0874 0.0899 -0.0409 0.1238 -0.1116 0.1295 -0.0494 0.1587 -0.1204 0.1238 -0.0430 0.1523 -0.1100 0.1124 -0.0448 0.1421 0.0030 0.1511 -0.0235 0.1459 0.0295 0.3991 -0.0796 0.3677 0.0610 0.6187 -0.1208 0.5791 0.0700 0.6556 -0.1117 0.6166 0.0263 0.6893 -0.1737 0.5800
20: -0.0319 -0.2754 -0.0223 -0.2890 -0.0197 -0.2881 -0.0171 -0.2872 -0.0253 -0.2903 -0.0247 -0.2904 -0.0238 -0.2906 -0.0020 -0.2713 -0.0084 -0.2766 -0.0248 -0.2519 -0.0292 -0.2534 0.0191 -0.1500 0.0002 -0.1484 -0.0182 -0.0016 -0.0183 0.0044 -0.0875 0.0786 -0.0440 0.1221 -0.1105 0.1176 -0.0535 0.1566 -0.1201 0.1133 -0.0455 0.1470 -0.1105 0.1002 -0.0488 0.1393 0.0040 0.1531 -0.0234 0.1454 0.0364 0.4022 -0.0781 0.3698 0.0634 0.6146 -0.1327 0.5702 0.0703 0.6489 -0.1342 0.6093 0.0296 0.6849 -0.1818 0.5692
21: -0.0339 -0.2761 -0.0245 -0.2898 -0.0219 -0.2888 -0.0191 -0.2879 -0.0276 -0.2910 -0.0271 -0.2911 -0.0263 -0.2913 -0.0039 -0.2716 -0.0106 -0.2768 -0.0269 -0.2525 -0.0313 -0.2540 0.0179 -0.1507 -0.0016 -0.1485 -0.0176 -0.0028 -0.0209 0.0035 -0.0908 0.0724 -0.0462 0.1202 -0.1131 0.1104 -0.0573 0.1541 -0.1251 0.1065 -0.0477 0.1472 -0.1142 0.0931 -0.0517 0.1374 -0.0004 0.1533 -0.0157 0.1458 0.0351 0.3958 -0.0769 0.3698 0.0549 0.6085 -0.1412 0.5662 0.0623 0.6441 -0.1051 0.6108 0.0219 0.6772 -0.1815 0.5613
22: -0.0344 -0.2780 -0.0250 -0.2918 -0.0224 -0.2908 -0.0197 -0.2898 -0.0278 -0.2931 -0.0272 -0.2932 -0.0264 -0.2935 -0.0042 -0.2729 -0.0106 -0.2778 -0.0277 -0.2544 -0.0318 -0.2559 0.0176 -0.1533 -0.0031 -0.1498 -0.0209 -0.0069 -0.0206 0.0041 -0.0948 0.0676 -0.0461 0.1163 -0.1184 0.1058 -0.0587 0.1558 -0.1286 0.1020 -0.0519 0.1463 -0.1184 0.0894 -0.0501 0.1338 -0.0001 0.1554 -0.0142 0.1477 0.0397 0.3981 -0.0753 0.3711 0.0733 0.6027 -0.1448 0.5619 0.0829 0.6283 -0.1251 0.6013 0.0422 0.6694 -0.1980 0.5493
23: -0.0368 -0.2752 -0.0274 -0.2900 -0.0248 -0.2891 -0.0221 -0.2883 -0.0300 -0.2914 -0.0293 -0.2917 -0.0283 -0.2922 -0.0063 -0.2721 -0.0124 -0.2769 -0.0300 -0.2526 -0.0337 -0.2540 0.0153 -0.1529 -0.0037 -0.1502 -0.0232 -0.0072 -0.0153 0.0057 -0.1015 0.0684 -0.0358 0.1194 -0.1236 0.1062 -0.0445 0.1604 -0.1333 0.1018 -0.0441 0.1513 -0.1257 0.0907 -0.0385 0.1379 -0.0079 0.1550 -0.0035 0.1483 -0.0676 0.3933 0.0180 0.3783 -0.1346 0.5773 0.0576 0.5918 -0.0910 0.5983 0.0705 0.6296 -0.1779 0.5635 0.0324 0.6312
24: -0.0371 -0.2756 -0.0277 -0.2907 -0.0252 -0.2897 -0.0225 -0.2890 -0.0299 -0.2921 -0.0290 -0.2925 -0.0278 -0.2929 -0.0068 -0.2726 -0.0119 -0.2773 -0.0308 -0.2532 -0.0340 -0.2544 0.0141 -0.1531 -0.0022 -0.1512 -0.0269 -0.0088 -0.0139 0.0034 -0.1029 0.0665 -0.0349 0.1181 -0.1269 0.1038 -0.0462 0.1624 -0.1350 0.1004 -0.0404 0.1509 -0.1278 0.0900 -0.0382 0.1367 -0.0105 0.1552 -0.0015 0.1491 -0.0289 0.3821 -0.0097 0.3715 -0.0556 0.5676 0.0059 0.5799 -0.0214 0.5932 0.0191 0.6177 -0.0885 0.5865 -0.0333 0.6225
25: -0.0363 -0.2748 -0.0269 -0.2896 -0.0243 -0.2887 -0.0216 -0.2879 -0.0293 -0.2911 -0.0286 -0.2913 -0.0275 -0.2918 -0.0061 -0.2716 -0.0119 -0.2764 -0.0298 -0.2523 -0.0333 -0.2536 0.0138 -0.1531 -0.0013 -0.1506 -0.0297 -0.0090 -0.0134 0.0038 -0.1064 0.0675 -0.0362 0.1195 -0.1300 0.1042 -0.0470 0.1601 -0.1373 0.1016 -0.0427 0.1495 -0.1306 0.0912 -0.0402 0.1382 -0.0085 0.1562 -0.0042 0.1477 0.0333 0.3888 -0.0653 0.3723 0.0854 0.5594 -0.1153 0.5738 0.1003 0.5896 -0.0893 0.6118 0.0624 0.6226 -0.1628 0.5969
26: -0.0343 -0.2758 -0.0246 -0.2907 -0.0220 -0.2897 -0.0192 -0.2891 -0.0273 -0.2920 -0.0267 -0.2923 -0.0257 -0.2927 -0.0035 -0.2731 -0.0099 -0.2777 -0.0276 -0.2537 -0.0314 -0.2547 0.0178 -0.1526 -0.0031 -0.1512 -0.0269 -0.0080 -0.0251 0.0008 -0.1033 0.0661 -0.0397 0.1202 -0.1268 0.1032 -0.0524 0.1566 -0.1336 0.1004 -0.0506 0.1511 -0.1272 0.0896 -0.0509 0.1381 -0.0030 0.1570 -0.0117 0.1469 0.0462 0.3890 -0.0724 0.3710 0.1011 0.5472 -0.1146 0.5683 0.1107 0.5521 -0.0906 0.6079 0.0842 0.6280 -0.1438 0.6199
27: -0.0338 -0.2759 -0.0243 -0.2905 -0.0217 -0.2895 -0.0189 -0.2888 -0.0269 -0.2919 -0.0262 -0.2921 -0.0251 -0.2925 -0.0035 -0.2728 -0.0097 -0.2776 -0.0273 -0.2534 -0.0311 -0.2545 0.0172 -0.1522 -0.0021 -0.1511 -0.0271 -0.0061 -0.0248 0.0020 -0.1025 0.0675 -0.0436 0.1200 -0.1260 0.1047 -0.0557 0.1511 -0.1322 0.1020 -0.0641 0.1516 -0.1257 0.0923 -0.0560 0.1383 -0.0019 0.1564 -0.0132 0.1470 0.0430 0.3882 -0.0720 0.3708 0.1065 0.5429 -0.1105 0.5673 0.1163 0.5472 -0.0731 0.6062 0.0945 0.6286 -0.1277 0.6272
28: -0.0318 -0.2760 -0.0223 -0.2908 -0.0196 -0.2898 -0.0168 -0.2891 -0.0250 -0.2922 -0.0244 -0.2924 -0.0236 -0.2928 -0.0014 -0.2732 -0.0083 -0.2780 -0.0253 -0.2535 -0.0294 -0.2547 0.0196 -0.1526 -0.0051 -0.1508 -0.0245 -0.0060 -0.0279 0.0021 -0.1009 0.0711 -0.0489 0.1210 -0.1228 0.1074 -0.0555 0.1533 -0.1292 0.1081 -0.0595 0.1556 -0.1226 0.0997 -0.0564 0.1409 0.0040 0.1563 -0.0186 0.1470 0.0417 0.3894 -0.0709 0.3699 0.1127 0.5408 -0.1009 0.5663 0.1261 0.5452 -0.0936 0.5737 0.1133 0.6291 -0.1340 0.6245
29: -0.0304 -0.2775 -0.0207 -0.2918 -0.0179 -0.2908 -0.0151 -0.2900 -0.0237 -0.2931 -0.0232 -0.2932 -0.0224 -0.2935 0.0001 -0.2739 -0.0071 -0.2795 -0.0239 -0.2542 -0.0284 -0.2555 0.0219 -0.1526 -0.0056 -0.1506 -0.0236 -0.0057 -0.0242 0.0052 -0.1008 0.0768 -0.0458 0.1240 -0.1228 0.1127 -0.0505 0.1578 -0.1283 0.1152 -0.0524 0.1601 -0.1217 0.1068 -0.0529 0.1447 0.0073 0.1563 -0.0238 0.1469 0.0384 0.3925 -0.0707 0.3699 0.1170 0.5404 -0.0935 0.5657 0.1337 0.5448 -0.0907 0.5685 0.1188 0.6297 -0.1297 0.6408
30: -0.0293 -0.2813 -0.0192 -0.2957 -0.0165 -0.2945 -0.0137 -0.2934 -0.0224 -0.2973 -0.0221 -0.2973 -0.0215 -0.2975 0.0015 -0.2762 -0.0064 -0.2830 -0.0227 -0.2560 -0.0278 -0.2579 0.0232 -0.1543 -0.0074 -0.1498 -0.0230 -0.0047 -0.0231 0.0061 -0.0977 0.0795 -0.0394 0.1253 -0.1190 0.1164 -0.0494 0.1642 -0.1249 0.1191 -0.0423 0.1617 -0.1185 0.1105 -0.0431 0.1461 0.0086 0.1564 -0.0243 0.1476 0.0229 0.3949 -0.0690 0.3704 0.1217 0.5379 -0.0880 0.5671 0.1446 0.5407 -0.0796 0.6179 0.1115 0.6380 -0.1255 0.6617
31: -0.0280 -0.2822 -0.0181 -0.2987 -0.0153 -0.2977 -0.0123 -0.2968 -0.0214 -0.3000 -0.0210 -0.3000 -0.0205 -0.3001 0.0029 -0.2805 -0.0051 -0.2863 -0.0212 -0.2563 -0.0262 -0.2579 0.0248 -0.1556 -0.0073 -0.1496 -0.0218 -0.0027 -0.0262 0.0071 -0.0957 0.0817 -0.0386 0.1297 -0.1164 0.1217 -0.0474 0.1707 -0.1222 0.1249 -0.0407 0.1674 -0.1168 0.1149 -0.0401 0.1516 0.0097 0.1557 -0.0273 0.1493 0.0140 0.3976 -0.0663 0.3725 0.1221 0.5277 -0.0861 0.5733 0.1445 0.5333 -0.0749 0.6379 0.1183 0.6292 -0.1234 0.6804
32: -0.0274 -0.2867 -0.0174 -0.3030 -0.0146 -0.3021 -0.0116 -0.3012 -0.0206 -0.3041 -0.0202 -0.3041 -0.0196 -0.3042 0.0036 -0.2845 -0.0043 -0.2899 -0.0205 -0.2593 -0.0254 -0.2607 0.0257 -0.1562 -0.0097 -0.1490 -0.0202 -0.0001 -0.0260 0.0097 -0.0920 0.0901 -0.0378 0.1347 -0.1112 0.1316 -0.0456 0.1774 -0.1174 0.1327 -0.0386 0.1696 -0.1119 0.1221 -0.0372 0.1583 0.0105 0.1550 -0.0265 0.1504 0.0038 0.3998 -0.0637 0.3741 0.1169 0.5126 -0.0785 0.5760 0.1397 0.5147 -0.0657 0.6362 0.1185 0.6213 -0.1133 0.6812
33: -0.0285 -0.2865 -0.0186 -0.3027 -0.0158 -0.3020 -0.0127 -0.3013 -0.0217 -0.3035 -0.0213 -0.3035 -0.0207 -0.3036 0.0028 -0.2848 -0.0054 -0.2890 -0.0214 -0.2590 -0.0264 -0.2601 0.0268 -0.1578 -0.0103 -0.1494 -0.0182 0.0039 -0.0314 0.0129 -0.0838 0.0975 -0.0583 0.1405 -0.1012 0.1388 -0.0706 0.1814 -0.1082 0.1365 -0.0633 0.1684 -0.1019 0.1257 -0.0606 0.1645 0.0095 0.1541 -0.0258 0.1532 -0.0112 0.4032 -0.0601 0.3772 0.1110 0.5094 -0.0658 0.5799 0.1317 0.5064 -0.0540 0.6388 0.1142 0.6236 -0.1039 0.6804
34: -0.0296 -0.2893 -0.0196 -0.3051 -0.0167 -0.3043 -0.0136 -0.3036 -0.0228 -0.3062 -0.0224 -0.3064 -0.0217 -0.3066 0.0024 -0.2865 -0.0063 -0.2908 -0.0221 -0.2617 -0.0272 -0.2633 0.0287 -0.1590 -0.0118 -0.1508 -0.0127 0.0069 -0.0353 0.0137 -0.0771 0.1034 -0.0691 0.1235 -0.0935 0.1484 -0.0841 0.1670 -0.1010 0.1431 -0.0841 0.1611 -0.0946 0.1304 -0.0757 0.1504 0.0091 0.1551 -0.0259 0.1548 -0.0164 0.4010 -0.0464 0.3791 0.1069 0.5068 -0.0534 0.5821 0.1280 0.5036 -0.0452 0.6403 0.1087 0.6151 -0.0966 0.6777
35: -0.0305 -0.2890 -0.0205 -0.3045 -0.0175 -0.3038 -0.0141 -0.3031 -0.0241 -0.3057 -0.0237 -0.3060 -0.0230 -0.3064 0.0024 -0.2867 -0.0075 -0.2916 -0.0226 -0.2615 -0.0281 -0.2634 0.0303 -0.1605 -0.0123 -0.1539 -0.0068 0.0094 -0.0380 0.0058 -0.0656 0.1078 -0.0688 0.1098 -0.0822 0.1546 -0.0837 0.1565 -0.0898 0.1485 -0.0835 0.1550 -0.0832 0.1346 -0.0774 0.1414 0.0087 0.1567 -0.0267 0.1575 -0.0262 0.4022 -0.0365 0.3841 0.1003 0.5084 -0.0446 0.5861 0.1262 0.5058 -0.0273 0.6431 0.1026 0.6219 -0.0739 0.6771
36: -0.0315 -0.2887 -0.0216 -0.3039 -0.0185 -0.3032 -0.0152 -0.3024 -0.0252 -0.3053 -0.0249 -0.3056 -0.0242 -0.3060 0.0021 -0.2859 -0.0081 -0.2907 -0.0234 -0.2617 -0.0287 -0.2636 0.0319 -0.1600 -0.0135 -0.1559 -0.0025 0.0122 -0.0399 0.0043 -0.0594 0.1220 -0.0749 0.1055 -0.0749 0.1692 -0.0917 0.1441 -0.0832 0.1629 -0.0925 0.1448 -0.0780 0.1497 -0.0854 0.1361 0.0086 0.1573 -0.0270 0.1587 -0.0311 0.4018 -0.0309 0.3881 0.0832 0.5093 -0.0369 0.5888 0.1094 0.5140 -0.0283 0.6354 0.0846 0.6277 -0.0803 0.6659
37: -0.0329 -0.2907 -0.0229 -0.3059 -0.0199 -0.3052 -0.0165 -0.3044 -0.0267 -0.3075 -0.0264 -0.3080 -0.0259 -0.3085 0.0010 -0.2874 -0.0097 -0.2927 -0.0249 -0.2630 -0.0299 -0.2652 0.0298 -0.1608 -0.0145 -0.1562 -0.0014 0.0155 -0.0410 0.0032 -0.0558 0.1379 -0.0733 0.1013 -0.0691 0.1838 -0.0899 0.1477 -0.0799 0.1762 -0.0904 0.1389 -0.0762 0.1640 -0.0839 0.1323 0.0066 0.1577 -0.0218 0.1592 -0.0387 0.3953 -0.0290 0.3887 0.0680 0.5150 -0.0319 0.5875 0.0944 0.5218 -0.0223 0.6215 0.0638 0.6279 -0.0798 0.6388
38: -0.0341 -0.2905 -0.0241 -0.3063 -0.0211 -0.3056 -0.0178 -0.3048 -0.0277 -0.3077 -0.0272 -0.3082 -0.0265 -0.3087 0.0002 -0.2875 -0.0098 -0.2928 -0.0262 -0.2636 -0.0308 -0.2656 0.0285 -0.1603 -0.0133 -0.1581 0.0024 0.0195 -0.0429 0.0034 -0.0501 0.1516 -0.0736 0.0924 -0.0611 0.1982 -0.0896 0.1301 -0.0709 0.1916 -0.0898 0.1295 -0.0685 0.1799 -0.0834 0.1204 0.0047 0.1585 -0.0200 0.1600 -0.0459 0.3940 -0.0285 0.3918 0.0502 0.5209 -0.0225 0.5954 0.0736 0.5261 -0.0050 0.6245 0.0474 0.6308 -0.0602 0.6453
39: -0.0357 -0.2879 -0.0262 -0.3039 -0.0233 -0.3034 -0.0201 -0.3029 -0.0295 -0.3051 -0.0289 -0.3056 -0.0280 -0.3062 -0.0019 -0.2870 -0.0112 -0.2915 -0.0276 -0.2617 -0.0318 -0.2633 0.0268 -0.1613 -0.0109 -0.1596 0.0052 0.0214 -0.0416 0.0021 -0.0420 0.1566 -0.0751 0.0954 -0.0529 0.2061 -0.0904 0.1296 -0.0623 0.2001 -0.0905 0.1306 -0.0604 0.1879 -0.0843 0.1225 0.0020 0.1598 -0.0180 0.1609 -0.0560 0.3951 -0.0241 0.3984 0.0324 0.5303 -0.0040 0.6017 0.0576 0.5461 0.0101 0.6277 0.0343 0.6324 -0.0374 0.6596
40: -0.0370 -0.2884 -0.0273 -0.3046 -0.0243 -0.3041 -0.0211 -0.3036 -0.0308 -0.3057 -0.0303 -0.3061 -0.0294 -0.3066 -0.0029 -0.2869 -0.0122 -0.2914 -0.0289 -0.2619 -0.0332 -0.2632 0.0262 -0.1630 -0.0112 -0.1586 0.0093 0.0209 -0.0403 0.0012 -0.0310 0.1647 -0.0751 0.0909 -0.0377 0.2126 -0.0922 0.1227 -0.0503 0.2077 -0.0913 0.1259 -0.0496 0.1949 -0.0857 0.1174 -0.0004 0.1603 -0.0148 0.1613 -0.0625 0.3904 -0.0149 0.3940 0.0148 0.5427 -0.0021 0.5865 0.0379 0.5591 0.0146 0.5900 0.0107 0.6537 -0.0380 0.6605
