1: 0.0315 -0.2045 0.0247 -0.2192 0.0237 -0.2194 0.0227 -0.2192 0.0238 -0.2188 0.0223 -0.2186 0.0209 -0.2181 0.0120 -0.2079 0.0113 -0.2075 0.0287 -0.1870 0.0275 -0.1865 -0.0034 -0.1107 -0.0023 -0.1203 -0.0018 0.0179 -0.0038 0.0171 0.0062 0.1160 0.0209 0.1168 0.0033 0.1457 0.0238 0.1492 0.0136 0.1441 0.0312 0.1472 0.0131 0.1309 0.0302 0.1365 0.0068 0.1179 -0.0010 0.1131 0.0148 0.2917 -0.0120 0.2922 0.0217 0.4586 -0.0870 0.4380 0.0119 0.4897 -0.1050 0.4558 0.0691 0.4928 -0.0587 0.5122
2: 0.0323 -0.2040 0.0254 -0.2189 0.0244 -0.2190 0.0232 -0.2189 0.0246 -0.2184 0.0232 -0.2182 0.0216 -0.2177 0.0117 -0.2077 0.0115 -0.2075 0.0296 -0.1854 0.0285 -0.1850 -0.0048 -0.1110 -0.0015 -0.1197 -0.0057 0.0177 -0.0032 0.0170 0.0021 0.1199 0.0206 0.1166 0.0003 0.1604 0.0225 0.1491 0.0092 0.1529 0.0292 0.1473 0.0101 0.1390 0.0286 0.1366 0.0070 0.1176 -0.0007 0.1129 0.0130 0.2920 -0.0055 0.2921 0.0178 0.4600 -0.0861 0.4338 0.0063 0.4914 -0.1040 0.4475 0.0641 0.4933 -0.0596 0.5104
3: 0.0325 -0.2043 0.0256 -0.2195 0.0246 -0.2196 0.0233 -0.2195 0.0249 -0.2189 0.0234 -0.2187 0.0219 -0.2182 0.0113 -0.2081 0.0113 -0.2081 0.0300 -0.1851 0.0289 -0.1846 -0.0053 -0.1117 -0.0011 -0.1190 -0.0075 0.0170 -0.0034 0.0171 0.0020 0.1199 0.0192 0.1157 0.0001 0.1574 0.0203 0.1473 0.0075 0.1536 0.0263 0.1462 0.0088 0.1406 0.0257 0.1354 0.0068 0.1175 -0.0004 0.1130 0.0111 0.2971 -0.0021 0.2964 0.0114 0.4624 -0.0839 0.4241 0.0011 0.4918 -0.1024 0.4320 0.0569 0.4926 -0.0627 0.5072
4: 0.0323 -0.2045 0.0256 -0.2197 0.0246 -0.2198 0.0233 -0.2198 0.0248 -0.2192 0.0233 -0.2189 0.0218 -0.2184 0.0110 -0.2083 0.0110 -0.2083 0.0299 -0.1850 0.0288 -0.1845 -0.0055 -0.1119 -0.0007 -0.1181 -0.0077 0.0165 -0.0037 0.0170 0.0004 0.1167 0.0170 0.1127 -0.0003 0.1497 0.0183 0.1442 0.0054 0.1498 0.0223 0.1437 0.0063 0.1379 0.0212 0.1322 0.0059 0.1172 0.0004 0.1128 0.0107 0.2969 0.0041 0.2964 0.0045 0.4625 -0.0782 0.4122 -0.0060 0.4915 -0.0959 0.4171 0.0477 0.4924 -0.0628 0.4973
5: 0.0320 -0.2038 0.0254 -0.2191 0.0244 -0.2192 0.0232 -0.2192 0.0245 -0.2185 0.0231 -0.2183 0.0214 -0.2179 0.0106 -0.2077 0.0106 -0.2078 0.0298 -0.1841 0.0285 -0.1836 -0.0044 -0.1113 -0.0011 -0.1170 -0.0060 0.0173 -0.0052 0.0184 0.0013 0.1175 0.0142 0.1196 0.0003 0.1502 0.0149 0.1527 0.0050 0.1509 0.0198 0.1528 0.0066 0.1398 0.0195 0.1411 0.0051 0.1161 0.0004 0.1121 0.0103 0.2976 0.0099 0.2967 -0.0024 0.4632 -0.0697 0.4066 -0.0122 0.4923 -0.0863 0.4099 0.0398 0.4932 -0.0601 0.4930
6: 0.0321 -0.2040 0.0255 -0.2193 0.0246 -0.2194 0.0233 -0.2194 0.0246 -0.2187 0.0231 -0.2184 0.0214 -0.2180 0.0106 -0.2077 0.0105 -0.2077 0.0299 -0.1840 0.0285 -0.1835 -0.0031 -0.1117 -0.0014 -0.1168 -0.0043 0.0179 -0.0060 0.0200 0.0036 0.1188 0.0142 0.1266 0.0047 0.1508 0.0153 0.1602 0.0092 0.1536 0.0204 0.1616 0.0100 0.1423 0.0200 0.1500 0.0036 0.1162 0.0009 0.1124 0.0089 0.2975 0.0179 0.2966 -0.0073 0.4633 -0.0596 0.4055 -0.0170 0.4924 -0.0768 0.4082 0.0355 0.4942 -0.0494 0.4885
7: 0.0330 -0.2048 0.0264 -0.2201 0.0254 -0.2202 0.0242 -0.2202 0.0254 -0.2195 0.0239 -0.2192 0.0222 -0.2188 0.0113 -0.2085 0.0111 -0.2085 0.0308 -0.1847 0.0294 -0.1841 -0.0018 -0.1125 -0.0025 -0.1175 -0.0030 0.0183 -0.0099 0.0194 0.0094 0.1206 0.0135 0.1288 0.0148 0.1518 0.0150 0.1628 0.0173 0.1544 0.0204 0.1630 0.0168 0.1432 0.0202 0.1512 0.0034 0.1164 0.0008 0.1135 0.0024 0.2966 0.0233 0.2944 -0.0168 0.4606 -0.0478 0.4086 -0.0257 0.4875 -0.0657 0.4133 0.0266 0.4930 -0.0361 0.4868
8: 0.0337 -0.2056 0.0271 -0.2212 0.0261 -0.2213 0.0249 -0.2214 0.0261 -0.2205 0.0246 -0.2202 0.0229 -0.2197 0.0119 -0.2097 0.0117 -0.2094 0.0316 -0.1854 0.0301 -0.1848 -0.0008 -0.1133 -0.0041 -0.1180 -0.0012 0.0179 -0.0124 0.0190 0.0180 0.1191 0.0139 0.1285 0.0264 0.1484 0.0161 0.1632 0.0299 0.1490 0.0217 0.1609 0.0263 0.1390 0.0214 0.1494 0.0031 0.1170 0.0017 0.1143 -0.0030 0.2932 0.0274 0.2887 -0.0209 0.4571 -0.0322 0.4178 -0.0318 0.4826 -0.0532 0.4298 0.0189 0.4912 -0.0126 0.4883
9: 0.0340 -0.2077 0.0272 -0.2237 0.0262 -0.2238 0.0250 -0.2239 0.0262 -0.2230 0.0246 -0.2227 0.0228 -0.2223 0.0120 -0.2121 0.0114 -0.2116 0.0320 -0.1874 0.0305 -0.1868 0.0014 -0.1135 -0.0068 -0.1187 0.0025 0.0183 -0.0145 0.0186 0.0307 0.1155 0.0128 0.1289 0.0445 0.1398 0.0142 0.1628 0.0473 0.1378 0.0213 0.1606 0.0412 0.1310 0.0213 0.1495 0.0035 0.1179 0.0018 0.1144 0.0002 0.2820 0.0277 0.2799 -0.0248 0.4457 -0.0251 0.4359 -0.0377 0.4722 -0.0403 0.4604 0.0130 0.4899 0.0115 0.4890
10: 0.0337 -0.2093 0.0270 -0.2251 0.0260 -0.2252 0.0247 -0.2253 0.0258 -0.2245 0.0242 -0.2242 0.0223 -0.2238 0.0119 -0.2136 0.0108 -0.2131 0.0320 -0.1890 0.0303 -0.1883 0.0035 -0.1133 -0.0084 -0.1195 0.0050 0.0183 -0.0168 0.0184 0.0338 0.1001 0.0083 0.1283 0.0452 0.1211 0.0081 0.1625 0.0482 0.1178 0.0163 0.1601 0.0426 0.1126 0.0175 0.1488 0.0030 0.1182 0.0020 0.1144 -0.0024 0.2743 0.0296 0.2717 -0.0229 0.4453 -0.0160 0.4425 -0.0348 0.4740 -0.0313 0.4738 0.0161 0.4893 0.0241 0.4894
11: 0.0337 -0.2104 0.0270 -0.2260 0.0260 -0.2261 0.0247 -0.2262 0.0258 -0.2254 0.0240 -0.2252 0.0221 -0.2248 0.0119 -0.2147 0.0106 -0.2143 0.0321 -0.1903 0.0304 -0.1896 0.0060 -0.1122 -0.0096 -0.1207 0.0084 0.0186 -0.0188 0.0177 0.0398 0.0970 0.0057 0.1297 0.0524 0.1169 0.0044 0.1653 0.0557 0.1125 0.0124 0.1632 0.0486 0.1076 0.0142 0.1508 0.0016 0.1185 0.0020 0.1143 -0.0066 0.2723 0.0351 0.2670 -0.0263 0.4464 0.0012 0.4467 -0.0361 0.4751 -0.0202 0.4763 0.0085 0.4932 0.0401 0.4901
12: 0.0338 -0.2121 0.0271 -0.2276 0.0260 -0.2278 0.0248 -0.2279 0.0259 -0.2271 0.0242 -0.2269 0.0223 -0.2265 0.0120 -0.2168 0.0106 -0.2163 0.0321 -0.1924 0.0304 -0.1916 0.0070 -0.1132 -0.0103 -0.1225 0.0126 0.0175 -0.0190 0.0160 0.0460 0.0902 0.0065 0.1281 0.0584 0.1095 0.0063 0.1633 0.0621 0.1051 0.0139 0.1618 0.0553 0.0984 0.0153 0.1492 0.0011 0.1191 0.0024 0.1165 -0.0127 0.2714 0.0375 0.2687 -0.0384 0.4476 0.0264 0.4513 -0.0493 0.4776 0.0169 0.4816 -0.0011 0.4906 0.0701 0.4895
13: 0.0340 -0.2126 0.0274 -0.2282 0.0263 -0.2284 0.0250 -0.2284 0.0262 -0.2276 0.0245 -0.2274 0.0227 -0.2270 0.0122 -0.2173 0.0109 -0.2168 0.0323 -0.1929 0.0306 -0.1921 0.0074 -0.1136 -0.0103 -0.1231 0.0139 0.0164 -0.0196 0.0151 0.0487 0.0832 0.0051 0.1273 0.0608 0.1010 0.0066 0.1604 0.0655 0.0988 0.0141 0.1581 0.0589 0.0925 0.0150 0.1459 0.0002 0.1192 0.0028 0.1177 -0.0168 0.2720 0.0351 0.2752 -0.0455 0.4487 0.0420 0.4534 -0.0574 0.4794 0.0346 0.4842 -0.0053 0.4899 0.0889 0.4808
14: 0.0344 -0.2124 0.0278 -0.2279 0.0268 -0.2281 0.0255 -0.2282 0.0267 -0.2274 0.0250 -0.2271 0.0231 -0.2268 0.0127 -0.2171 0.0113 -0.2166 0.0327 -0.1927 0.0310 -0.1918 0.0078 -0.1134 -0.0098 -0.1228 0.0150 0.0148 -0.0198 0.0152 0.0517 0.0780 0.0057 0.1259 0.0638 0.0946 0.0091 0.1553 0.0673 0.0937 0.0154 0.1469 0.0622 0.0882 0.0159 0.1413 -0.0009 0.1186 0.0027 0.1177 -0.0214 0.2733 0.0339 0.2808 -0.0508 0.4491 0.0538 0.4566 -0.0623 0.4806 0.0462 0.4918 -0.0084 0.4891 0.1003 0.4724
15: 0.0351 -0.2122 0.0286 -0.2279 0.0275 -0.2281 0.0262 -0.2282 0.0274 -0.2273 0.0257 -0.2271 0.0239 -0.2267 0.0133 -0.2172 0.0120 -0.2167 0.0334 -0.1925 0.0317 -0.1917 0.0085 -0.1127 -0.0092 -0.1227 0.0176 0.0144 -0.0192 0.0150 0.0543 0.0782 0.0036 0.1272 0.0672 0.0950 0.0046 0.1589 0.0712 0.0957 0.0121 0.1548 0.0658 0.0899 0.0131 0.1460 -0.0017 0.1180 0.0023 0.1174 -0.0243 0.2737 0.0335 0.2856 -0.0557 0.4491 0.0596 0.4571 -0.0662 0.4804 0.0525 0.4947 -0.0129 0.4874 0.1081 0.4639
16: 0.0356 -0.2103 0.0292 -0.2264 0.0282 -0.2266 0.0268 -0.2268 0.0281 -0.2257 0.0264 -0.2256 0.0246 -0.2253 0.0139 -0.2164 0.0126 -0.2160 0.0338 -0.1911 0.0322 -0.1904 0.0090 -0.1122 -0.0084 -0.1226 0.0184 0.0142 -0.0190 0.0148 0.0543 0.0781 0.0023 0.1294 0.0668 0.0951 0.0019 0.1614 0.0708 0.0954 0.0094 0.1590 0.0654 0.0895 0.0107 0.1494 -0.0027 0.1178 0.0022 0.1171 -0.0259 0.2745 0.0330 0.2846 -0.0613 0.4490 0.0596 0.4564 -0.0724 0.4802 0.0526 0.4938 -0.0179 0.4865 0.1087 0.4636
17: 0.0355 -0.2100 0.0291 -0.2264 0.0280 -0.2267 0.0267 -0.2269 0.0280 -0.2256 0.0262 -0.2255 0.0244 -0.2252 0.0138 -0.2167 0.0124 -0.2162 0.0337 -0.1907 0.0320 -0.1900 0.0090 -0.1115 -0.0085 -0.1225 0.0178 0.0144 -0.0187 0.0158 0.0546 0.0786 0.0021 0.1333 0.0676 0.0969 0.0013 0.1662 0.0718 0.0963 0.0088 0.1645 0.0665 0.0899 0.0101 0.1536 -0.0026 0.1168 0.0023 0.1171 -0.0275 0.2737 0.0324 0.2833 -0.0662 0.4477 0.0546 0.4564 -0.0772 0.4790 0.0461 0.4932 -0.0242 0.4853 0.1019 0.4658
18: 0.0352 -0.2088 0.0289 -0.2251 0.0279 -0.2255 0.0267 -0.2257 0.0277 -0.2244 0.0260 -0.2243 0.0241 -0.2240 0.0136 -0.2164 0.0121 -0.2159 0.0334 -0.1898 0.0317 -0.1893 0.0087 -0.1117 -0.0089 -0.1223 0.0169 0.0137 -0.0188 0.0160 0.0534 0.0789 0.0005 0.1341 0.0666 0.0983 -0.0008 0.1680 0.0705 0.0975 0.0074 0.1667 0.0654 0.0908 0.0094 0.1548 -0.0025 0.1168 0.0028 0.1172 -0.0279 0.2732 0.0317 0.2824 -0.0729 0.4467 0.0483 0.4581 -0.0846 0.4773 0.0396 0.4946 -0.0311 0.4846 0.0952 0.4652
19: 0.0340 -0.2104 0.0279 -0.2264 0.0270 -0.2268 0.0259 -0.2271 0.0265 -0.2258 0.0247 -0.2256 0.0228 -0.2254 0.0126 -0.2182 0.0109 -0.2177 0.0322 -0.1915 0.0304 -0.1909 0.0082 -0.1127 -0.0102 -0.1239 0.0156 0.0113 -0.0198 0.0140 0.0508 0.0771 -0.0006 0.1319 0.0636 0.1006 -0.0020 0.1671 0.0674 0.0990 0.0067 0.1652 0.0619 0.0912 0.0089 0.1523 -0.0006 0.1179 0.0025 0.1187 -0.0280 0.2732 0.0280 0.2836 -0.0775 0.4416 0.0433 0.4578 -0.0906 0.4700 0.0345 0.4919 -0.0376 0.4830 0.0896 0.4686
20: 0.0328 -0.2100 0.0270 -0.2263 0.0262 -0.2267 0.0252 -0.2271 0.0254 -0.2257 0.0235 -0.2257 0.0214 -0.2256 0.0116 -0.2187 0.0093 -0.2181 0.0308 -0.1914 0.0289 -0.1907 0.0081 -0.1130 -0.0121 -0.1234 0.0142 0.0120 -0.0214 0.0144 0.0481 0.0848 -0.0016 0.1328 0.0604 0.1097 -0.0025 0.1687 0.0642 0.1068 0.0059 0.1664 0.0592 0.0979 0.0078 0.1535 0.0023 0.1178 0.0016 0.1184 -0.0280 0.2724 0.0238 0.2840 -0.0810 0.4315 0.0379 0.4566 -0.0957 0.4563 0.0284 0.4892 -0.0458 0.4817 0.0837 0.4732
21: 0.0313 -0.2108 0.0252 -0.2272 0.0245 -0.2276 0.0235 -0.2280 0.0237 -0.2266 0.0218 -0.2266 0.0198 -0.2265 0.0100 -0.2193 0.0075 -0.2187 0.0293 -0.1921 0.0272 -0.1914 0.0084 -0.1121 -0.0145 -0.1233 0.0147 0.0150 -0.0237 0.0143 0.0452 0.0960 -0.0036 0.1325 0.0580 0.1224 -0.0042 0.1693 0.0614 0.1199 0.0039 0.1668 0.0559 0.1105 0.0058 0.1540 0.0068 0.1176 -0.0006 0.1177 -0.0197 0.2743 0.0142 0.2827 -0.0847 0.4229 0.0342 0.4558 -0.0992 0.4442 0.0251 0.4889 -0.0540 0.4815 0.0786 0.4804
22: 0.0307 -0.2108 0.0247 -0.2272 0.0240 -0.2276 0.0231 -0.2280 0.0232 -0.2266 0.0214 -0.2266 0.0192 -0.2265 0.0096 -0.2190 0.0069 -0.2183 0.0286 -0.1918 0.0264 -0.1911 0.0077 -0.1123 -0.0158 -0.1225 0.0130 0.0159 -0.0240 0.0150 0.0412 0.1030 -0.0007 0.1318 0.0540 0.1299 0.0005 0.1682 0.0559 0.1267 0.0076 0.1660 0.0501 0.1180 0.0084 0.1531 0.0092 0.1174 -0.0012 0.1174 -0.0076 0.2771 0.0132 0.2835 -0.0842 0.4137 0.0261 0.4555 -0.1004 0.4279 0.0153 0.4895 -0.0600 0.4816 0.0721 0.4836
23: 0.0300 -0.2099 0.0242 -0.2262 0.0235 -0.2266 0.0226 -0.2270 0.0226 -0.2257 0.0208 -0.2257 0.0187 -0.2256 0.0093 -0.2181 0.0064 -0.2175 0.0279 -0.1911 0.0256 -0.1903 0.0071 -0.1123 -0.0166 -0.1221 0.0114 0.0163 -0.0242 0.0152 0.0376 0.1056 -0.0002 0.1306 0.0499 0.1345 0.0012 0.1686 0.0512 0.1314 0.0079 0.1655 0.0462 0.1217 0.0079 0.1529 0.0114 0.1173 -0.0021 0.1169 0.0030 0.2782 0.0105 0.2838 -0.0810 0.4000 0.0175 0.4582 -0.0958 0.4086 0.0037 0.4913 -0.0644 0.4814 0.0604 0.4865
24: 0.0301 -0.2079 0.0244 -0.2241 0.0237 -0.2244 0.0228 -0.2248 0.0229 -0.2236 0.0211 -0.2236 0.0190 -0.2235 0.0097 -0.2158 0.0069 -0.2153 0.0282 -0.1890 0.0259 -0.1882 0.0070 -0.1114 -0.0162 -0.1199 0.0107 0.0184 -0.0231 0.0156 0.0347 0.1084 0.0013 0.1310 0.0462 0.1370 0.0025 0.1707 0.0488 0.1346 0.0094 0.1672 0.0434 0.1247 0.0095 0.1550 0.0115 0.1159 -0.0024 0.1155 0.0051 0.2803 0.0089 0.2862 -0.0808 0.3939 0.0114 0.4607 -0.0945 0.4016 -0.0022 0.4930 -0.0615 0.4796 0.0535 0.4894
25: 0.0304 -0.2066 0.0247 -0.2227 0.0239 -0.2230 0.0229 -0.2233 0.0234 -0.2223 0.0218 -0.2223 0.0199 -0.2222 0.0099 -0.2141 0.0079 -0.2139 0.0286 -0.1877 0.0267 -0.1869 0.0061 -0.1106 -0.0144 -0.1187 0.0076 0.0187 -0.0213 0.0156 0.0282 0.1079 0.0034 0.1303 0.0405 0.1350 0.0034 0.1686 0.0427 0.1326 0.0107 0.1667 0.0387 0.1235 0.0111 0.1542 0.0103 0.1151 -0.0022 0.1142 0.0064 0.2810 0.0089 0.2874 -0.0725 0.3891 0.0042 0.4613 -0.0880 0.3966 -0.0092 0.4936 -0.0565 0.4729 0.0457 0.4901
26: 0.0311 -0.2061 0.0259 -0.2217 0.0251 -0.2220 0.0241 -0.2222 0.0246 -0.2214 0.0230 -0.2214 0.0211 -0.2213 0.0111 -0.2134 0.0091 -0.2132 0.0295 -0.1871 0.0276 -0.1863 0.0061 -0.1109 -0.0131 -0.1185 0.0076 0.0171 -0.0192 0.0155 0.0287 0.1058 0.0075 0.1311 0.0402 0.1328 0.0079 0.1688 0.0432 0.1298 0.0135 0.1667 0.0383 0.1220 0.0141 0.1544 0.0095 0.1153 -0.0023 0.1142 0.0068 0.2811 0.0114 0.2891 -0.0626 0.3930 -0.0027 0.4611 -0.0793 0.4005 -0.0152 0.4934 -0.0531 0.4717 0.0397 0.4899
27: 0.0315 -0.2051 0.0264 -0.2204 0.0255 -0.2206 0.0244 -0.2209 0.0253 -0.2201 0.0238 -0.2201 0.0219 -0.2201 0.0116 -0.2123 0.0100 -0.2121 0.0298 -0.1863 0.0280 -0.1855 0.0056 -0.1108 -0.0117 -0.1191 0.0057 0.0163 -0.0188 0.0135 0.0295 0.0984 0.0140 0.1256 0.0410 0.1208 0.0183 0.1599 0.0449 0.1177 0.0229 0.1568 0.0386 0.1128 0.0217 0.1448 0.0093 0.1158 -0.0032 0.1142 0.0146 0.2804 0.0114 0.2905 -0.0491 0.3980 -0.0160 0.4587 -0.0681 0.4079 -0.0246 0.4910 -0.0360 0.4582 0.0289 0.4912
28: 0.0332 -0.2041 0.0280 -0.2196 0.0270 -0.2198 0.0257 -0.2201 0.0274 -0.2193 0.0260 -0.2192 0.0243 -0.2191 0.0130 -0.2114 0.0126 -0.2109 0.0312 -0.1856 0.0297 -0.1849 0.0048 -0.1111 -0.0089 -0.1209 0.0056 0.0127 -0.0177 0.0095 0.0317 0.0845 0.0168 0.1177 0.0437 0.1006 0.0207 0.1478 0.0488 0.0984 0.0274 0.1440 0.0414 0.0931 0.0264 0.1322 0.0060 0.1179 -0.0018 0.1142 0.0156 0.2770 0.0126 0.2901 -0.0378 0.3993 -0.0182 0.4564 -0.0582 0.4125 -0.0286 0.4876 -0.0284 0.4518 0.0251 0.4921
29: 0.0338 -0.1998 0.0287 -0.2154 0.0276 -0.2157 0.0262 -0.2160 0.0283 -0.2151 0.0271 -0.2152 0.0255 -0.2152 0.0135 -0.2082 0.0139 -0.2077 0.0317 -0.1821 0.0303 -0.1817 0.0035 -0.1098 -0.0078 -0.1221 0.0036 0.0128 -0.0172 0.0086 0.0351 0.0762 0.0197 0.1103 0.0473 0.0925 0.0250 0.1421 0.0520 0.0869 0.0319 0.1371 0.0449 0.0830 0.0308 0.1248 0.0066 0.1194 -0.0025 0.1127 0.0242 0.2767 0.0091 0.2824 -0.0239 0.4169 -0.0229 0.4546 -0.0382 0.4372 -0.0362 0.4822 0.0066 0.4581 0.0180 0.4955
30: 0.0344 -0.1941 0.0292 -0.2097 0.0281 -0.2100 0.0268 -0.2103 0.0287 -0.2095 0.0275 -0.2097 0.0260 -0.2097 0.0141 -0.2029 0.0148 -0.2026 0.0314 -0.1770 0.0307 -0.1767 0.0022 -0.1080 -0.0069 -0.1203 0.0034 0.0159 -0.0167 0.0112 0.0370 0.0719 0.0224 0.1022 0.0489 0.0879 0.0307 0.1345 0.0533 0.0840 0.0375 0.1298 0.0470 0.0799 0.0360 0.1173 0.0070 0.1185 -0.0022 0.1097 0.0217 0.2764 0.0093 0.2727 -0.0114 0.4327 -0.0206 0.4583 -0.0235 0.4589 -0.0340 0.4862 0.0213 0.4673 0.0186 0.5000
31: 0.0350 -0.1882 0.0299 -0.2038 0.0285 -0.2042 0.0270 -0.2045 0.0300 -0.2038 0.0287 -0.2040 0.0271 -0.2042 0.0154 -0.1976 0.0164 -0.1974 0.0309 -0.1720 0.0310 -0.1719 0.0025 -0.1047 -0.0057 -0.1182 0.0047 0.0192 -0.0155 0.0125 0.0401 0.0704 0.0265 0.0927 0.0532 0.0868 0.0372 0.1242 0.0569 0.0822 0.0442 0.1169 0.0516 0.0770 0.0412 0.1037 0.0082 0.1155 -0.0050 0.1074 0.0305 0.2710 0.0004 0.2745 -0.0002 0.4399 -0.0247 0.4632 -0.0125 0.4685 -0.0334 0.4916 0.0378 0.4765 0.0172 0.5046
32: 0.0346 -0.1852 0.0295 -0.2016 0.0280 -0.2020 0.0264 -0.2024 0.0302 -0.2017 0.0290 -0.2022 0.0274 -0.2027 0.0155 -0.1966 0.0167 -0.1968 0.0297 -0.1699 0.0303 -0.1701 0.0029 -0.1044 -0.0050 -0.1218 0.0045 0.0182 -0.0164 0.0097 0.0434 0.0596 0.0277 0.0748 0.0566 0.0700 0.0403 0.1045 0.0598 0.0630 0.0469 0.0909 0.0547 0.0600 0.0432 0.0794 0.0078 0.1171 -0.0058 0.1091 0.0360 0.2705 -0.0055 0.2776 0.0204 0.4440 -0.0345 0.4635 0.0100 0.4750 -0.0447 0.4931 0.0615 0.4776 0.0049 0.5054
33: 0.0347 -0.1825 0.0300 -0.1992 0.0284 -0.1998 0.0267 -0.2003 0.0310 -0.1995 0.0298 -0.2003 0.0282 -0.2010 0.0160 -0.1960 0.0177 -0.1962 0.0293 -0.1682 0.0302 -0.1686 0.0006 -0.1048 -0.0032 -0.1240 0.0009 0.0187 -0.0157 0.0106 0.0457 0.0562 0.0346 0.0595 0.0585 0.0659 0.0480 0.0826 0.0618 0.0569 0.0540 0.0674 0.0575 0.0529 0.0493 0.0597 0.0080 0.1187 -0.0053 0.1101 0.0358 0.2729 -0.0088 0.2825 0.0363 0.4487 -0.0405 0.4642 0.0295 0.4820 -0.0541 0.4957 0.0804 0.4774 -0.0005 0.5065
34: 0.0354 -0.1809 0.0310 -0.1970 0.0294 -0.1976 0.0277 -0.1982 0.0323 -0.1975 0.0311 -0.1984 0.0295 -0.1992 0.0170 -0.1947 0.0194 -0.1951 0.0296 -0.1671 0.0308 -0.1676 -0.0020 -0.1066 -0.0002 -0.1246 -0.0072 0.0197 -0.0143 0.0118 0.0389 0.0579 0.0395 0.0504 0.0515 0.0720 0.0540 0.0672 0.0589 0.0567 0.0591 0.0538 0.0555 0.0510 0.0539 0.0477 0.0060 0.1198 -0.0037 0.1113 0.0328 0.2767 -0.0104 0.2919 0.0452 0.4518 -0.0455 0.4652 0.0387 0.4870 -0.0587 0.4980 0.0917 0.4770 -0.0029 0.5073
35: 0.0367 -0.1805 0.0323 -0.1964 0.0307 -0.1970 0.0290 -0.1976 0.0339 -0.1969 0.0328 -0.1977 0.0312 -0.1986 0.0181 -0.1942 0.0211 -0.1946 0.0306 -0.1666 0.0318 -0.1672 -0.0017 -0.1080 0.0017 -0.1253 -0.0079 0.0201 -0.0128 0.0125 0.0405 0.0532 0.0429 0.0392 0.0532 0.0651 0.0591 0.0549 0.0602 0.0515 0.0634 0.0393 0.0560 0.0446 0.0578 0.0338 0.0018 0.1205 -0.0018 0.1127 0.0226 0.2817 -0.0110 0.2919 0.0516 0.4539 -0.0490 0.4660 0.0441 0.4905 -0.0606 0.4995 0.0964 0.4743 -0.0038 0.5075
36: 0.0371 -0.1792 0.0330 -0.1952 0.0314 -0.1958 0.0297 -0.1964 0.0346 -0.1957 0.0336 -0.1966 0.0319 -0.1974 0.0183 -0.1934 0.0218 -0.1939 0.0306 -0.1653 0.0319 -0.1659 -0.0027 -0.1088 0.0025 -0.1257 -0.0089 0.0203 -0.0121 0.0127 0.0364 0.0479 0.0441 0.0310 0.0489 0.0593 0.0619 0.0438 0.0559 0.0428 0.0652 0.0282 0.0520 0.0369 0.0595 0.0236 0.0018 0.1210 -0.0013 0.1135 0.0215 0.2832 -0.0136 0.2941 0.0538 0.4537 -0.0539 0.4662 0.0468 0.4912 -0.0656 0.4998 0.1010 0.4721 -0.0081 0.5075
37: 0.0374 -0.1787 0.0334 -0.1943 0.0318 -0.1949 0.0300 -0.1955 0.0351 -0.1948 0.0341 -0.1956 0.0324 -0.1964 0.0183 -0.1928 0.0223 -0.1932 0.0307 -0.1649 0.0320 -0.1655 -0.0032 -0.1093 0.0036 -0.1256 -0.0110 0.0200 -0.0114 0.0109 0.0239 0.0531 0.0448 0.0206 0.0305 0.0673 0.0626 0.0324 0.0377 0.0517 0.0663 0.0174 0.0364 0.0454 0.0602 0.0128 0.0002 0.1212 -0.0007 0.1139 0.0176 0.2843 -0.0111 0.2942 0.0527 0.4565 -0.0593 0.4662 0.0453 0.4931 -0.0706 0.4997 0.0987 0.4723 -0.0122 0.5072
38: 0.0369 -0.1753 0.0336 -0.1908 0.0320 -0.1916 0.0303 -0.1924 0.0352 -0.1912 0.0344 -0.1921 0.0330 -0.1930 0.0183 -0.1910 0.0230 -0.1907 0.0298 -0.1621 0.0310 -0.1626 -0.0046 -0.1102 0.0050 -0.1251 -0.0129 0.0193 -0.0104 0.0108 0.0200 0.0544 0.0459 0.0149 0.0255 0.0709 0.0633 0.0242 0.0312 0.0528 0.0667 0.0091 0.0285 0.0457 0.0605 0.0053 -0.0016 0.1211 0.0011 0.1141 0.0127 0.2862 -0.0060 0.2936 0.0053 0.4576 -0.0116 0.4663 -0.0059 0.4912 -0.0220 0.4997 0.0431 0.4772 0.0295 0.5048
39: 0.0359 -0.1722 0.0327 -0.1876 0.0311 -0.1885 0.0294 -0.1895 0.0344 -0.1878 0.0337 -0.1887 0.0325 -0.1897 0.0173 -0.1892 0.0225 -0.1882 0.0288 -0.1594 0.0300 -0.1600 -0.0047 -0.1103 0.0047 -0.1252 -0.0128 0.0189 -0.0109 0.0108 0.0199 0.0539 0.0449 0.0109 0.0250 0.0728 0.0629 0.0162 0.0315 0.0534 0.0656 0.0022 0.0256 0.0500 0.0593 -0.0010 -0.0006 0.1210 0.0008 0.1144 0.0141 0.2867 -0.0108 0.2937 0.0355 0.4611 -0.0649 0.4628 0.0275 0.4950 -0.0756 0.4962 0.0813 0.4802 -0.0208 0.5048
40: 0.0355 -0.1710 0.0322 -0.1865 0.0306 -0.1875 0.0289 -0.1885 0.0339 -0.1866 0.0331 -0.1876 0.0320 -0.1886 0.0168 -0.1887 0.0220 -0.1874 0.0286 -0.1580 0.0296 -0.1586 -0.0045 -0.1107 0.0041 -0.1247 -0.0135 0.0184 -0.0117 0.0122 0.0231 0.0394 0.0449 0.0084 0.0297 0.0454 0.0626 0.0112 0.0366 0.0333 0.0646 -0.0031 0.0297 0.0222 0.0584 -0.0055 -0.0008 0.1206 0.0010 0.1150 0.0147 0.2874 -0.0156 0.2939 0.0371 0.4621 -0.0745 0.4607 0.0288 0.4955 -0.0868 0.4925 0.0836 0.4864 -0.0310 0.5047
