1: 0.0420 -0.1757 0.0395 -0.1926 0.0391 -0.1931 0.0387 -0.1937 0.0374 -0.1938 0.0354 -0.1950 0.0331 -0.1965 0.0278 -0.1924 0.0192 -0.1946 0.0383 -0.1616 0.0357 -0.1630 0.0139 -0.1077 -0.0090 -0.1207 0.0009 0.0154 -0.0257 0.0119 0.0413 -0.0147 0.0314 -0.0196 0.0545 -0.0299 0.0493 -0.0253 0.0555 -0.0406 0.0502 -0.0391 0.0504 -0.0405 0.0438 -0.0394 -0.0001 0.1147 -0.0050 0.1137 -0.0193 0.2833 0.0271 0.2861 -0.0483 0.4647 0.0480 0.4762 -0.0606 0.4962 0.0408 0.5108 -0.0057 0.5005 0.0989 0.4928
2: 0.0419 -0.1759 0.0394 -0.1927 0.0391 -0.1932 0.0387 -0.1938 0.0368 -0.1938 0.0346 -0.1951 0.0318 -0.1965 0.0277 -0.1926 0.0187 -0.1946 0.0385 -0.1618 0.0354 -0.1632 0.0137 -0.1078 -0.0091 -0.1202 0.0007 0.0155 -0.0253 0.0124 0.0391 -0.0111 0.0318 -0.0200 0.0538 -0.0222 0.0495 -0.0254 0.0543 -0.0320 0.0503 -0.0392 0.0482 -0.0313 0.0439 -0.0395 0.0000 0.1146 -0.0046 0.1132 -0.0190 0.2837 0.0278 0.2860 -0.0492 0.4643 0.0491 0.4742 -0.0620 0.4952 0.0416 0.5068 -0.0072 0.5007 0.0986 0.4870
3: 0.0418 -0.1758 0.0394 -0.1921 0.0391 -0.1927 0.0388 -0.1934 0.0367 -0.1932 0.0345 -0.1945 0.0317 -0.1959 0.0273 -0.1926 0.0187 -0.1945 0.0385 -0.1617 0.0351 -0.1631 0.0130 -0.1077 -0.0093 -0.1194 0.0007 0.0161 -0.0247 0.0131 0.0386 -0.0093 0.0324 -0.0200 0.0541 -0.0184 0.0501 -0.0249 0.0544 -0.0284 0.0509 -0.0386 0.0481 -0.0280 0.0445 -0.0391 0.0003 0.1144 -0.0040 0.1130 -0.0195 0.2837 0.0284 0.2861 -0.0541 0.4625 0.0481 0.4736 -0.0677 0.4918 0.0390 0.5066 -0.0125 0.5012 0.0952 0.4871
4: 0.0421 -0.1759 0.0396 -0.1918 0.0394 -0.1924 0.0390 -0.1932 0.0370 -0.1927 0.0348 -0.1940 0.0320 -0.1955 0.0269 -0.1930 0.0188 -0.1948 0.0385 -0.1616 0.0353 -0.1629 0.0123 -0.1079 -0.0097 -0.1189 0.0009 0.0154 -0.0241 0.0134 0.0388 -0.0102 0.0329 -0.0203 0.0542 -0.0176 0.0507 -0.0242 0.0546 -0.0299 0.0515 -0.0383 0.0479 -0.0277 0.0451 -0.0392 0.0006 0.1140 -0.0033 0.1127 -0.0199 0.2831 0.0290 0.2883 -0.0606 0.4597 0.0416 0.4729 -0.0739 0.4884 0.0309 0.5059 -0.0193 0.5011 0.0864 0.4950
5: 0.0422 -0.1764 0.0397 -0.1920 0.0394 -0.1927 0.0390 -0.1935 0.0371 -0.1930 0.0349 -0.1943 0.0321 -0.1958 0.0265 -0.1936 0.0188 -0.1954 0.0385 -0.1619 0.0354 -0.1632 0.0115 -0.1079 -0.0098 -0.1186 0.0003 0.0151 -0.0237 0.0135 0.0381 -0.0096 0.0333 -0.0209 0.0534 -0.0130 0.0510 -0.0239 0.0542 -0.0287 0.0518 -0.0384 0.0474 -0.0277 0.0455 -0.0395 0.0010 0.1139 -0.0028 0.1126 -0.0200 0.2835 0.0286 0.2911 -0.0661 0.4578 0.0361 0.4723 -0.0787 0.4849 0.0258 0.5052 -0.0252 0.5019 0.0816 0.4995
6: 0.0421 -0.1765 0.0396 -0.1920 0.0393 -0.1926 0.0389 -0.1935 0.0369 -0.1929 0.0347 -0.1943 0.0320 -0.1958 0.0265 -0.1937 0.0184 -0.1954 0.0384 -0.1619 0.0353 -0.1633 0.0113 -0.1080 -0.0101 -0.1184 -0.0004 0.0145 -0.0237 0.0138 0.0382 -0.0099 0.0333 -0.0205 0.0534 -0.0148 0.0510 -0.0233 0.0543 -0.0294 0.0518 -0.0380 0.0475 -0.0285 0.0454 -0.0392 0.0011 0.1137 -0.0024 0.1127 -0.0198 0.2841 0.0262 0.2911 -0.0711 0.4528 0.0305 0.4730 -0.0833 0.4785 0.0209 0.5052 -0.0307 0.5017 0.0774 0.5045
7: 0.0418 -0.1765 0.0393 -0.1919 0.0390 -0.1925 0.0386 -0.1934 0.0366 -0.1929 0.0343 -0.1942 0.0316 -0.1957 0.0261 -0.1937 0.0180 -0.1955 0.0381 -0.1618 0.0349 -0.1632 0.0109 -0.1084 -0.0104 -0.1183 -0.0016 0.0145 -0.0241 0.0141 0.0379 -0.0118 0.0331 -0.0205 0.0535 -0.0152 0.0509 -0.0233 0.0540 -0.0304 0.0515 -0.0380 0.0472 -0.0300 0.0451 -0.0391 0.0013 0.1137 -0.0019 0.1131 -0.0161 0.2865 0.0217 0.2931 -0.0742 0.4472 0.0246 0.4734 -0.0889 0.4702 0.0141 0.5052 -0.0392 0.5025 0.0681 0.5062
8: 0.0407 -0.1764 0.0382 -0.1918 0.0379 -0.1925 0.0375 -0.1933 0.0354 -0.1929 0.0332 -0.1942 0.0305 -0.1957 0.0249 -0.1937 0.0168 -0.1955 0.0369 -0.1613 0.0338 -0.1628 0.0098 -0.1086 -0.0116 -0.1182 -0.0020 0.0145 -0.0251 0.0141 0.0371 -0.0130 0.0321 -0.0205 0.0523 -0.0155 0.0497 -0.0234 0.0529 -0.0326 0.0503 -0.0383 0.0461 -0.0325 0.0439 -0.0393 0.0041 0.1137 -0.0024 0.1131 0.0016 0.2907 0.0094 0.2939 0.0078 0.4638 -0.0697 0.4445 -0.0073 0.4955 -0.0854 0.4646 0.0454 0.5033 -0.0216 0.5084
9: 0.0400 -0.1764 0.0375 -0.1919 0.0372 -0.1925 0.0367 -0.1934 0.0347 -0.1929 0.0323 -0.1943 0.0296 -0.1958 0.0241 -0.1938 0.0159 -0.1955 0.0363 -0.1613 0.0332 -0.1626 0.0090 -0.1090 -0.0120 -0.1183 -0.0019 0.0141 -0.0253 0.0139 0.0365 -0.0142 0.0316 -0.0206 0.0515 -0.0158 0.0492 -0.0235 0.0521 -0.0340 0.0495 -0.0388 0.0452 -0.0342 0.0430 -0.0397 0.0045 0.1137 -0.0017 0.1136 0.0023 0.2906 0.0103 0.2941 -0.0573 0.4334 -0.0227 0.4596 -0.0755 0.4496 -0.0317 0.4902 -0.0386 0.5025 0.0299 0.5092
10: 0.0394 -0.1758 0.0367 -0.1913 0.0364 -0.1919 0.0359 -0.1928 0.0341 -0.1923 0.0318 -0.1937 0.0292 -0.1952 0.0232 -0.1932 0.0154 -0.1949 0.0355 -0.1606 0.0327 -0.1618 0.0068 -0.1104 -0.0109 -0.1178 -0.0031 0.0131 -0.0252 0.0142 0.0355 -0.0136 0.0316 -0.0205 0.0502 -0.0159 0.0490 -0.0231 0.0512 -0.0334 0.0491 -0.0385 0.0441 -0.0335 0.0428 -0.0393 0.0043 0.1142 -0.0002 0.1142 0.0005 0.2909 0.0090 0.2966 -0.0669 0.4234 -0.0050 0.4676 -0.0844 0.4343 -0.0158 0.5014 -0.0481 0.5001 0.0409 0.5104
11: 0.0397 -0.1751 0.0369 -0.1907 0.0365 -0.1914 0.0359 -0.1922 0.0345 -0.1917 0.0323 -0.1931 0.0298 -0.1946 0.0231 -0.1927 0.0160 -0.1943 0.0356 -0.1598 0.0331 -0.1610 0.0057 -0.1115 -0.0098 -0.1175 -0.0041 0.0129 -0.0246 0.0143 0.0342 -0.0085 0.0320 -0.0207 0.0492 -0.0095 0.0497 -0.0228 0.0509 -0.0268 0.0500 -0.0381 0.0435 -0.0263 0.0437 -0.0389 0.0040 0.1143 0.0002 0.1148 0.0021 0.2888 0.0104 0.2971 -0.0654 0.4161 -0.0026 0.4720 -0.0830 0.4240 -0.0147 0.5057 -0.0469 0.4895 0.0402 0.5102
12: 0.0398 -0.1745 0.0370 -0.1902 0.0366 -0.1908 0.0360 -0.1917 0.0346 -0.1913 0.0324 -0.1926 0.0299 -0.1941 0.0231 -0.1923 0.0161 -0.1938 0.0357 -0.1591 0.0332 -0.1603 0.0052 -0.1128 -0.0093 -0.1174 -0.0046 0.0120 -0.0239 0.0145 0.0335 -0.0054 0.0332 -0.0213 0.0489 -0.0067 0.0516 -0.0232 0.0508 -0.0240 0.0517 -0.0382 0.0431 -0.0231 0.0452 -0.0389 0.0040 0.1148 0.0000 0.1155 0.0029 0.2866 0.0110 0.2976 -0.0643 0.4156 -0.0071 0.4734 -0.0805 0.4254 -0.0195 0.5065 -0.0397 0.4808 0.0339 0.5102
13: 0.0405 -0.1753 0.0376 -0.1914 0.0372 -0.1920 0.0366 -0.1928 0.0352 -0.1925 0.0329 -0.1939 0.0304 -0.1952 0.0236 -0.1932 0.0167 -0.1946 0.0364 -0.1597 0.0338 -0.1611 0.0054 -0.1137 -0.0085 -0.1182 -0.0056 0.0111 -0.0229 0.0139 0.0300 0.0080 0.0343 -0.0233 0.0463 0.0144 0.0530 -0.0252 0.0471 -0.0001 0.0535 -0.0395 0.0418 -0.0009 0.0471 -0.0402 0.0049 0.1159 -0.0019 0.1160 0.0171 0.2861 0.0097 0.2990 -0.0517 0.4143 -0.0168 0.4729 -0.0741 0.4216 -0.0265 0.5062 -0.0377 0.4649 0.0266 0.5115
14: 0.0412 -0.1764 0.0382 -0.1928 0.0378 -0.1933 0.0372 -0.1941 0.0357 -0.1938 0.0334 -0.1951 0.0309 -0.1963 0.0242 -0.1942 0.0172 -0.1954 0.0371 -0.1608 0.0345 -0.1623 0.0058 -0.1143 -0.0076 -0.1191 -0.0052 0.0098 -0.0216 0.0134 0.0260 0.0286 0.0350 -0.0244 0.0438 0.0482 0.0538 -0.0277 0.0414 0.0275 0.0541 -0.0415 0.0346 0.0293 0.0477 -0.0421 0.0042 0.1168 -0.0022 0.1167 0.0132 0.2845 0.0115 0.2965 -0.0382 0.4189 -0.0217 0.4700 -0.0594 0.4313 -0.0346 0.5012 -0.0277 0.4661 0.0205 0.5111
15: 0.0425 -0.1775 0.0395 -0.1938 0.0390 -0.1944 0.0384 -0.1951 0.0371 -0.1947 0.0348 -0.1958 0.0324 -0.1970 0.0251 -0.1950 0.0185 -0.1958 0.0385 -0.1620 0.0360 -0.1634 0.0051 -0.1144 -0.0055 -0.1198 -0.0041 0.0092 -0.0191 0.0129 0.0284 0.0195 0.0370 -0.0264 0.0457 0.0312 0.0554 -0.0299 0.0445 0.0107 0.0557 -0.0434 0.0377 0.0123 0.0495 -0.0439 0.0051 0.1172 -0.0047 0.1168 0.0226 0.2848 0.0028 0.2906 -0.0228 0.4347 -0.0266 0.4661 -0.0349 0.4576 -0.0394 0.4979 0.0070 0.4810 0.0123 0.5110
16: 0.0435 -0.1782 0.0404 -0.1947 0.0399 -0.1953 0.0391 -0.1960 0.0381 -0.1953 0.0358 -0.1964 0.0334 -0.1974 0.0255 -0.1956 0.0196 -0.1958 0.0395 -0.1630 0.0371 -0.1642 0.0045 -0.1144 -0.0040 -0.1199 -0.0032 0.0087 -0.0174 0.0131 0.0310 -0.0028 0.0388 -0.0287 0.0471 -0.0013 0.0566 -0.0311 0.0462 -0.0176 0.0571 -0.0446 0.0401 -0.0184 0.0510 -0.0452 0.0046 0.1178 -0.0051 0.1166 0.0230 0.2814 0.0068 0.2776 -0.0145 0.4434 -0.0249 0.4625 -0.0259 0.4730 -0.0368 0.4947 0.0227 0.4842 0.0171 0.5058
17: 0.0437 -0.1783 0.0405 -0.1946 0.0400 -0.1953 0.0391 -0.1960 0.0383 -0.1952 0.0361 -0.1963 0.0338 -0.1973 0.0254 -0.1955 0.0199 -0.1957 0.0396 -0.1630 0.0373 -0.1644 0.0051 -0.1140 -0.0038 -0.1200 -0.0029 0.0092 -0.0169 0.0130 0.0338 -0.0116 0.0390 -0.0307 0.0481 -0.0118 0.0567 -0.0320 0.0498 -0.0269 0.0572 -0.0455 0.0424 -0.0280 0.0511 -0.0463 0.0048 0.1178 -0.0062 0.1162 0.0284 0.2782 -0.0016 0.2797 -0.0003 0.4487 -0.0318 0.4630 -0.0139 0.4787 -0.0407 0.4959 0.0384 0.4890 0.0085 0.5068
18: 0.0440 -0.1786 0.0406 -0.1948 0.0399 -0.1954 0.0390 -0.1962 0.0386 -0.1955 0.0364 -0.1965 0.0341 -0.1975 0.0253 -0.1956 0.0203 -0.1958 0.0398 -0.1633 0.0377 -0.1650 0.0049 -0.1139 -0.0035 -0.1208 -0.0027 0.0092 -0.0164 0.0130 0.0342 -0.0159 0.0392 -0.0321 0.0487 -0.0205 0.0565 -0.0324 0.0500 -0.0305 0.0576 -0.0459 0.0430 -0.0322 0.0515 -0.0469 0.0047 0.1179 -0.0059 0.1166 0.0288 0.2769 -0.0072 0.2824 0.0193 0.4519 -0.0396 0.4640 0.0107 0.4833 -0.0507 0.4970 0.0627 0.4890 -0.0006 0.5088
19: 0.0459 -0.1788 0.0423 -0.1950 0.0414 -0.1956 0.0403 -0.1963 0.0406 -0.1956 0.0385 -0.1967 0.0364 -0.1977 0.0264 -0.1959 0.0227 -0.1960 0.0414 -0.1635 0.0397 -0.1652 0.0029 -0.1141 -0.0006 -0.1212 -0.0037 0.0097 -0.0141 0.0128 0.0314 -0.0143 0.0412 -0.0324 0.0443 -0.0197 0.0580 -0.0325 0.0470 -0.0295 0.0595 -0.0460 0.0399 -0.0306 0.0535 -0.0470 0.0010 0.1182 -0.0035 0.1170 0.0281 0.2789 -0.0035 0.2835 0.0359 0.4536 -0.0441 0.4642 0.0262 0.4903 -0.0581 0.4982 0.0812 0.4848 0.0004 0.5094
20: 0.0473 -0.1790 0.0434 -0.1953 0.0424 -0.1959 0.0411 -0.1967 0.0423 -0.1957 0.0403 -0.1967 0.0382 -0.1976 0.0271 -0.1962 0.0249 -0.1959 0.0424 -0.1635 0.0413 -0.1654 0.0010 -0.1145 0.0023 -0.1217 -0.0041 0.0106 -0.0119 0.0124 0.0318 -0.0157 0.0434 -0.0325 0.0432 -0.0185 0.0599 -0.0328 0.0463 -0.0296 0.0614 -0.0463 0.0398 -0.0308 0.0554 -0.0472 -0.0016 0.1192 -0.0016 0.1173 0.0140 0.2858 0.0007 0.2885 -0.0285 0.4617 -0.0065 0.4665 -0.0326 0.4954 -0.0175 0.5039 0.0289 0.4945 0.0376 0.5052
21: 0.0467 -0.1788 0.0427 -0.1956 0.0415 -0.1963 0.0402 -0.1972 0.0420 -0.1959 0.0403 -0.1968 0.0383 -0.1977 0.0260 -0.1968 0.0250 -0.1960 0.0415 -0.1630 0.0408 -0.1652 -0.0003 -0.1152 0.0032 -0.1227 -0.0052 0.0108 -0.0117 0.0116 0.0312 -0.0153 0.0447 -0.0334 0.0417 -0.0150 0.0605 -0.0337 0.0448 -0.0266 0.0619 -0.0467 0.0389 -0.0276 0.0559 -0.0471 -0.0016 0.1202 -0.0013 0.1178 0.0125 0.2900 -0.0064 0.2955 0.0423 0.4601 -0.0498 0.4661 0.0338 0.4975 -0.0632 0.5029 0.0876 0.4830 -0.0049 0.5072
22: 0.0460 -0.1781 0.0419 -0.1953 0.0407 -0.1961 0.0394 -0.1970 0.0414 -0.1955 0.0397 -0.1964 0.0379 -0.1972 0.0252 -0.1966 0.0246 -0.1958 0.0407 -0.1620 0.0401 -0.1643 -0.0004 -0.1153 0.0029 -0.1230 -0.0054 0.0118 -0.0120 0.0123 0.0305 -0.0124 0.0443 -0.0329 0.0403 -0.0116 0.0601 -0.0333 0.0430 -0.0150 0.0614 -0.0459 0.0376 -0.0152 0.0554 -0.0461 -0.0009 0.1200 -0.0017 0.1182 0.0130 0.2906 -0.0161 0.3005 0.0479 0.4606 -0.0623 0.4659 0.0407 0.4984 -0.0744 0.5023 0.0971 0.4781 -0.0162 0.5080
23: 0.0455 -0.1764 0.0414 -0.1941 0.0403 -0.1950 0.0389 -0.1959 0.0410 -0.1944 0.0395 -0.1953 0.0377 -0.1962 0.0248 -0.1959 0.0245 -0.1952 0.0401 -0.1598 0.0396 -0.1623 -0.0004 -0.1149 0.0027 -0.1224 -0.0050 0.0117 -0.0120 0.0137 0.0301 -0.0110 0.0442 -0.0314 0.0393 -0.0127 0.0600 -0.0323 0.0419 -0.0159 0.0613 -0.0443 0.0368 -0.0160 0.0553 -0.0441 -0.0005 0.1194 -0.0018 0.1181 0.0130 0.2897 -0.0180 0.3024 0.0435 0.4619 -0.0677 0.4654 0.0359 0.4997 -0.0800 0.5012 0.0907 0.4783 -0.0216 0.5079
24: 0.0446 -0.1756 0.0405 -0.1934 0.0393 -0.1944 0.0379 -0.1954 0.0402 -0.1937 0.0387 -0.1947 0.0370 -0.1957 0.0238 -0.1957 0.0238 -0.1952 0.0390 -0.1589 0.0386 -0.1617 -0.0009 -0.1147 0.0019 -0.1220 -0.0055 0.0122 -0.0124 0.0142 0.0299 -0.0097 0.0435 -0.0295 0.0395 -0.0099 0.0593 -0.0310 0.0418 -0.0161 0.0606 -0.0425 0.0367 -0.0158 0.0546 -0.0421 0.0010 0.1186 -0.0020 0.1182 0.0157 0.2899 -0.0164 0.3020 0.0393 0.4633 -0.0737 0.4632 0.0311 0.5005 -0.0861 0.4967 0.0864 0.4815 -0.0289 0.5077
25: 0.0433 -0.1749 0.0394 -0.1924 0.0382 -0.1934 0.0368 -0.1945 0.0391 -0.1929 0.0376 -0.1940 0.0359 -0.1951 0.0227 -0.1953 0.0227 -0.1951 0.0377 -0.1580 0.0373 -0.1610 -0.0017 -0.1147 0.0007 -0.1216 -0.0065 0.0118 -0.0133 0.0142 0.0294 -0.0139 0.0425 -0.0293 0.0384 -0.0147 0.0584 -0.0311 0.0414 -0.0236 0.0595 -0.0424 0.0362 -0.0226 0.0534 -0.0419 0.0027 0.1179 -0.0019 0.1184 0.0161 0.2915 -0.0166 0.3015 0.0360 0.4653 -0.0787 0.4592 0.0276 0.4993 -0.0914 0.4907 0.0829 0.4851 -0.0364 0.5068
26: 0.0418 -0.1753 0.0380 -0.1926 0.0368 -0.1936 0.0354 -0.1947 0.0376 -0.1931 0.0362 -0.1941 0.0345 -0.1953 0.0214 -0.1952 0.0214 -0.1950 0.0363 -0.1584 0.0359 -0.1612 -0.0029 -0.1147 -0.0006 -0.1209 -0.0078 0.0120 -0.0143 0.0151 0.0286 -0.0163 0.0418 -0.0283 0.0374 -0.0177 0.0581 -0.0306 0.0404 -0.0274 0.0584 -0.0419 0.0351 -0.0259 0.0524 -0.0413 0.0046 0.1173 -0.0010 0.1181 0.0173 0.2903 -0.0159 0.3002 0.0301 0.4633 -0.0818 0.4513 0.0208 0.4967 -0.0962 0.4761 0.0763 0.4884 -0.0465 0.5081
27: 0.0403 -0.1754 0.0365 -0.1927 0.0353 -0.1936 0.0340 -0.1947 0.0362 -0.1931 0.0348 -0.1942 0.0331 -0.1953 0.0199 -0.1951 0.0203 -0.1948 0.0348 -0.1586 0.0344 -0.1614 -0.0042 -0.1146 -0.0019 -0.1207 -0.0091 0.0129 -0.0157 0.0153 0.0287 -0.0169 0.0407 -0.0275 0.0369 -0.0228 0.0574 -0.0302 0.0390 -0.0291 0.0573 -0.0416 0.0346 -0.0277 0.0512 -0.0410 0.0050 0.1173 0.0010 0.1180 0.0152 0.2904 -0.0070 0.2997 0.0255 0.4625 -0.0828 0.4453 0.0168 0.4963 -0.0998 0.4644 0.0706 0.4914 -0.0526 0.5106
28: 0.0394 -0.1752 0.0355 -0.1925 0.0344 -0.1934 0.0330 -0.1945 0.0352 -0.1929 0.0338 -0.1940 0.0321 -0.1951 0.0190 -0.1948 0.0194 -0.1945 0.0340 -0.1585 0.0336 -0.1611 -0.0051 -0.1142 -0.0027 -0.1202 -0.0093 0.0136 -0.0163 0.0157 0.0301 -0.0168 0.0405 -0.0272 0.0386 -0.0242 0.0575 -0.0300 0.0409 -0.0303 0.0569 -0.0414 0.0359 -0.0289 0.0508 -0.0408 0.0067 0.1170 0.0013 0.1175 0.0143 0.2937 -0.0010 0.2999 0.0206 0.4634 -0.0818 0.4357 0.0093 0.4976 -0.1000 0.4477 0.0665 0.4955 -0.0570 0.5114
29: 0.0389 -0.1753 0.0350 -0.1926 0.0339 -0.1936 0.0325 -0.1946 0.0347 -0.1931 0.0333 -0.1941 0.0316 -0.1952 0.0185 -0.1948 0.0189 -0.1946 0.0335 -0.1587 0.0331 -0.1613 -0.0050 -0.1142 -0.0032 -0.1204 -0.0090 0.0138 -0.0168 0.0155 0.0308 -0.0168 0.0400 -0.0272 0.0406 -0.0235 0.0572 -0.0301 0.0432 -0.0315 0.0565 -0.0416 0.0371 -0.0297 0.0503 -0.0410 0.0059 0.1173 0.0023 0.1174 0.0129 0.2997 0.0030 0.3022 0.0123 0.4645 -0.0797 0.4261 0.0011 0.4970 -0.0988 0.4330 0.0580 0.4971 -0.0593 0.5112
30: 0.0384 -0.1758 0.0345 -0.1929 0.0334 -0.1938 0.0321 -0.1948 0.0341 -0.1934 0.0326 -0.1945 0.0308 -0.1955 0.0181 -0.1948 0.0181 -0.1947 0.0332 -0.1594 0.0326 -0.1615 -0.0045 -0.1143 -0.0037 -0.1203 -0.0082 0.0136 -0.0173 0.0154 0.0303 -0.0136 0.0395 -0.0272 0.0412 -0.0197 0.0566 -0.0304 0.0427 -0.0301 0.0560 -0.0419 0.0373 -0.0282 0.0498 -0.0411 0.0060 0.1173 0.0021 0.1174 0.0136 0.2999 0.0087 0.3026 0.0048 0.4642 -0.0773 0.4177 -0.0058 0.4965 -0.0949 0.4237 0.0495 0.4970 -0.0580 0.5056
31: 0.0381 -0.1763 0.0342 -0.1931 0.0331 -0.1939 0.0318 -0.1947 0.0336 -0.1936 0.0320 -0.1946 0.0300 -0.1955 0.0181 -0.1942 0.0173 -0.1940 0.0333 -0.1601 0.0323 -0.1618 -0.0037 -0.1142 -0.0040 -0.1196 -0.0074 0.0096 -0.0178 0.0155 0.0302 -0.0169 0.0392 -0.0265 0.0425 -0.0239 0.0562 -0.0299 0.0431 -0.0317 0.0557 -0.0415 0.0380 -0.0295 0.0495 -0.0405 0.0050 0.1165 0.0028 0.1174 0.0133 0.2999 0.0151 0.3009 -0.0020 0.4648 -0.0699 0.4106 -0.0120 0.4968 -0.0904 0.4163 0.0403 0.4985 -0.0533 0.5027
32: 0.0377 -0.1777 0.0339 -0.1945 0.0329 -0.1950 0.0317 -0.1957 0.0323 -0.1950 0.0302 -0.1959 0.0278 -0.1967 0.0187 -0.1945 0.0149 -0.1942 0.0333 -0.1619 0.0319 -0.1632 -0.0008 -0.1143 -0.0045 -0.1197 -0.0065 0.0057 -0.0185 0.0135 0.0290 -0.0085 0.0389 -0.0261 0.0427 -0.0072 0.0560 -0.0298 0.0432 -0.0185 0.0555 -0.0414 0.0378 -0.0155 0.0493 -0.0403 0.0030 0.1164 0.0024 0.1177 0.0089 0.2989 0.0211 0.3000 -0.0107 0.4652 -0.0588 0.4126 -0.0192 0.4988 -0.0800 0.4199 0.0317 0.4985 -0.0519 0.4970
33: 0.0390 -0.1780 0.0352 -0.1946 0.0343 -0.1952 0.0331 -0.1958 0.0331 -0.1952 0.0307 -0.1961 0.0282 -0.1969 0.0202 -0.1944 0.0152 -0.1940 0.0348 -0.1627 0.0332 -0.1637 0.0008 -0.1146 -0.0036 -0.1202 -0.0048 0.0041 -0.0174 0.0115 0.0309 -0.0076 0.0403 -0.0256 0.0460 -0.0077 0.0574 -0.0296 0.0482 -0.0198 0.0570 -0.0413 0.0409 -0.0160 0.0508 -0.0402 -0.0007 0.1171 0.0035 0.1178 0.0022 0.2973 0.0306 0.2944 -0.0166 0.4654 -0.0352 0.4191 -0.0251 0.4964 -0.0570 0.4297 0.0201 0.4995 -0.0233 0.4983
34: 0.0402 -0.1773 0.0364 -0.1939 0.0356 -0.1945 0.0345 -0.1952 0.0341 -0.1945 0.0317 -0.1955 0.0292 -0.1963 0.0217 -0.1941 0.0161 -0.1940 0.0362 -0.1622 0.0343 -0.1632 0.0023 -0.1144 -0.0030 -0.1208 -0.0034 0.0057 -0.0169 0.0117 0.0324 0.0017 0.0411 -0.0250 0.0475 -0.0002 0.0588 -0.0290 0.0501 -0.0140 0.0584 -0.0408 0.0426 -0.0108 0.0522 -0.0398 -0.0042 0.1178 0.0047 0.1172 -0.0019 0.2927 0.0360 0.2893 -0.0233 0.4595 -0.0268 0.4303 -0.0364 0.4819 -0.0434 0.4391 0.0142 0.5006 0.0002 0.4956
35: 0.0407 -0.1780 0.0369 -0.1946 0.0362 -0.1952 0.0352 -0.1959 0.0346 -0.1952 0.0322 -0.1962 0.0297 -0.1971 0.0223 -0.1952 0.0164 -0.1953 0.0368 -0.1634 0.0348 -0.1644 0.0030 -0.1144 -0.0031 -0.1207 -0.0033 0.0064 -0.0169 0.0116 0.0327 0.0009 0.0416 -0.0256 0.0480 0.0026 0.0594 -0.0296 0.0507 -0.0110 0.0591 -0.0413 0.0431 -0.0095 0.0529 -0.0404 -0.0044 0.1183 0.0047 0.1169 -0.0029 0.2892 0.0393 0.2840 -0.0218 0.4588 -0.0162 0.4412 -0.0351 0.4842 -0.0305 0.4643 0.0170 0.5014 0.0173 0.4972
36: 0.0416 -0.1775 0.0379 -0.1942 0.0372 -0.1949 0.0361 -0.1957 0.0355 -0.1947 0.0332 -0.1957 0.0308 -0.1967 0.0232 -0.1952 0.0175 -0.1952 0.0378 -0.1631 0.0357 -0.1643 0.0040 -0.1137 -0.0026 -0.1202 -0.0033 0.0078 -0.0166 0.0123 0.0323 0.0079 0.0416 -0.0251 0.0433 0.0241 0.0597 -0.0293 0.0458 0.0088 0.0598 -0.0408 0.0414 0.0069 0.0535 -0.0400 -0.0067 0.1182 0.0054 0.1157 -0.0072 0.2852 0.0415 0.2796 -0.0232 0.4601 -0.0010 0.4491 -0.0344 0.4860 -0.0169 0.4779 0.0208 0.4992 0.0370 0.4991
37: 0.0422 -0.1772 0.0384 -0.1939 0.0377 -0.1946 0.0367 -0.1955 0.0362 -0.1944 0.0339 -0.1954 0.0316 -0.1965 0.0238 -0.1953 0.0182 -0.1954 0.0383 -0.1629 0.0362 -0.1641 0.0046 -0.1134 -0.0027 -0.1201 -0.0028 0.0086 -0.0171 0.0126 0.0326 0.0083 0.0402 -0.0251 0.0442 0.0176 0.0586 -0.0293 0.0466 0.0071 0.0592 -0.0407 0.0421 0.0037 0.0525 -0.0400 -0.0070 0.1181 0.0050 0.1155 -0.0111 0.2859 0.0420 0.2809 -0.0328 0.4621 0.0204 0.4565 -0.0402 0.4907 0.0081 0.4882 0.0127 0.4998 0.0613 0.5001
38: 0.0428 -0.1765 0.0392 -0.1930 0.0385 -0.1938 0.0376 -0.1947 0.0370 -0.1936 0.0347 -0.1946 0.0324 -0.1957 0.0246 -0.1947 0.0190 -0.1948 0.0389 -0.1621 0.0368 -0.1634 0.0058 -0.1126 -0.0033 -0.1193 -0.0018 0.0089 -0.0180 0.0128 0.0349 0.0050 0.0382 -0.0244 0.0487 0.0047 0.0575 -0.0285 0.0490 0.0031 0.0584 -0.0399 0.0441 0.0033 0.0510 -0.0394 -0.0053 0.1170 0.0027 0.1150 -0.0127 0.2859 0.0403 0.2824 -0.0408 0.4630 0.0351 0.4610 -0.0516 0.4927 0.0258 0.4942 0.0021 0.5014 0.0817 0.4990
39: 0.0430 -0.1765 0.0394 -0.1931 0.0387 -0.1938 0.0378 -0.1947 0.0372 -0.1936 0.0350 -0.1947 0.0327 -0.1958 0.0251 -0.1947 0.0195 -0.1949 0.0392 -0.1621 0.0371 -0.1634 0.0068 -0.1123 -0.0032 -0.1194 -0.0013 0.0092 -0.0189 0.0128 0.0373 -0.0012 0.0367 -0.0245 0.0514 -0.0062 0.0558 -0.0286 0.0537 -0.0166 0.0566 -0.0400 0.0460 -0.0072 0.0489 -0.0395 -0.0047 0.1168 0.0010 0.1148 -0.0155 0.2863 0.0386 0.2830 -0.0456 0.4630 0.0474 0.4677 -0.0578 0.4928 0.0374 0.5035 -0.0036 0.5008 0.0921 0.4964
40: 0.0427 -0.1767 0.0390 -0.1933 0.0384 -0.1940 0.0376 -0.1949 0.0369 -0.1938 0.0347 -0.1949 0.0325 -0.1959 0.0250 -0.1948 0.0194 -0.1950 0.0390 -0.1623 0.0368 -0.1636 0.0074 -0.1107 -0.0036 -0.1194 -0.0015 0.0122 -0.0200 0.0126 0.0373 -0.0011 0.0361 -0.0246 0.0526 -0.0059 0.0552 -0.0285 0.0538 -0.0155 0.0561 -0.0401 0.0462 -0.0073 0.0483 -0.0396 -0.0043 0.1164 0.0004 0.1137 -0.0189 0.2868 0.0355 0.2881 -0.0513 0.4630 0.0495 0.4709 -0.0647 0.4934 0.0408 0.5078 -0.0067 0.5006 0.0964 0.4926
