1: 0.0408 -0.2008 0.0364 -0.2209 0.0357 -0.2214 0.0349 -0.2218 0.0353 -0.2207 0.0337 -0.2210 0.0316 -0.2214 0.0220 -0.2166 0.0188 -0.2165 0.0368 -0.1841 0.0350 -0.1853 0.0033 -0.1252 -0.0077 -0.1361 0.0037 0.0128 -0.0201 -0.0033 0.0548 -0.0122 0.0482 -0.0284 0.0676 -0.0205 0.0644 -0.0331 0.0692 -0.0364 0.0647 -0.0496 0.0637 -0.0345 0.0588 -0.0485 -0.0039 0.1310 0.0085 0.1304 -0.0065 0.3148 0.0507 0.3121 -0.0293 0.5176 0.0411 0.5241 -0.0399 0.5516 0.0266 0.5581 0.0102 0.5481 0.0897 0.5624
2: 0.0412 -0.2028 0.0368 -0.2230 0.0361 -0.2236 0.0352 -0.2243 0.0356 -0.2227 0.0339 -0.2231 0.0318 -0.2236 0.0215 -0.2195 0.0186 -0.2191 0.0372 -0.1861 0.0354 -0.1869 0.0038 -0.1255 -0.0092 -0.1370 0.0035 0.0100 -0.0214 -0.0010 0.0551 -0.0132 0.0477 -0.0270 0.0676 -0.0208 0.0643 -0.0299 0.0694 -0.0382 0.0648 -0.0482 0.0637 -0.0360 0.0583 -0.0465 -0.0025 0.1319 0.0081 0.1304 -0.0088 0.3162 0.0479 0.3147 -0.0314 0.5150 0.0603 0.5223 -0.0458 0.5489 0.0506 0.5618 0.0106 0.5485 0.1106 0.5534
3: 0.0414 -0.2082 0.0369 -0.2283 0.0362 -0.2291 0.0353 -0.2299 0.0357 -0.2280 0.0340 -0.2284 0.0319 -0.2289 0.0208 -0.2255 0.0184 -0.2244 0.0374 -0.1909 0.0356 -0.1916 0.0038 -0.1284 -0.0096 -0.1399 0.0026 0.0043 -0.0225 -0.0030 0.0541 -0.0152 0.0473 -0.0273 0.0658 -0.0221 0.0635 -0.0292 0.0684 -0.0404 0.0645 -0.0471 0.0625 -0.0375 0.0578 -0.0448 -0.0022 0.1353 0.0080 0.1329 -0.0118 0.3161 0.0453 0.3175 -0.0400 0.5089 0.0759 0.5178 -0.0553 0.5423 0.0684 0.5577 0.0071 0.5456 0.1298 0.5290
4: 0.0417 -0.2121 0.0370 -0.2321 0.0363 -0.2329 0.0353 -0.2339 0.0358 -0.2317 0.0341 -0.2321 0.0320 -0.2327 0.0204 -0.2299 0.0184 -0.2283 0.0376 -0.1942 0.0358 -0.1950 0.0036 -0.1302 -0.0098 -0.1422 0.0006 0.0014 -0.0234 -0.0041 0.0522 -0.0153 0.0470 -0.0292 0.0637 -0.0219 0.0630 -0.0307 0.0671 -0.0402 0.0644 -0.0485 0.0611 -0.0367 0.0577 -0.0459 -0.0019 0.1369 0.0083 0.1357 -0.0189 0.3155 0.0447 0.3176 -0.0519 0.5033 0.0805 0.5134 -0.0672 0.5368 0.0739 0.5537 -0.0032 0.5450 0.1337 0.5199
5: 0.0421 -0.2130 0.0374 -0.2332 0.0366 -0.2341 0.0355 -0.2353 0.0362 -0.2329 0.0345 -0.2334 0.0324 -0.2340 0.0201 -0.2322 0.0188 -0.2298 0.0380 -0.1950 0.0362 -0.1958 0.0015 -0.1320 -0.0094 -0.1425 -0.0019 0.0000 -0.0230 -0.0027 0.0484 -0.0118 0.0475 -0.0319 0.0605 -0.0165 0.0635 -0.0345 0.0648 -0.0359 0.0650 -0.0519 0.0585 -0.0329 0.0582 -0.0492 -0.0016 0.1373 0.0094 0.1370 -0.0220 0.3118 0.0455 0.3140 -0.0635 0.4992 0.0772 0.5119 -0.0772 0.5326 0.0680 0.5507 -0.0127 0.5418 0.1304 0.5187
6: 0.0421 -0.2123 0.0374 -0.2329 0.0366 -0.2338 0.0355 -0.2351 0.0362 -0.2325 0.0345 -0.2330 0.0323 -0.2337 0.0197 -0.2325 0.0186 -0.2299 0.0380 -0.1948 0.0362 -0.1955 0.0015 -0.1312 -0.0096 -0.1409 0.0117 0.0136 -0.0230 -0.0010 0.0508 -0.0158 0.0470 -0.0345 0.0610 -0.0211 0.0635 -0.0381 0.0649 -0.0402 0.0647 -0.0554 0.0586 -0.0374 0.0578 -0.0530 -0.0016 0.1363 0.0098 0.1360 -0.0247 0.3085 0.0457 0.3120 -0.0726 0.4953 0.0720 0.5126 -0.0862 0.5275 0.0614 0.5517 -0.0254 0.5426 0.1240 0.5335
7: 0.0418 -0.2113 0.0372 -0.2321 0.0364 -0.2331 0.0353 -0.2344 0.0359 -0.2317 0.0342 -0.2323 0.0320 -0.2330 0.0194 -0.2322 0.0180 -0.2295 0.0377 -0.1943 0.0359 -0.1952 0.0010 -0.1300 -0.0101 -0.1398 0.0113 0.0101 -0.0230 0.0016 0.0508 -0.0165 0.0471 -0.0353 0.0614 -0.0225 0.0638 -0.0415 0.0650 -0.0420 0.0645 -0.0587 0.0587 -0.0392 0.0577 -0.0563 -0.0009 0.1348 0.0101 0.1348 -0.0256 0.3074 0.0455 0.3114 -0.0824 0.4901 0.0676 0.5134 -0.0981 0.5181 0.0555 0.5520 -0.0404 0.5447 0.1203 0.5432
8: 0.0412 -0.2108 0.0367 -0.2317 0.0358 -0.2326 0.0347 -0.2338 0.0354 -0.2313 0.0336 -0.2319 0.0314 -0.2325 0.0188 -0.2315 0.0174 -0.2288 0.0371 -0.1938 0.0353 -0.1947 0.0004 -0.1290 -0.0107 -0.1393 0.0092 0.0100 -0.0221 0.0035 0.0509 -0.0164 0.0479 -0.0346 0.0622 -0.0236 0.0640 -0.0435 0.0646 -0.0417 0.0641 -0.0607 0.0583 -0.0394 0.0573 -0.0573 0.0003 0.1341 0.0101 0.1342 -0.0242 0.3072 0.0401 0.3113 -0.0884 0.4821 0.0521 0.5152 -0.1056 0.5073 0.0399 0.5522 -0.0514 0.5447 0.1051 0.5467
9: 0.0400 -0.2099 0.0355 -0.2309 0.0346 -0.2318 0.0335 -0.2329 0.0342 -0.2308 0.0324 -0.2314 0.0302 -0.2323 0.0175 -0.2311 0.0160 -0.2291 0.0358 -0.1930 0.0340 -0.1940 -0.0003 -0.1281 -0.0116 -0.1386 0.0080 0.0104 -0.0229 0.0044 0.0521 -0.0154 0.0467 -0.0333 0.0623 -0.0228 0.0627 -0.0421 0.0637 -0.0411 0.0628 -0.0596 0.0582 -0.0389 0.0561 -0.0561 0.0022 0.1323 0.0095 0.1344 -0.0177 0.3086 0.0326 0.3130 -0.0922 0.4687 0.0391 0.5164 -0.1098 0.4871 0.0252 0.5532 -0.0632 0.5454 0.0899 0.5488
10: 0.0396 -0.2072 0.0351 -0.2282 0.0342 -0.2291 0.0331 -0.2302 0.0338 -0.2283 0.0321 -0.2291 0.0298 -0.2300 0.0171 -0.2280 0.0156 -0.2270 0.0355 -0.1893 0.0336 -0.1903 -0.0005 -0.1241 -0.0103 -0.1366 0.0071 0.0123 -0.0212 0.0092 0.0519 -0.0098 0.0479 -0.0284 0.0620 -0.0176 0.0632 -0.0362 0.0634 -0.0357 0.0639 -0.0542 0.0580 -0.0335 0.0577 -0.0505 0.0016 0.1285 0.0092 0.1321 -0.0121 0.3142 0.0272 0.3194 -0.0913 0.4600 0.0268 0.5228 -0.1102 0.4727 0.0106 0.5599 -0.0716 0.5476 0.0745 0.5579
11: 0.0392 -0.2061 0.0346 -0.2269 0.0337 -0.2278 0.0326 -0.2288 0.0334 -0.2271 0.0316 -0.2279 0.0294 -0.2288 0.0166 -0.2261 0.0152 -0.2257 0.0350 -0.1874 0.0331 -0.1884 -0.0012 -0.1228 -0.0090 -0.1375 0.0045 0.0115 -0.0189 0.0056 0.0499 -0.0055 0.0502 -0.0256 0.0602 -0.0102 0.0642 -0.0315 0.0620 -0.0274 0.0651 -0.0495 0.0567 -0.0273 0.0597 -0.0464 0.0012 0.1285 0.0089 0.1316 0.0003 0.3183 0.0208 0.3242 -0.0886 0.4530 0.0150 0.5290 -0.1060 0.4606 -0.0025 0.5647 -0.0717 0.5452 0.0619 0.5657
12: 0.0389 -0.2068 0.0344 -0.2271 0.0334 -0.2279 0.0323 -0.2289 0.0331 -0.2272 0.0313 -0.2279 0.0291 -0.2288 0.0163 -0.2256 0.0149 -0.2251 0.0347 -0.1876 0.0329 -0.1887 -0.0014 -0.1222 -0.0078 -0.1366 0.0041 0.0135 -0.0156 0.0064 0.0501 -0.0025 0.0506 -0.0264 0.0600 -0.0073 0.0640 -0.0346 0.0609 -0.0247 0.0649 -0.0530 0.0564 -0.0242 0.0594 -0.0496 0.0008 0.1277 0.0085 0.1312 0.0027 0.3215 0.0147 0.3289 -0.0848 0.4486 0.0036 0.5326 -0.1019 0.4561 -0.0121 0.5678 -0.0663 0.5373 0.0482 0.5690
13: 0.0388 -0.2080 0.0342 -0.2281 0.0333 -0.2288 0.0322 -0.2297 0.0330 -0.2281 0.0311 -0.2287 0.0289 -0.2294 0.0162 -0.2263 0.0147 -0.2253 0.0346 -0.1888 0.0328 -0.1900 -0.0015 -0.1252 -0.0067 -0.1372 0.0033 0.0117 -0.0131 0.0058 0.0495 -0.0030 0.0512 -0.0304 0.0588 -0.0074 0.0641 -0.0405 0.0599 -0.0272 0.0648 -0.0573 0.0552 -0.0261 0.0593 -0.0542 0.0005 0.1296 0.0076 0.1327 0.0027 0.3226 0.0119 0.3333 -0.0817 0.4503 -0.0084 0.5342 -0.1013 0.4573 -0.0230 0.5689 -0.0587 0.5320 0.0393 0.5718
14: 0.0391 -0.2082 0.0344 -0.2287 0.0335 -0.2294 0.0323 -0.2303 0.0331 -0.2286 0.0312 -0.2292 0.0290 -0.2300 0.0165 -0.2268 0.0148 -0.2255 0.0349 -0.1891 0.0330 -0.1904 -0.0012 -0.1274 -0.0066 -0.1381 0.0031 0.0114 -0.0117 0.0042 0.0460 -0.0036 0.0513 -0.0377 0.0572 -0.0066 0.0644 -0.0441 0.0574 -0.0266 0.0645 -0.0603 0.0531 -0.0271 0.0595 -0.0588 0.0046 0.1313 0.0032 0.1341 0.0232 0.3222 0.0082 0.3358 -0.0626 0.4513 -0.0227 0.5356 -0.0805 0.4600 -0.0333 0.5698 -0.0383 0.5071 0.0273 0.5739
15: 0.0394 -0.2082 0.0347 -0.2288 0.0338 -0.2295 0.0326 -0.2305 0.0334 -0.2288 0.0315 -0.2293 0.0293 -0.2301 0.0169 -0.2268 0.0152 -0.2255 0.0353 -0.1892 0.0333 -0.1907 -0.0007 -0.1276 -0.0061 -0.1399 0.0023 0.0115 -0.0116 0.0025 0.0425 -0.0027 0.0509 -0.0381 0.0542 -0.0038 0.0636 -0.0423 0.0564 -0.0249 0.0637 -0.0585 0.0509 -0.0264 0.0592 -0.0575 0.0082 0.1326 -0.0013 0.1350 0.0310 0.3162 -0.0012 0.3376 -0.0455 0.4554 -0.0298 0.5346 -0.0680 0.4698 -0.0445 0.5695 -0.0352 0.5060 0.0159 0.5745
16: 0.0406 -0.2081 0.0359 -0.2288 0.0349 -0.2295 0.0337 -0.2304 0.0346 -0.2288 0.0327 -0.2294 0.0305 -0.2302 0.0181 -0.2267 0.0164 -0.2255 0.0365 -0.1893 0.0345 -0.1909 0.0001 -0.1273 -0.0045 -0.1412 -0.0006 0.0115 -0.0110 -0.0015 0.0377 0.0079 0.0510 -0.0371 0.0496 0.0043 0.0632 -0.0418 0.0503 -0.0151 0.0635 -0.0562 0.0464 -0.0180 0.0593 -0.0571 0.0089 0.1332 -0.0044 0.1354 0.0389 0.3099 -0.0138 0.3333 -0.0204 0.4794 -0.0374 0.5314 -0.0324 0.5069 -0.0513 0.5652 0.0145 0.5324 0.0110 0.5744
17: 0.0415 -0.2079 0.0368 -0.2286 0.0358 -0.2292 0.0346 -0.2300 0.0355 -0.2287 0.0336 -0.2293 0.0314 -0.2299 0.0190 -0.2263 0.0173 -0.2252 0.0374 -0.1899 0.0354 -0.1915 0.0004 -0.1278 -0.0033 -0.1419 -0.0031 0.0095 -0.0102 -0.0099 0.0352 0.0148 0.0497 -0.0339 0.0441 0.0160 0.0600 -0.0319 0.0478 -0.0042 0.0614 -0.0460 0.0432 -0.0052 0.0574 -0.0472 0.0093 0.1340 -0.0065 0.1356 0.0425 0.3023 -0.0233 0.3306 0.0033 0.4896 -0.0510 0.5307 -0.0129 0.5214 -0.0664 0.5645 0.0494 0.5396 -0.0045 0.5758
18: 0.0425 -0.2058 0.0378 -0.2264 0.0369 -0.2271 0.0357 -0.2278 0.0365 -0.2266 0.0347 -0.2273 0.0325 -0.2279 0.0201 -0.2244 0.0185 -0.2233 0.0384 -0.1884 0.0364 -0.1903 0.0008 -0.1280 -0.0019 -0.1430 -0.0090 0.0076 -0.0099 -0.0167 0.0273 0.0269 0.0459 -0.0250 0.0365 0.0343 0.0565 -0.0160 0.0414 0.0134 0.0594 -0.0300 0.0399 0.0034 0.0555 -0.0330 0.0102 0.1352 -0.0090 0.1357 0.0410 0.3007 -0.0302 0.3301 0.0312 0.5045 -0.0627 0.5298 0.0230 0.5367 -0.0780 0.5639 0.0857 0.5391 -0.0140 0.5752
19: 0.0443 -0.2032 0.0396 -0.2238 0.0387 -0.2244 0.0375 -0.2252 0.0385 -0.2239 0.0367 -0.2244 0.0346 -0.2251 0.0220 -0.2221 0.0208 -0.2206 0.0402 -0.1865 0.0384 -0.1881 -0.0004 -0.1290 0.0009 -0.1440 -0.0117 0.0055 -0.0077 -0.0207 0.0240 0.0295 0.0465 -0.0205 0.0339 0.0370 0.0568 -0.0107 0.0364 0.0175 0.0599 -0.0242 0.0351 0.0119 0.0562 -0.0272 0.0089 0.1369 -0.0096 0.1360 0.0392 0.3011 -0.0373 0.3288 0.0526 0.5066 -0.0715 0.5286 0.0456 0.5472 -0.0848 0.5623 0.1072 0.5328 -0.0228 0.5735
20: 0.0453 -0.2013 0.0407 -0.2217 0.0396 -0.2224 0.0383 -0.2233 0.0396 -0.2218 0.0379 -0.2224 0.0358 -0.2232 0.0229 -0.2207 0.0224 -0.2190 0.0411 -0.1850 0.0396 -0.1861 -0.0007 -0.1289 0.0030 -0.1454 -0.0116 0.0039 -0.0065 -0.0204 0.0254 0.0294 0.0478 -0.0192 0.0355 0.0297 0.0583 -0.0121 0.0377 0.0151 0.0608 -0.0245 0.0365 0.0082 0.0570 -0.0264 0.0070 0.1383 -0.0092 0.1359 0.0376 0.3020 -0.0411 0.3270 0.0629 0.5059 -0.0807 0.5256 0.0584 0.5497 -0.0955 0.5582 0.1209 0.5219 -0.0340 0.5715
21: 0.0460 -0.2019 0.0414 -0.2215 0.0403 -0.2222 0.0389 -0.2231 0.0405 -0.2216 0.0389 -0.2222 0.0369 -0.2230 0.0237 -0.2205 0.0239 -0.2186 0.0418 -0.1858 0.0405 -0.1866 -0.0012 -0.1296 0.0044 -0.1458 -0.0131 0.0019 -0.0058 -0.0228 0.0266 0.0339 0.0474 -0.0211 0.0377 0.0447 0.0579 -0.0151 0.0414 0.0317 0.0602 -0.0282 0.0315 0.0105 0.0563 -0.0300 0.0060 0.1386 -0.0093 0.1369 0.0389 0.3026 -0.0435 0.3254 0.0632 0.5051 -0.0925 0.5198 0.0581 0.5482 -0.1093 0.5505 0.1200 0.5183 -0.0475 0.5690
22: 0.0465 -0.2011 0.0420 -0.2204 0.0408 -0.2212 0.0394 -0.2221 0.0412 -0.2206 0.0396 -0.2212 0.0378 -0.2220 0.0243 -0.2201 0.0250 -0.2180 0.0422 -0.1852 0.0410 -0.1861 -0.0025 -0.1300 0.0055 -0.1462 -0.0158 -0.0001 -0.0043 -0.0245 0.0213 0.0299 0.0478 -0.0218 0.0378 0.0462 0.0583 -0.0167 0.0356 0.0183 0.0603 -0.0288 0.0300 0.0111 0.0564 -0.0303 0.0058 0.1385 -0.0090 0.1375 0.0402 0.3038 -0.0419 0.3241 0.0574 0.5073 -0.1006 0.5102 0.0505 0.5491 -0.1188 0.5379 0.1127 0.5240 -0.0577 0.5676
23: 0.0463 -0.2018 0.0417 -0.2207 0.0405 -0.2214 0.0390 -0.2223 0.0410 -0.2209 0.0394 -0.2215 0.0376 -0.2222 0.0243 -0.2200 0.0251 -0.2181 0.0420 -0.1857 0.0409 -0.1866 -0.0028 -0.1297 0.0061 -0.1474 -0.0148 -0.0005 -0.0046 -0.0254 0.0237 0.0266 0.0477 -0.0226 0.0368 0.0384 0.0578 -0.0174 0.0420 0.0212 0.0598 -0.0292 0.0326 0.0069 0.0560 -0.0308 0.0054 0.1395 -0.0086 0.1375 0.0400 0.3028 -0.0396 0.3227 0.0490 0.5076 -0.1089 0.5000 0.0404 0.5485 -0.1272 0.5203 0.1024 0.5347 -0.0728 0.5674
24: 0.0458 -0.2026 0.0412 -0.2217 0.0400 -0.2224 0.0385 -0.2233 0.0406 -0.2219 0.0390 -0.2225 0.0372 -0.2232 0.0240 -0.2206 0.0246 -0.2189 0.0418 -0.1863 0.0407 -0.1872 -0.0034 -0.1300 0.0058 -0.1476 -0.0144 -0.0007 -0.0052 -0.0252 0.0245 0.0242 0.0484 -0.0206 0.0372 0.0373 0.0583 -0.0164 0.0406 0.0189 0.0600 -0.0280 0.0334 0.0044 0.0562 -0.0292 0.0064 0.1396 -0.0089 0.1380 0.0388 0.3025 -0.0352 0.3238 0.0405 0.5079 -0.1140 0.4869 0.0312 0.5483 -0.1332 0.4989 0.0940 0.5404 -0.0838 0.5670
25: 0.0450 -0.2026 0.0404 -0.2218 0.0392 -0.2225 0.0378 -0.2234 0.0397 -0.2219 0.0381 -0.2226 0.0362 -0.2232 0.0232 -0.2206 0.0235 -0.2189 0.0410 -0.1861 0.0398 -0.1871 -0.0033 -0.1295 0.0047 -0.1474 -0.0124 -0.0007 -0.0064 -0.0244 0.0312 0.0179 0.0486 -0.0211 0.0411 0.0239 0.0588 -0.0169 0.0445 0.0090 0.0605 -0.0290 0.0396 0.0026 0.0567 -0.0302 0.0073 0.1395 -0.0086 0.1374 0.0372 0.3061 -0.0231 0.3258 0.0356 0.5137 -0.1123 0.4725 0.0270 0.5510 -0.1316 0.4774 0.0861 0.5450 -0.0928 0.5655
26: 0.0438 -0.1999 0.0394 -0.2192 0.0382 -0.2198 0.0368 -0.2206 0.0386 -0.2194 0.0370 -0.2201 0.0350 -0.2208 0.0222 -0.2180 0.0223 -0.2166 0.0399 -0.1836 0.0386 -0.1849 -0.0029 -0.1269 0.0033 -0.1450 -0.0069 0.0013 -0.0078 -0.0218 0.0384 0.0099 0.0491 -0.0203 0.0481 0.0118 0.0597 -0.0162 0.0491 -0.0022 0.0610 -0.0297 0.0460 -0.0038 0.0570 -0.0308 0.0061 0.1370 -0.0067 0.1351 0.0307 0.3208 -0.0070 0.3303 0.0267 0.5176 -0.1025 0.4615 0.0149 0.5535 -0.1216 0.4616 0.0796 0.5517 -0.0960 0.5587
27: 0.0430 -0.1959 0.0386 -0.2154 0.0374 -0.2160 0.0360 -0.2168 0.0378 -0.2157 0.0362 -0.2165 0.0342 -0.2171 0.0214 -0.2141 0.0213 -0.2131 0.0390 -0.1797 0.0378 -0.1814 -0.0028 -0.1223 0.0024 -0.1420 0.0070 0.0148 -0.0086 -0.0162 0.0403 0.0108 0.0519 -0.0222 0.0490 0.0107 0.0631 -0.0226 0.0490 -0.0057 0.0634 -0.0376 0.0464 -0.0061 0.0592 -0.0374 0.0033 0.1341 -0.0027 0.1301 0.0201 0.3272 0.0068 0.3335 0.0186 0.5226 -0.1031 0.4552 0.0050 0.5575 -0.1174 0.4561 0.0675 0.5602 -0.0821 0.5579
28: 0.0428 -0.1958 0.0383 -0.2160 0.0372 -0.2167 0.0357 -0.2174 0.0375 -0.2163 0.0359 -0.2170 0.0340 -0.2177 0.0210 -0.2151 0.0210 -0.2139 0.0387 -0.1797 0.0375 -0.1816 -0.0037 -0.1220 0.0018 -0.1416 0.0048 0.0140 -0.0102 -0.0144 0.0386 0.0102 0.0525 -0.0281 0.0488 0.0072 0.0646 -0.0302 0.0488 -0.0094 0.0646 -0.0444 0.0453 -0.0093 0.0604 -0.0441 0.0003 0.1335 0.0018 0.1299 0.0185 0.3280 0.0153 0.3317 0.0098 0.5248 -0.0794 0.4565 -0.0028 0.5597 -0.0993 0.4576 0.0601 0.5623 -0.0797 0.5556
29: 0.0434 -0.1937 0.0389 -0.2145 0.0377 -0.2153 0.0363 -0.2162 0.0381 -0.2146 0.0365 -0.2154 0.0346 -0.2161 0.0214 -0.2143 0.0215 -0.2129 0.0392 -0.1779 0.0379 -0.1798 -0.0037 -0.1210 0.0011 -0.1391 0.0036 0.0153 -0.0114 -0.0103 0.0385 0.0044 0.0532 -0.0317 0.0507 -0.0006 0.0658 -0.0346 0.0504 -0.0185 0.0653 -0.0488 0.0456 -0.0186 0.0609 -0.0487 -0.0011 0.1314 0.0038 0.1288 0.0206 0.3278 0.0248 0.3249 0.0033 0.5268 -0.0571 0.4651 -0.0076 0.5616 -0.0816 0.4699 0.0546 0.5657 -0.0458 0.5497
30: 0.0433 -0.1932 0.0388 -0.2140 0.0377 -0.2149 0.0362 -0.2158 0.0379 -0.2141 0.0363 -0.2148 0.0343 -0.2156 0.0215 -0.2142 0.0211 -0.2124 0.0390 -0.1778 0.0377 -0.1797 -0.0031 -0.1219 0.0003 -0.1380 0.0016 0.0156 -0.0120 -0.0085 0.0396 0.0054 0.0534 -0.0313 0.0516 0.0005 0.0660 -0.0343 0.0527 -0.0174 0.0654 -0.0489 0.0471 -0.0170 0.0611 -0.0487 -0.0012 0.1310 0.0042 0.1288 0.0179 0.3169 0.0355 0.3134 -0.0072 0.5154 -0.0229 0.4682 -0.0199 0.5357 -0.0407 0.4795 0.0318 0.5658 0.0046 0.5527
31: 0.0438 -0.1958 0.0392 -0.2161 0.0382 -0.2169 0.0369 -0.2177 0.0380 -0.2161 0.0361 -0.2167 0.0340 -0.2172 0.0221 -0.2155 0.0204 -0.2136 0.0395 -0.1800 0.0378 -0.1818 0.0014 -0.1216 -0.0038 -0.1376 0.0039 0.0158 -0.0163 -0.0069 0.0484 0.0021 0.0503 -0.0294 0.0586 -0.0019 0.0653 -0.0313 0.0599 -0.0200 0.0655 -0.0474 0.0541 -0.0194 0.0601 -0.0467 -0.0022 0.1315 0.0047 0.1279 0.0076 0.3159 0.0485 0.3093 -0.0087 0.5136 -0.0012 0.4944 -0.0241 0.5396 -0.0164 0.5222 0.0323 0.5657 0.0356 0.5544
32: 0.0441 -0.1974 0.0396 -0.2179 0.0386 -0.2187 0.0373 -0.2196 0.0384 -0.2177 0.0366 -0.2183 0.0345 -0.2188 0.0220 -0.2174 0.0206 -0.2154 0.0398 -0.1816 0.0381 -0.1833 0.0026 -0.1221 -0.0052 -0.1381 0.0038 0.0150 -0.0186 -0.0040 0.0502 0.0016 0.0495 -0.0293 0.0606 -0.0017 0.0655 -0.0315 0.0623 -0.0195 0.0661 -0.0464 0.0566 -0.0186 0.0601 -0.0464 -0.0046 0.1319 0.0073 0.1284 -0.0010 0.3160 0.0520 0.3111 -0.0140 0.5186 0.0259 0.5163 -0.0270 0.5473 0.0119 0.5453 0.0268 0.5585 0.0740 0.5586
33: 0.0438 -0.1990 0.0393 -0.2195 0.0383 -0.2204 0.0370 -0.2213 0.0381 -0.2194 0.0363 -0.2199 0.0343 -0.2205 0.0217 -0.2191 0.0203 -0.2171 0.0395 -0.1832 0.0379 -0.1848 0.0030 -0.1237 -0.0078 -0.1385 0.0034 0.0124 -0.0206 0.0007 0.0495 -0.0004 0.0490 -0.0286 0.0608 -0.0048 0.0656 -0.0316 0.0622 -0.0212 0.0664 -0.0480 0.0568 -0.0198 0.0600 -0.0466 -0.0035 0.1318 0.0082 0.1305 -0.0061 0.3162 0.0506 0.3119 -0.0287 0.5185 0.0554 0.5265 -0.0443 0.5484 0.0429 0.5634 0.0173 0.5568 0.1077 0.5577
34: 0.0436 -0.2028 0.0389 -0.2233 0.0380 -0.2241 0.0367 -0.2250 0.0377 -0.2231 0.0359 -0.2237 0.0339 -0.2242 0.0212 -0.2228 0.0197 -0.2208 0.0393 -0.1870 0.0376 -0.1886 0.0033 -0.1259 -0.0087 -0.1391 0.0037 0.0110 -0.0215 0.0032 0.0517 -0.0045 0.0479 -0.0298 0.0626 -0.0113 0.0652 -0.0351 0.0648 -0.0292 0.0661 -0.0510 0.0590 -0.0259 0.0592 -0.0494 -0.0028 0.1330 0.0082 0.1321 -0.0122 0.3179 0.0493 0.3095 -0.0388 0.5183 0.0763 0.5268 -0.0536 0.5486 0.0676 0.5641 0.0081 0.5557 0.1305 0.5368
35: 0.0434 -0.2087 0.0386 -0.2293 0.0376 -0.2301 0.0363 -0.2310 0.0373 -0.2290 0.0355 -0.2296 0.0335 -0.2301 0.0207 -0.2288 0.0193 -0.2264 0.0392 -0.1926 0.0375 -0.1940 0.0035 -0.1290 -0.0093 -0.1411 0.0060 0.0077 -0.0216 0.0019 0.0548 -0.0113 0.0475 -0.0352 0.0667 -0.0190 0.0650 -0.0400 0.0682 -0.0377 0.0657 -0.0563 0.0616 -0.0337 0.0586 -0.0546 -0.0024 0.1355 0.0084 0.1346 -0.0168 0.3207 0.0496 0.3148 -0.0512 0.5126 0.0865 0.5205 -0.0661 0.5434 0.0805 0.5595 -0.0020 0.5524 0.1404 0.5209
36: 0.0431 -0.2122 0.0381 -0.2330 0.0371 -0.2339 0.0358 -0.2348 0.0369 -0.2326 0.0351 -0.2330 0.0331 -0.2335 0.0202 -0.2322 0.0188 -0.2294 0.0388 -0.1958 0.0371 -0.1968 0.0029 -0.1301 -0.0090 -0.1415 0.0066 0.0062 -0.0213 0.0023 0.0553 -0.0171 0.0473 -0.0391 0.0676 -0.0249 0.0647 -0.0437 0.0683 -0.0434 0.0652 -0.0602 0.0615 -0.0405 0.0581 -0.0584 -0.0025 0.1359 0.0086 0.1358 -0.0237 0.3186 0.0520 0.3160 -0.0627 0.5084 0.0868 0.5190 -0.0778 0.5393 0.0806 0.5588 -0.0139 0.5508 0.1407 0.5187
37: 0.0428 -0.2125 0.0378 -0.2336 0.0368 -0.2344 0.0355 -0.2354 0.0365 -0.2331 0.0347 -0.2334 0.0326 -0.2339 0.0199 -0.2322 0.0185 -0.2295 0.0385 -0.1958 0.0369 -0.1966 0.0025 -0.1299 -0.0089 -0.1401 0.0062 0.0073 -0.0209 0.0041 0.0568 -0.0182 0.0488 -0.0399 0.0686 -0.0256 0.0658 -0.0451 0.0689 -0.0442 0.0656 -0.0614 0.0632 -0.0419 0.0586 -0.0597 -0.0027 0.1350 0.0091 0.1349 -0.0256 0.3165 0.0539 0.3139 -0.0733 0.5044 0.0801 0.5201 -0.0881 0.5360 0.0712 0.5589 -0.0255 0.5490 0.1347 0.5190
38: 0.0416 -0.2136 0.0366 -0.2351 0.0356 -0.2359 0.0343 -0.2370 0.0354 -0.2346 0.0335 -0.2350 0.0315 -0.2355 0.0187 -0.2339 0.0173 -0.2313 0.0373 -0.1969 0.0357 -0.1975 0.0013 -0.1313 -0.0099 -0.1418 0.0153 0.0199 -0.0218 0.0041 0.0567 -0.0192 0.0484 -0.0357 0.0672 -0.0279 0.0655 -0.0440 0.0674 -0.0464 0.0652 -0.0618 0.0621 -0.0422 0.0582 -0.0586 -0.0029 0.1368 0.0113 0.1361 -0.0277 0.3124 0.0529 0.3116 -0.0844 0.4978 0.0715 0.5185 -0.1001 0.5272 0.0598 0.5564 -0.0405 0.5485 0.1236 0.5374
39: 0.0402 -0.2150 0.0354 -0.2366 0.0343 -0.2376 0.0330 -0.2387 0.0342 -0.2362 0.0323 -0.2367 0.0302 -0.2373 0.0174 -0.2357 0.0160 -0.2331 0.0360 -0.1983 0.0343 -0.1991 -0.0015 -0.1336 -0.0097 -0.1442 0.0031 0.0141 -0.0210 0.0009 0.0533 -0.0178 0.0499 -0.0353 0.0631 -0.0242 0.0664 -0.0417 0.0657 -0.0417 0.0666 -0.0590 0.0599 -0.0373 0.0599 -0.0558 -0.0035 0.1390 0.0146 0.1388 -0.0273 0.3092 0.0499 0.3125 -0.0910 0.4850 0.0611 0.5179 -0.1085 0.5103 0.0484 0.5557 -0.0534 0.5459 0.1135 0.5466
40: 0.0393 -0.2148 0.0347 -0.2361 0.0338 -0.2370 0.0325 -0.2380 0.0333 -0.2358 0.0314 -0.2364 0.0292 -0.2371 0.0167 -0.2354 0.0149 -0.2335 0.0353 -0.1976 0.0334 -0.1984 -0.0009 -0.1327 -0.0105 -0.1439 0.0021 0.0147 -0.0207 0.0018 0.0537 -0.0168 0.0501 -0.0341 0.0635 -0.0238 0.0662 -0.0404 0.0654 -0.0411 0.0672 -0.0580 0.0606 -0.0371 0.0610 -0.0550 -0.0019 0.1392 0.0133 0.1376 -0.0248 0.3098 0.0469 0.3137 -0.0932 0.4720 0.0528 0.5192 -0.1122 0.4901 0.0404 0.5556 -0.0641 0.5459 0.1044 0.5515
