1: 0.0446 -0.1676 0.0453 -0.1852 0.0447 -0.1858 0.0439 -0.1866 0.0441 -0.1870 0.0427 -0.1889 0.0409 -0.1911 0.0310 -0.1929 0.0287 -0.1973 0.0380 -0.1559 0.0362 -0.1584 0.0023 -0.1182 0.0022 -0.1420 -0.0024 0.0491 -0.0070 -0.0088 0.0324 0.1406 0.0430 0.0908 0.0427 0.1696 0.0585 0.1304 0.0468 0.1677 0.0582 0.1255 0.0431 0.1570 0.0554 0.1133 -0.0017 0.1333 -0.0029 0.1271 0.0250 0.3242 0.0171 0.3299 0.0009 0.5343 -0.0611 0.4730 -0.0127 0.5654 -0.0843 0.4830 0.0464 0.5702 -0.0393 0.5567
2: 0.0453 -0.1676 0.0460 -0.1852 0.0454 -0.1859 0.0446 -0.1867 0.0447 -0.1872 0.0433 -0.1891 0.0416 -0.1913 0.0317 -0.1929 0.0293 -0.1973 0.0386 -0.1545 0.0367 -0.1573 0.0007 -0.1184 0.0020 -0.1412 -0.0068 0.0410 -0.0085 -0.0053 0.0182 0.1327 0.0368 0.0942 0.0293 0.1628 0.0446 0.1313 0.0380 0.1593 0.0541 0.1264 0.0325 0.1463 0.0509 0.1146 -0.0007 0.1332 -0.0022 0.1265 0.0255 0.3218 0.0201 0.3199 -0.0052 0.5186 -0.0519 0.4770 -0.0143 0.5508 -0.0714 0.4857 0.0406 0.5698 -0.0275 0.5566
3: 0.0460 -0.1692 0.0467 -0.1869 0.0462 -0.1876 0.0454 -0.1883 0.0453 -0.1890 0.0439 -0.1911 0.0421 -0.1932 0.0328 -0.1946 0.0297 -0.1993 0.0393 -0.1552 0.0372 -0.1584 0.0055 -0.1119 -0.0024 -0.1427 0.0132 0.0345 -0.0153 -0.0069 0.0482 0.1229 0.0171 0.0990 0.0617 0.1496 0.0181 0.1393 0.0645 0.1454 0.0264 0.1358 0.0585 0.1356 0.0271 0.1230 0.0010 0.1320 -0.0041 0.1228 0.0102 0.3178 0.0351 0.3086 -0.0125 0.5132 -0.0279 0.4802 -0.0296 0.5380 -0.0476 0.4912 0.0260 0.5671 -0.0047 0.5543
4: 0.0472 -0.1695 0.0480 -0.1874 0.0475 -0.1880 0.0468 -0.1888 0.0465 -0.1897 0.0450 -0.1918 0.0431 -0.1939 0.0341 -0.1949 0.0306 -0.2000 0.0406 -0.1550 0.0383 -0.1585 0.0081 -0.1113 -0.0049 -0.1429 0.0170 0.0280 -0.0242 -0.0089 0.0576 0.1114 0.0006 0.1061 0.0756 0.1366 0.0021 0.1470 0.0777 0.1305 0.0125 0.1455 0.0704 0.1224 0.0140 0.1339 0.0016 0.1322 -0.0048 0.1221 0.0045 0.3146 0.0436 0.3038 -0.0140 0.5041 -0.0116 0.4887 -0.0299 0.5336 -0.0277 0.5114 0.0277 0.5617 0.0248 0.5547
5: 0.0495 -0.1723 0.0503 -0.1902 0.0498 -0.1909 0.0491 -0.1917 0.0487 -0.1926 0.0472 -0.1947 0.0453 -0.1968 0.0364 -0.1977 0.0326 -0.2028 0.0429 -0.1573 0.0406 -0.1609 0.0102 -0.1132 -0.0048 -0.1442 0.0209 0.0262 -0.0268 -0.0096 0.0655 0.1019 -0.0102 0.1159 0.0846 0.1259 -0.0105 0.1572 0.0867 0.1187 0.0016 0.1573 0.0806 0.1109 0.0037 0.1462 -0.0029 0.1347 -0.0024 0.1226 -0.0027 0.3154 0.0511 0.3041 -0.0161 0.5030 0.0100 0.5048 -0.0283 0.5322 -0.0041 0.5318 0.0311 0.5537 0.0546 0.5602
6: 0.0514 -0.1748 0.0522 -0.1931 0.0516 -0.1937 0.0509 -0.1945 0.0506 -0.1955 0.0491 -0.1976 0.0472 -0.1998 0.0380 -0.2007 0.0341 -0.2058 0.0447 -0.1591 0.0424 -0.1628 0.0117 -0.1153 -0.0039 -0.1451 0.0223 0.0236 -0.0283 -0.0078 0.0745 0.0868 -0.0210 0.1230 0.0942 0.1088 -0.0266 0.1629 0.0970 0.1033 -0.0153 0.1663 0.0909 0.0962 -0.0121 0.1552 -0.0074 0.1359 -0.0003 0.1246 -0.0075 0.3170 0.0517 0.3031 -0.0257 0.5100 0.0370 0.5142 -0.0393 0.5394 0.0202 0.5466 0.0164 0.5513 0.0832 0.5606
7: 0.0523 -0.1776 0.0531 -0.1960 0.0525 -0.1966 0.0519 -0.1975 0.0513 -0.1985 0.0498 -0.2008 0.0479 -0.2030 0.0385 -0.2039 0.0343 -0.2092 0.0456 -0.1615 0.0432 -0.1653 0.0127 -0.1165 -0.0049 -0.1458 0.0238 0.0199 -0.0292 -0.0057 0.0810 0.0782 -0.0302 0.1245 0.0988 0.0984 -0.0392 0.1626 0.1017 0.0931 -0.0299 0.1658 0.0957 0.0870 -0.0247 0.1549 -0.0075 0.1354 -0.0003 0.1268 -0.0136 0.3175 0.0516 0.3031 -0.0364 0.5107 0.0573 0.5195 -0.0502 0.5403 0.0464 0.5528 0.0106 0.5486 0.1067 0.5558
8: 0.0518 -0.1824 0.0524 -0.2010 0.0520 -0.2017 0.0514 -0.2026 0.0505 -0.2035 0.0489 -0.2057 0.0469 -0.2079 0.0378 -0.2088 0.0330 -0.2137 0.0453 -0.1657 0.0427 -0.1695 0.0128 -0.1186 -0.0065 -0.1461 0.0235 0.0144 -0.0325 -0.0041 0.0822 0.0689 -0.0382 0.1230 0.1007 0.0897 -0.0492 0.1594 0.1035 0.0852 -0.0405 0.1633 0.0973 0.0788 -0.0337 0.1521 -0.0059 0.1357 -0.0002 0.1290 -0.0209 0.3165 0.0494 0.3087 -0.0440 0.5073 0.0692 0.5203 -0.0583 0.5378 0.0600 0.5549 0.0055 0.5442 0.1240 0.5440
9: 0.0516 -0.1849 0.0523 -0.2038 0.0520 -0.2045 0.0514 -0.2054 0.0501 -0.2063 0.0484 -0.2085 0.0463 -0.2107 0.0379 -0.2114 0.0326 -0.2164 0.0449 -0.1678 0.0422 -0.1719 0.0131 -0.1189 -0.0084 -0.1459 0.0236 0.0114 -0.0366 -0.0028 0.0839 0.0682 -0.0445 0.1225 0.1017 0.0895 -0.0561 0.1588 0.1045 0.0843 -0.0478 0.1619 0.0981 0.0778 -0.0406 0.1502 -0.0046 0.1358 0.0001 0.1290 -0.0246 0.3157 0.0484 0.3145 -0.0521 0.5048 0.0752 0.5202 -0.0676 0.5357 0.0669 0.5575 -0.0042 0.5452 0.1315 0.5361
10: 0.0513 -0.1853 0.0522 -0.2044 0.0519 -0.2052 0.0514 -0.2060 0.0499 -0.2069 0.0480 -0.2091 0.0459 -0.2113 0.0380 -0.2119 0.0322 -0.2171 0.0445 -0.1683 0.0417 -0.1725 0.0132 -0.1198 -0.0094 -0.1445 0.0231 0.0109 -0.0385 0.0008 0.0834 0.0701 -0.0469 0.1258 0.1009 0.0923 -0.0591 0.1613 0.1034 0.0869 -0.0502 0.1636 0.0973 0.0800 -0.0430 0.1524 -0.0039 0.1347 0.0003 0.1296 -0.0273 0.3142 0.0478 0.3151 -0.0635 0.5036 0.0727 0.5229 -0.0801 0.5348 0.0633 0.5583 -0.0138 0.5462 0.1267 0.5353
11: 0.0509 -0.1863 0.0519 -0.2058 0.0516 -0.2065 0.0511 -0.2074 0.0495 -0.2081 0.0477 -0.2103 0.0455 -0.2124 0.0377 -0.2131 0.0318 -0.2181 0.0441 -0.1695 0.0413 -0.1735 0.0129 -0.1210 -0.0100 -0.1426 0.0226 0.0096 -0.0402 0.0020 0.0792 0.0712 -0.0464 0.1275 0.0966 0.0937 -0.0581 0.1627 0.0990 0.0885 -0.0482 0.1653 0.0931 0.0814 -0.0408 0.1540 -0.0039 0.1337 0.0007 0.1300 -0.0301 0.3121 0.0472 0.3137 -0.0721 0.4995 0.0652 0.5234 -0.0883 0.5302 0.0527 0.5583 -0.0243 0.5463 0.1193 0.5420
12: 0.0500 -0.1877 0.0510 -0.2071 0.0507 -0.2079 0.0502 -0.2088 0.0485 -0.2094 0.0467 -0.2116 0.0445 -0.2138 0.0368 -0.2144 0.0308 -0.2194 0.0431 -0.1708 0.0404 -0.1748 0.0121 -0.1216 -0.0112 -0.1417 0.0214 0.0084 -0.0410 0.0039 0.0764 0.0787 -0.0446 0.1289 0.0935 0.1047 -0.0550 0.1627 0.0962 0.1011 -0.0453 0.1661 0.0903 0.0931 -0.0386 0.1553 -0.0030 0.1330 0.0020 0.1303 -0.0305 0.3106 0.0462 0.3146 -0.0827 0.4938 0.0562 0.5229 -0.0975 0.5235 0.0431 0.5585 -0.0370 0.5464 0.1097 0.5547
13: 0.0488 -0.1885 0.0498 -0.2074 0.0495 -0.2081 0.0490 -0.2090 0.0473 -0.2097 0.0454 -0.2120 0.0433 -0.2144 0.0358 -0.2144 0.0296 -0.2194 0.0419 -0.1720 0.0392 -0.1760 0.0114 -0.1214 -0.0117 -0.1420 0.0201 0.0091 -0.0396 0.0040 0.0687 0.0894 -0.0411 0.1317 0.0833 0.1187 -0.0505 0.1644 0.0854 0.1164 -0.0418 0.1684 0.0800 0.1080 -0.0359 0.1580 -0.0013 0.1331 0.0017 0.1302 -0.0302 0.3114 0.0415 0.3172 -0.0896 0.4879 0.0490 0.5242 -0.1049 0.5132 0.0353 0.5601 -0.0487 0.5496 0.1003 0.5612
14: 0.0488 -0.1913 0.0497 -0.2097 0.0494 -0.2105 0.0490 -0.2115 0.0473 -0.2120 0.0455 -0.2143 0.0435 -0.2165 0.0358 -0.2168 0.0294 -0.2204 0.0420 -0.1754 0.0392 -0.1789 0.0110 -0.1224 -0.0120 -0.1418 0.0174 0.0112 -0.0387 0.0037 0.0514 0.0991 -0.0377 0.1325 0.0641 0.1314 -0.0451 0.1684 0.0669 0.1294 -0.0377 0.1720 0.0604 0.1202 -0.0322 0.1610 -0.0006 0.1339 0.0014 0.1301 -0.0270 0.3123 0.0355 0.3180 -0.0922 0.4747 0.0431 0.5264 -0.1090 0.4960 0.0294 0.5602 -0.0579 0.5506 0.0964 0.5623
15: 0.0474 -0.1922 0.0482 -0.2104 0.0480 -0.2113 0.0476 -0.2124 0.0459 -0.2127 0.0440 -0.2150 0.0420 -0.2173 0.0343 -0.2178 0.0277 -0.2209 0.0410 -0.1769 0.0379 -0.1803 0.0097 -0.1238 -0.0131 -0.1411 0.0120 0.0125 -0.0364 0.0051 0.0381 0.1162 -0.0330 0.1371 0.0467 0.1486 -0.0371 0.1740 0.0482 0.1480 -0.0290 0.1768 0.0441 0.1393 -0.0250 0.1660 0.0048 0.1345 -0.0015 0.1305 -0.0056 0.3163 0.0148 0.3199 -0.0923 0.4606 0.0281 0.5281 -0.1103 0.4737 0.0124 0.5621 -0.0649 0.5517 0.0784 0.5645
16: 0.0458 -0.1911 0.0464 -0.2095 0.0460 -0.2105 0.0455 -0.2118 0.0444 -0.2115 0.0426 -0.2137 0.0406 -0.2158 0.0320 -0.2171 0.0258 -0.2193 0.0393 -0.1760 0.0364 -0.1790 0.0071 -0.1274 -0.0133 -0.1386 -0.0032 0.0144 -0.0351 0.0087 0.0048 0.1255 -0.0254 0.1423 0.0047 0.1665 -0.0250 0.1812 0.0093 0.1676 -0.0145 0.1817 0.0107 0.1539 -0.0124 0.1701 0.0087 0.1345 -0.0025 0.1317 0.0024 0.3186 0.0097 0.3220 -0.0896 0.4505 0.0127 0.5299 -0.1078 0.4581 -0.0053 0.5649 -0.0695 0.5483 0.0573 0.5675
17: 0.0461 -0.1905 0.0465 -0.2091 0.0461 -0.2102 0.0456 -0.2115 0.0447 -0.2108 0.0430 -0.2128 0.0410 -0.2148 0.0320 -0.2172 0.0261 -0.2184 0.0397 -0.1756 0.0369 -0.1782 0.0062 -0.1316 -0.0112 -0.1377 -0.0057 0.0155 -0.0302 0.0121 0.0013 0.1250 -0.0130 0.1454 0.0031 0.1670 -0.0123 0.1837 0.0064 0.1695 -0.0024 0.1841 0.0072 0.1538 -0.0011 0.1718 0.0071 0.1355 -0.0021 0.1336 -0.0000 0.3181 0.0114 0.3242 -0.0849 0.4467 0.0048 0.5335 -0.1023 0.4549 -0.0129 0.5680 -0.0646 0.5403 0.0532 0.5710
18: 0.0468 -0.1892 0.0470 -0.2089 0.0466 -0.2101 0.0460 -0.2115 0.0454 -0.2104 0.0438 -0.2123 0.0419 -0.2142 0.0323 -0.2170 0.0268 -0.2171 0.0405 -0.1744 0.0380 -0.1769 0.0034 -0.1329 -0.0080 -0.1350 -0.0073 0.0143 -0.0242 0.0147 0.0054 0.1259 -0.0011 0.1472 0.0084 0.1620 -0.0000 0.1853 0.0130 0.1627 0.0093 0.1868 0.0128 0.1498 0.0097 0.1738 0.0060 0.1346 -0.0015 0.1333 0.0010 0.3159 0.0104 0.3270 -0.0747 0.4493 -0.0036 0.5394 -0.0968 0.4572 -0.0203 0.5734 -0.0567 0.5344 0.0463 0.5752
19: 0.0474 -0.1903 0.0473 -0.2104 0.0469 -0.2115 0.0463 -0.2129 0.0459 -0.2118 0.0443 -0.2136 0.0424 -0.2155 0.0324 -0.2179 0.0273 -0.2177 0.0412 -0.1753 0.0387 -0.1777 0.0006 -0.1345 -0.0055 -0.1346 -0.0085 0.0119 -0.0182 0.0156 0.0045 0.1247 0.0116 0.1400 0.0087 0.1614 0.0160 0.1832 0.0135 0.1603 0.0232 0.1788 0.0127 0.1471 0.0223 0.1647 0.0061 0.1356 -0.0012 0.1333 0.0027 0.3152 0.0115 0.3284 -0.0571 0.4586 -0.0115 0.5399 -0.0830 0.4682 -0.0226 0.5729 -0.0343 0.5264 0.0356 0.5768
20: 0.0487 -0.1913 0.0485 -0.2117 0.0480 -0.2128 0.0474 -0.2142 0.0471 -0.2129 0.0455 -0.2146 0.0437 -0.2164 0.0331 -0.2185 0.0285 -0.2181 0.0425 -0.1761 0.0401 -0.1782 -0.0006 -0.1337 -0.0024 -0.1341 -0.0093 0.0138 -0.0122 0.0167 0.0084 0.1255 0.0227 0.1373 0.0131 0.1623 0.0294 0.1772 0.0187 0.1599 0.0363 0.1702 0.0174 0.1467 0.0348 0.1568 0.0066 0.1359 -0.0036 0.1318 0.0256 0.3108 0.0079 0.3294 -0.0380 0.4614 -0.0174 0.5394 -0.0584 0.4757 -0.0307 0.5721 -0.0255 0.5154 0.0293 0.5771
21: 0.0502 -0.1922 0.0499 -0.2128 0.0494 -0.2138 0.0487 -0.2152 0.0486 -0.2139 0.0470 -0.2155 0.0452 -0.2172 0.0338 -0.2188 0.0300 -0.2182 0.0441 -0.1764 0.0418 -0.1783 -0.0025 -0.1321 0.0023 -0.1355 -0.0132 0.0150 -0.0062 0.0167 0.0032 0.1296 0.0288 0.1254 0.0060 0.1622 0.0361 0.1610 0.0158 0.1593 0.0437 0.1535 0.0141 0.1498 0.0412 0.1403 0.0053 0.1367 -0.0050 0.1308 0.0240 0.3119 0.0010 0.3229 -0.0145 0.4889 -0.0216 0.5326 -0.0272 0.5209 -0.0365 0.5706 0.0204 0.5339 0.0251 0.5769
22: 0.0522 -0.1923 0.0518 -0.2133 0.0512 -0.2143 0.0504 -0.2157 0.0506 -0.2141 0.0490 -0.2156 0.0472 -0.2171 0.0354 -0.2184 0.0320 -0.2176 0.0462 -0.1762 0.0440 -0.1779 -0.0014 -0.1305 0.0054 -0.1361 -0.0114 0.0165 -0.0031 0.0158 0.0041 0.1294 0.0348 0.1131 0.0086 0.1624 0.0430 0.1513 0.0199 0.1601 0.0512 0.1438 0.0176 0.1499 0.0481 0.1292 0.0019 0.1369 -0.0058 0.1296 0.0237 0.3108 0.0001 0.3200 -0.0014 0.5033 -0.0226 0.5318 -0.0118 0.5352 -0.0354 0.5688 0.0432 0.5509 0.0290 0.5781
23: 0.0547 -0.1922 0.0541 -0.2132 0.0535 -0.2142 0.0526 -0.2155 0.0529 -0.2140 0.0513 -0.2154 0.0495 -0.2170 0.0375 -0.2180 0.0343 -0.2173 0.0487 -0.1761 0.0466 -0.1777 0.0004 -0.1298 0.0080 -0.1367 -0.0108 0.0166 -0.0010 0.0140 0.0100 0.1205 0.0392 0.1077 0.0160 0.1481 0.0489 0.1455 0.0239 0.1442 0.0565 0.1368 0.0224 0.1356 0.0527 0.1219 -0.0001 0.1365 -0.0082 0.1299 0.0379 0.3040 -0.0094 0.3218 0.0337 0.5046 -0.0340 0.5326 0.0239 0.5381 -0.0507 0.5691 0.0861 0.5454 0.0118 0.5796
24: 0.0559 -0.1922 0.0551 -0.2132 0.0545 -0.2142 0.0535 -0.2156 0.0539 -0.2140 0.0524 -0.2154 0.0506 -0.2169 0.0384 -0.2179 0.0354 -0.2175 0.0500 -0.1762 0.0480 -0.1778 0.0004 -0.1298 0.0099 -0.1370 -0.0122 0.0160 0.0008 0.0125 0.0115 0.1116 0.0410 0.1059 0.0209 0.1344 0.0508 0.1429 0.0280 0.1302 0.0584 0.1343 0.0263 0.1228 0.0542 0.1200 -0.0015 0.1364 -0.0088 0.1304 0.0384 0.3031 -0.0188 0.3239 0.0494 0.5079 -0.0437 0.5327 0.0435 0.5439 -0.0608 0.5688 0.1055 0.5389 0.0050 0.5790
25: 0.0565 -0.1933 0.0557 -0.2144 0.0550 -0.2154 0.0539 -0.2166 0.0545 -0.2149 0.0530 -0.2161 0.0512 -0.2174 0.0389 -0.2183 0.0362 -0.2167 0.0507 -0.1773 0.0489 -0.1786 -0.0000 -0.1300 0.0116 -0.1380 -0.0141 0.0149 0.0026 0.0113 0.0118 0.1080 0.0431 0.1068 0.0226 0.1293 0.0521 0.1431 0.0304 0.1260 0.0598 0.1349 0.0285 0.1188 0.0558 0.1208 -0.0023 0.1362 -0.0092 0.1317 0.0384 0.3030 -0.0270 0.3270 0.0599 0.5098 -0.0547 0.5315 0.0527 0.5495 -0.0707 0.5674 0.1119 0.5313 -0.0060 0.5775
26: 0.0566 -0.1927 0.0556 -0.2131 0.0549 -0.2142 0.0538 -0.2155 0.0546 -0.2135 0.0531 -0.2146 0.0513 -0.2159 0.0389 -0.2173 0.0364 -0.2154 0.0508 -0.1774 0.0490 -0.1785 -0.0006 -0.1307 0.0123 -0.1395 -0.0173 0.0130 0.0037 0.0100 0.0095 0.1064 0.0421 0.1066 0.0207 0.1263 0.0504 0.1426 0.0303 0.1236 0.0585 0.1357 0.0282 0.1163 0.0546 0.1217 -0.0027 0.1369 -0.0089 0.1331 0.0380 0.3010 -0.0335 0.3273 0.0583 0.5126 -0.0656 0.5290 0.0505 0.5516 -0.0820 0.5650 0.1105 0.5301 -0.0179 0.5748
27: 0.0566 -0.1920 0.0554 -0.2120 0.0546 -0.2131 0.0535 -0.2144 0.0544 -0.2120 0.0529 -0.2132 0.0511 -0.2144 0.0388 -0.2162 0.0365 -0.2144 0.0508 -0.1768 0.0491 -0.1781 -0.0004 -0.1309 0.0125 -0.1402 -0.0179 0.0113 0.0033 0.0080 0.0064 0.1047 0.0412 0.1041 0.0103 0.1263 0.0484 0.1411 0.0287 0.1231 0.0567 0.1335 0.0266 0.1155 0.0532 0.1201 -0.0024 0.1377 -0.0097 0.1333 0.0373 0.2984 -0.0378 0.3256 0.0501 0.5129 -0.0767 0.5254 0.0399 0.5515 -0.0928 0.5616 0.1042 0.5347 -0.0288 0.5721
28: 0.0567 -0.1907 0.0554 -0.2106 0.0546 -0.2118 0.0535 -0.2131 0.0544 -0.2107 0.0530 -0.2118 0.0512 -0.2131 0.0389 -0.2151 0.0367 -0.2132 0.0509 -0.1757 0.0492 -0.1769 -0.0001 -0.1307 0.0127 -0.1397 -0.0184 0.0110 0.0030 0.0077 0.0008 0.1118 0.0396 0.1077 0.0018 0.1336 0.0459 0.1433 0.0213 0.1267 0.0540 0.1379 0.0197 0.1193 0.0510 0.1246 -0.0019 0.1376 -0.0107 0.1328 0.0361 0.2985 -0.0382 0.3250 0.0419 0.5121 -0.0866 0.5216 0.0310 0.5521 -0.1024 0.5560 0.0954 0.5424 -0.0388 0.5721
29: 0.0569 -0.1906 0.0555 -0.2106 0.0547 -0.2117 0.0536 -0.2131 0.0546 -0.2107 0.0531 -0.2119 0.0514 -0.2132 0.0390 -0.2152 0.0369 -0.2134 0.0510 -0.1756 0.0494 -0.1769 0.0003 -0.1306 0.0125 -0.1397 -0.0165 0.0106 0.0025 0.0075 0.0015 0.1175 0.0382 0.1155 0.0047 0.1387 0.0447 0.1487 0.0231 0.1312 0.0537 0.1458 0.0214 0.1230 0.0506 0.1340 -0.0015 0.1376 -0.0114 0.1328 0.0353 0.2991 -0.0380 0.3243 0.0354 0.5119 -0.0945 0.5156 0.0241 0.5520 -0.1104 0.5468 0.0864 0.5444 -0.0486 0.5721
30: 0.0569 -0.1892 0.0555 -0.2091 0.0547 -0.2103 0.0536 -0.2117 0.0546 -0.2093 0.0531 -0.2104 0.0514 -0.2117 0.0390 -0.2139 0.0369 -0.2120 0.0510 -0.1741 0.0494 -0.1754 0.0006 -0.1303 0.0123 -0.1402 -0.0154 0.0095 0.0021 0.0038 -0.0029 0.1235 0.0333 0.1176 -0.0023 0.1478 0.0367 0.1511 0.0134 0.1410 0.0443 0.1485 0.0121 0.1317 0.0427 0.1372 -0.0013 0.1387 -0.0115 0.1316 0.0350 0.3009 -0.0356 0.3248 0.0350 0.5151 -0.0998 0.5100 0.0224 0.5546 -0.1172 0.5381 0.0812 0.5478 -0.0580 0.5736
31: 0.0559 -0.1879 0.0545 -0.2083 0.0537 -0.2096 0.0526 -0.2110 0.0536 -0.2085 0.0521 -0.2097 0.0504 -0.2110 0.0379 -0.2134 0.0359 -0.2115 0.0500 -0.1729 0.0484 -0.1741 -0.0003 -0.1316 0.0113 -0.1410 -0.0160 0.0043 -0.0011 -0.0004 -0.0020 0.1218 0.0251 0.1185 -0.0030 0.1490 0.0258 0.1528 0.0087 0.1441 0.0319 0.1504 0.0092 0.1330 0.0320 0.1393 0.0009 0.1401 -0.0120 0.1327 0.0313 0.3084 -0.0333 0.3265 0.0214 0.5198 -0.1034 0.4992 0.0095 0.5556 -0.1221 0.5193 0.0751 0.5499 -0.0691 0.5765
32: 0.0555 -0.1865 0.0540 -0.2075 0.0532 -0.2086 0.0520 -0.2099 0.0529 -0.2078 0.0514 -0.2088 0.0495 -0.2101 0.0374 -0.2122 0.0351 -0.2108 0.0495 -0.1709 0.0479 -0.1722 -0.0000 -0.1314 0.0103 -0.1410 -0.0151 0.0052 -0.0057 -0.0013 -0.0005 0.1233 0.0190 0.1214 0.0006 0.1515 0.0195 0.1559 0.0112 0.1467 0.0268 0.1532 0.0112 0.1356 0.0273 0.1420 0.0015 0.1405 -0.0118 0.1318 0.0179 0.3144 -0.0315 0.3291 0.0052 0.5236 -0.1051 0.4895 -0.0082 0.5599 -0.1257 0.5057 0.0610 0.5579 -0.0765 0.5793
33: 0.0564 -0.1862 0.0547 -0.2077 0.0538 -0.2087 0.0527 -0.2098 0.0535 -0.2080 0.0519 -0.2091 0.0498 -0.2105 0.0379 -0.2119 0.0359 -0.2110 0.0505 -0.1701 0.0488 -0.1716 0.0015 -0.1302 0.0105 -0.1423 -0.0122 0.0058 -0.0079 -0.0059 0.0089 0.1233 0.0126 0.1227 0.0135 0.1534 0.0124 0.1573 0.0166 0.1486 0.0199 0.1549 0.0154 0.1373 0.0207 0.1439 -0.0008 0.1418 -0.0111 0.1308 0.0070 0.3233 -0.0198 0.3311 -0.0052 0.5259 -0.1017 0.4775 -0.0191 0.5614 -0.1228 0.4865 0.0459 0.5618 -0.0789 0.5764
34: 0.0570 -0.1860 0.0550 -0.2075 0.0541 -0.2083 0.0530 -0.2094 0.0537 -0.2079 0.0519 -0.2090 0.0498 -0.2102 0.0379 -0.2116 0.0358 -0.2108 0.0511 -0.1693 0.0493 -0.1712 0.0037 -0.1282 0.0084 -0.1419 -0.0087 0.0082 -0.0138 -0.0074 0.0212 0.1186 0.0066 0.1236 0.0287 0.1511 0.0058 0.1598 0.0294 0.1449 0.0134 0.1578 0.0275 0.1354 0.0148 0.1469 -0.0003 0.1414 -0.0117 0.1289 0.0073 0.3265 -0.0089 0.3315 -0.0150 0.5280 -0.0965 0.4723 -0.0281 0.5635 -0.1155 0.4809 0.0362 0.5662 -0.0739 0.5744
35: 0.0566 -0.1884 0.0545 -0.2093 0.0538 -0.2100 0.0527 -0.2108 0.0528 -0.2100 0.0508 -0.2110 0.0486 -0.2121 0.0374 -0.2125 0.0343 -0.2125 0.0509 -0.1709 0.0485 -0.1734 0.0078 -0.1274 0.0042 -0.1432 0.0094 0.0092 -0.0192 -0.0112 0.0375 0.1111 -0.0006 0.1185 0.0465 0.1394 -0.0030 0.1567 0.0501 0.1344 0.0063 0.1579 0.0452 0.1265 0.0077 0.1470 0.0010 0.1417 -0.0130 0.1289 0.0090 0.3266 -0.0038 0.3298 -0.0212 0.5283 -0.0907 0.4725 -0.0343 0.5616 -0.1089 0.4813 0.0250 0.5669 -0.0636 0.5684
36: 0.0558 -0.1888 0.0538 -0.2095 0.0531 -0.2100 0.0521 -0.2107 0.0520 -0.2102 0.0501 -0.2113 0.0478 -0.2123 0.0368 -0.2121 0.0332 -0.2124 0.0502 -0.1711 0.0474 -0.1741 0.0105 -0.1259 0.0009 -0.1432 0.0073 0.0110 -0.0254 -0.0088 0.0408 0.1061 -0.0069 0.1203 0.0537 0.1329 -0.0082 0.1583 0.0569 0.1276 0.0018 0.1592 0.0510 0.1197 0.0031 0.1489 0.0015 0.1402 -0.0127 0.1289 0.0069 0.3229 -0.0039 0.3243 -0.0371 0.5064 -0.0671 0.4767 -0.0507 0.5248 -0.0878 0.4967 0.0025 0.5664 -0.0391 0.5671
37: 0.0561 -0.1913 0.0540 -0.2121 0.0532 -0.2127 0.0522 -0.2134 0.0523 -0.2129 0.0504 -0.2139 0.0483 -0.2150 0.0368 -0.2143 0.0335 -0.2147 0.0501 -0.1736 0.0474 -0.1766 0.0127 -0.1265 0.0001 -0.1448 0.0125 0.0098 -0.0291 -0.0108 0.0455 0.0971 -0.0111 0.1173 0.0608 0.1233 -0.0124 0.1551 0.0630 0.1174 -0.0002 0.1554 0.0564 0.1085 0.0019 0.1454 -0.0023 0.1404 -0.0105 0.1310 -0.0078 0.3211 0.0162 0.3199 -0.0438 0.5060 -0.0455 0.4798 -0.0597 0.5300 -0.0636 0.5056 -0.0036 0.5644 -0.0076 0.5663
38: 0.0574 -0.1948 0.0553 -0.2158 0.0545 -0.2164 0.0534 -0.2171 0.0537 -0.2165 0.0519 -0.2175 0.0499 -0.2186 0.0379 -0.2179 0.0350 -0.2181 0.0513 -0.1771 0.0488 -0.1799 0.0149 -0.1263 0.0002 -0.1478 0.0136 0.0098 -0.0299 -0.0129 0.0507 0.0909 -0.0131 0.1143 0.0663 0.1176 -0.0141 0.1519 0.0685 0.1116 -0.0020 0.1520 0.0611 0.1020 -0.0000 0.1422 -0.0071 0.1402 -0.0081 0.1338 -0.0196 0.3203 0.0226 0.3174 -0.0419 0.5035 -0.0230 0.4989 -0.0557 0.5291 -0.0422 0.5285 0.0036 0.5607 0.0174 0.5660
39: 0.0578 -0.1959 0.0558 -0.2170 0.0549 -0.2176 0.0538 -0.2184 0.0542 -0.2177 0.0525 -0.2187 0.0505 -0.2198 0.0383 -0.2192 0.0356 -0.2194 0.0518 -0.1783 0.0495 -0.1812 0.0159 -0.1256 -0.0003 -0.1490 0.0141 0.0104 -0.0317 -0.0134 0.0517 0.0873 -0.0156 0.1131 0.0678 0.1160 -0.0176 0.1505 0.0706 0.1102 -0.0051 0.1511 0.0627 0.0996 -0.0029 0.1414 -0.0089 0.1397 -0.0067 0.1351 -0.0279 0.3240 0.0326 0.3166 -0.0579 0.5108 0.0088 0.5140 -0.0709 0.5389 -0.0054 0.5473 -0.0137 0.5592 0.0562 0.5667
40: 0.0590 -0.1965 0.0570 -0.2175 0.0561 -0.2181 0.0550 -0.2188 0.0555 -0.2183 0.0537 -0.2193 0.0517 -0.2203 0.0395 -0.2196 0.0369 -0.2200 0.0529 -0.1785 0.0507 -0.1811 0.0171 -0.1243 0.0007 -0.1495 0.0144 0.0107 -0.0325 -0.0140 0.0516 0.0859 -0.0194 0.1125 0.0679 0.1158 -0.0216 0.1515 0.0706 0.1096 -0.0095 0.1525 0.0626 0.0983 -0.0072 0.1425 -0.0121 0.1389 -0.0057 0.1349 -0.0327 0.3230 0.0351 0.3162 -0.0672 0.5102 0.0349 0.5262 -0.0837 0.5385 0.0218 0.5618 -0.0206 0.5573 0.0867 0.5656
