1: 0.0509 -0.2142 0.0460 -0.2365 0.0446 -0.2380 0.0431 -0.2396 0.0450 -0.2363 0.0432 -0.2374 0.0413 -0.2387 0.0258 -0.2374 0.0255 -0.2364 0.0439 -0.1964 0.0424 -0.1975 -0.0043 -0.1328 0.0032 -0.1154 0.0010 0.0054 0.0201 0.0262 0.0194 0.1169 0.0540 0.1148 0.0148 0.1387 0.0618 0.1480 0.0188 0.1344 0.0683 0.1422 0.0199 0.1276 0.0657 0.1309 0.0034 0.1214 -0.0022 0.1269 0.0340 0.2802 -0.0083 0.2959 0.0369 0.4483 -0.0431 0.4720 0.0268 0.4842 -0.0586 0.5068 0.0833 0.4679 -0.0010 0.5065
2: 0.0516 -0.2129 0.0468 -0.2349 0.0455 -0.2364 0.0439 -0.2379 0.0459 -0.2346 0.0442 -0.2358 0.0424 -0.2369 0.0265 -0.2356 0.0262 -0.2346 0.0447 -0.1949 0.0433 -0.1959 -0.0035 -0.1335 0.0037 -0.1184 0.0018 0.0048 0.0209 0.0267 0.0157 0.1168 0.0563 0.1165 0.0124 0.1396 0.0633 0.1488 0.0152 0.1340 0.0716 0.1429 0.0205 0.1288 0.0693 0.1321 0.0027 0.1230 -0.0031 0.1291 0.0357 0.2818 -0.0143 0.2995 0.0452 0.4498 -0.0473 0.4735 0.0391 0.4864 -0.0646 0.5083 0.0934 0.4679 -0.0014 0.5080
3: 0.0525 -0.2135 0.0480 -0.2354 0.0468 -0.2368 0.0453 -0.2382 0.0472 -0.2352 0.0456 -0.2362 0.0437 -0.2372 0.0275 -0.2361 0.0271 -0.2354 0.0458 -0.1954 0.0442 -0.1961 -0.0025 -0.1357 0.0045 -0.1214 0.0025 0.0022 0.0218 0.0248 0.0148 0.1148 0.0593 0.1148 0.0115 0.1367 0.0660 0.1460 0.0174 0.1333 0.0748 0.1400 0.0211 0.1272 0.0730 0.1300 0.0024 0.1251 -0.0044 0.1319 0.0418 0.2802 -0.0221 0.3018 0.0511 0.4483 -0.0572 0.4719 0.0435 0.4868 -0.0738 0.5069 0.0989 0.4657 -0.0095 0.5066
4: 0.0531 -0.2144 0.0492 -0.2361 0.0480 -0.2374 0.0465 -0.2387 0.0483 -0.2358 0.0468 -0.2367 0.0449 -0.2376 0.0284 -0.2363 0.0277 -0.2356 0.0467 -0.1959 0.0450 -0.1963 -0.0003 -0.1372 0.0044 -0.1228 0.0025 0.0007 0.0217 0.0241 0.0138 0.1133 0.0606 0.1133 0.0109 0.1343 0.0676 0.1436 0.0180 0.1342 0.0766 0.1375 0.0207 0.1263 0.0746 0.1278 0.0025 0.1271 -0.0066 0.1328 0.0436 0.2787 -0.0298 0.3005 0.0497 0.4488 -0.0698 0.4694 0.0411 0.4877 -0.0849 0.5038 0.0970 0.4677 -0.0218 0.5046
5: 0.0539 -0.2135 0.0505 -0.2352 0.0494 -0.2364 0.0479 -0.2376 0.0496 -0.2350 0.0480 -0.2360 0.0461 -0.2369 0.0301 -0.2352 0.0287 -0.2351 0.0474 -0.1950 0.0457 -0.1951 0.0040 -0.1377 0.0033 -0.1237 0.0050 -0.0002 0.0210 0.0237 0.0141 0.1139 0.0611 0.1127 0.0121 0.1333 0.0682 0.1425 0.0213 0.1376 0.0763 0.1365 0.0214 0.1277 0.0743 0.1268 0.0021 0.1286 -0.0093 0.1328 0.0419 0.2794 -0.0383 0.2993 0.0406 0.4503 -0.0816 0.4667 0.0307 0.4877 -0.0952 0.5011 0.0899 0.4782 -0.0316 0.5038
6: 0.0550 -0.2134 0.0516 -0.2344 0.0504 -0.2354 0.0488 -0.2366 0.0507 -0.2343 0.0490 -0.2352 0.0470 -0.2362 0.0313 -0.2344 0.0297 -0.2347 0.0487 -0.1954 0.0469 -0.1954 0.0054 -0.1383 0.0039 -0.1236 0.0016 0.0048 0.0210 0.0246 0.0102 0.1131 0.0607 0.1125 0.0102 0.1394 0.0675 0.1415 0.0179 0.1378 0.0748 0.1358 0.0171 0.1276 0.0729 0.1260 0.0019 0.1292 -0.0112 0.1326 0.0397 0.2799 -0.0424 0.2978 0.0285 0.4504 -0.0930 0.4630 0.0167 0.4871 -0.1084 0.4951 0.0775 0.4819 -0.0445 0.5027
7: 0.0548 -0.2133 0.0510 -0.2343 0.0498 -0.2353 0.0482 -0.2364 0.0500 -0.2342 0.0482 -0.2351 0.0462 -0.2361 0.0308 -0.2338 0.0290 -0.2343 0.0487 -0.1952 0.0469 -0.1953 0.0066 -0.1380 0.0052 -0.1234 -0.0013 0.0054 0.0210 0.0253 0.0065 0.1129 0.0582 0.1147 0.0072 0.1400 0.0647 0.1431 0.0138 0.1377 0.0717 0.1386 0.0129 0.1277 0.0697 0.1290 0.0018 0.1292 -0.0137 0.1325 0.0357 0.2801 -0.0418 0.2981 0.0154 0.4510 -0.1031 0.4568 0.0030 0.4879 -0.1203 0.4837 0.0640 0.4822 -0.0589 0.5038
8: 0.0553 -0.2123 0.0512 -0.2332 0.0499 -0.2342 0.0482 -0.2353 0.0503 -0.2331 0.0485 -0.2340 0.0465 -0.2350 0.0310 -0.2328 0.0296 -0.2332 0.0492 -0.1944 0.0475 -0.1944 0.0053 -0.1373 0.0073 -0.1237 -0.0037 0.0011 0.0212 0.0264 -0.0001 0.1127 0.0567 0.1164 0.0003 0.1409 0.0624 0.1450 0.0063 0.1385 0.0695 0.1415 0.0060 0.1284 0.0675 0.1319 0.0017 0.1295 -0.0142 0.1316 0.0254 0.2833 -0.0427 0.2992 0.0040 0.4541 -0.1082 0.4432 -0.0077 0.4897 -0.1271 0.4616 0.0539 0.4844 -0.0698 0.5052
9: 0.0551 -0.2116 0.0506 -0.2320 0.0493 -0.2329 0.0476 -0.2339 0.0499 -0.2319 0.0482 -0.2327 0.0464 -0.2336 0.0309 -0.2308 0.0298 -0.2307 0.0489 -0.1932 0.0476 -0.1928 0.0044 -0.1347 0.0085 -0.1218 -0.0052 0.0008 0.0207 0.0278 -0.0063 0.1125 0.0559 0.1198 -0.0100 0.1355 0.0613 0.1487 -0.0015 0.1396 0.0680 0.1462 -0.0012 0.1294 0.0663 0.1367 0.0011 0.1275 -0.0139 0.1290 0.0187 0.2888 -0.0219 0.3008 -0.0063 0.4582 -0.1069 0.4266 -0.0173 0.4928 -0.1254 0.4359 0.0437 0.4875 -0.0754 0.5069
10: 0.0555 -0.2092 0.0512 -0.2294 0.0499 -0.2304 0.0483 -0.2314 0.0504 -0.2292 0.0488 -0.2301 0.0470 -0.2309 0.0308 -0.2282 0.0299 -0.2278 0.0492 -0.1904 0.0479 -0.1896 0.0034 -0.1326 0.0092 -0.1194 -0.0052 0.0017 0.0207 0.0307 -0.0053 0.1165 0.0557 0.1243 -0.0072 0.1374 0.0602 0.1537 -0.0008 0.1434 0.0671 0.1516 -0.0005 0.1333 0.0659 0.1423 -0.0005 0.1250 -0.0122 0.1270 0.0095 0.2925 -0.0052 0.2963 -0.0147 0.4618 -0.0999 0.4164 -0.0268 0.4954 -0.1183 0.4279 0.0310 0.4936 -0.0676 0.5044
11: 0.0557 -0.2071 0.0515 -0.2273 0.0502 -0.2284 0.0487 -0.2294 0.0508 -0.2272 0.0493 -0.2281 0.0475 -0.2290 0.0310 -0.2271 0.0303 -0.2265 0.0492 -0.1881 0.0480 -0.1874 0.0034 -0.1323 0.0085 -0.1164 -0.0045 0.0041 0.0211 0.0338 -0.0037 0.1208 0.0545 0.1294 -0.0056 0.1391 0.0561 0.1573 0.0003 0.1414 0.0637 0.1552 0.0006 0.1321 0.0624 0.1466 -0.0027 0.1217 -0.0091 0.1272 0.0025 0.2952 0.0013 0.2986 -0.0333 0.4533 -0.0812 0.4237 -0.0412 0.4862 -0.1079 0.4337 0.0126 0.4960 -0.0643 0.4988
12: 0.0566 -0.2036 0.0526 -0.2240 0.0513 -0.2251 0.0499 -0.2262 0.0518 -0.2240 0.0503 -0.2250 0.0486 -0.2260 0.0320 -0.2247 0.0314 -0.2243 0.0501 -0.1847 0.0489 -0.1843 0.0042 -0.1307 0.0089 -0.1147 0.0000 0.0068 0.0220 0.0373 0.0084 0.1185 0.0501 0.1332 0.0062 0.1400 0.0521 0.1605 0.0160 0.1393 0.0600 0.1578 0.0171 0.1326 0.0589 0.1496 -0.0053 0.1202 -0.0078 0.1252 -0.0018 0.2951 0.0118 0.2949 -0.0425 0.4507 -0.0484 0.4363 -0.0581 0.4762 -0.0695 0.4524 -0.0012 0.5004 -0.0165 0.5018
13: 0.0579 -0.2041 0.0538 -0.2246 0.0526 -0.2258 0.0512 -0.2269 0.0531 -0.2247 0.0516 -0.2258 0.0499 -0.2268 0.0333 -0.2259 0.0326 -0.2254 0.0514 -0.1851 0.0502 -0.1849 0.0049 -0.1320 0.0100 -0.1142 0.0014 0.0073 0.0232 0.0376 0.0119 0.1175 0.0490 0.1337 0.0112 0.1401 0.0529 0.1610 0.0199 0.1387 0.0603 0.1578 0.0186 0.1321 0.0585 0.1499 -0.0099 0.1210 -0.0050 0.1252 -0.0064 0.2935 0.0247 0.2917 -0.0412 0.4501 -0.0292 0.4384 -0.0568 0.4781 -0.0465 0.4655 -0.0023 0.4987 0.0077 0.5025
14: 0.0597 -0.2049 0.0556 -0.2257 0.0544 -0.2269 0.0529 -0.2281 0.0549 -0.2259 0.0534 -0.2270 0.0516 -0.2282 0.0351 -0.2275 0.0344 -0.2273 0.0533 -0.1857 0.0520 -0.1857 0.0036 -0.1325 0.0110 -0.1159 -0.0059 0.0055 0.0212 0.0375 0.0032 0.1158 0.0457 0.1339 0.0012 0.1407 0.0495 0.1613 0.0101 0.1398 0.0570 0.1581 0.0077 0.1324 0.0550 0.1501 -0.0130 0.1223 -0.0016 0.1261 -0.0101 0.2919 0.0351 0.2866 -0.0509 0.4520 0.0013 0.4394 -0.0675 0.4816 -0.0111 0.4703 -0.0174 0.4989 0.0465 0.4959
15: 0.0603 -0.2057 0.0562 -0.2266 0.0550 -0.2278 0.0535 -0.2290 0.0555 -0.2267 0.0539 -0.2279 0.0522 -0.2291 0.0357 -0.2285 0.0349 -0.2283 0.0539 -0.1863 0.0526 -0.1863 0.0035 -0.1330 0.0096 -0.1166 -0.0048 0.0131 0.0188 0.0366 0.0023 0.1160 0.0409 0.1335 0.0012 0.1413 0.0434 0.1610 0.0103 0.1423 0.0497 0.1579 0.0080 0.1327 0.0487 0.1500 -0.0131 0.1229 -0.0001 0.1267 -0.0134 0.2908 0.0420 0.2825 -0.0602 0.4527 0.0332 0.4515 -0.0786 0.4828 0.0214 0.4903 -0.0204 0.4994 0.0799 0.4892
16: 0.0596 -0.2060 0.0555 -0.2269 0.0543 -0.2281 0.0529 -0.2293 0.0548 -0.2271 0.0533 -0.2282 0.0515 -0.2294 0.0350 -0.2287 0.0342 -0.2285 0.0533 -0.1867 0.0520 -0.1867 0.0027 -0.1332 0.0069 -0.1188 -0.0049 0.0102 0.0128 0.0325 0.0019 0.1145 0.0340 0.1330 0.0009 0.1416 0.0371 0.1611 0.0093 0.1438 0.0431 0.1581 0.0080 0.1325 0.0427 0.1501 -0.0123 0.1245 0.0029 0.1275 -0.0193 0.2906 0.0447 0.2839 -0.0690 0.4527 0.0561 0.4629 -0.0889 0.4830 0.0475 0.5062 -0.0280 0.4990 0.1077 0.4796
17: 0.0593 -0.2078 0.0552 -0.2281 0.0539 -0.2293 0.0524 -0.2305 0.0544 -0.2282 0.0529 -0.2293 0.0512 -0.2303 0.0346 -0.2295 0.0337 -0.2288 0.0529 -0.1884 0.0516 -0.1884 0.0036 -0.1347 0.0032 -0.1211 -0.0011 0.0079 0.0074 0.0295 0.0075 0.1123 0.0285 0.1326 0.0188 0.1515 0.0340 0.1605 0.0143 0.1443 0.0392 0.1578 0.0139 0.1310 0.0381 0.1492 -0.0119 0.1266 0.0050 0.1292 -0.0244 0.2907 0.0467 0.2829 -0.0803 0.4510 0.0722 0.4665 -0.0971 0.4781 0.0682 0.5093 -0.0403 0.4972 0.1257 0.4665
18: 0.0565 -0.2110 0.0524 -0.2304 0.0512 -0.2316 0.0497 -0.2327 0.0516 -0.2305 0.0501 -0.2315 0.0484 -0.2325 0.0318 -0.2311 0.0310 -0.2304 0.0500 -0.1918 0.0488 -0.1918 0.0026 -0.1343 0.0002 -0.1234 0.0008 0.0077 0.0058 0.0260 0.0107 0.1148 0.0215 0.1342 0.0170 0.1534 0.0227 0.1694 0.0146 0.1551 0.0293 0.1704 0.0135 0.1400 0.0293 0.1582 -0.0085 0.1287 0.0057 0.1289 -0.0291 0.2912 0.0504 0.2840 -0.0912 0.4461 0.0744 0.4738 -0.1075 0.4693 0.0680 0.5148 -0.0502 0.4936 0.1268 0.4662
19: 0.0507 -0.2130 0.0466 -0.2320 0.0454 -0.2329 0.0439 -0.2339 0.0458 -0.2321 0.0443 -0.2329 0.0426 -0.2339 0.0260 -0.2317 0.0252 -0.2318 0.0442 -0.1938 0.0430 -0.1939 0.0009 -0.1316 -0.0053 -0.1247 0.0006 0.0109 0.0011 0.0231 0.0077 0.1215 0.0151 0.1375 0.0104 0.1573 0.0145 0.1770 0.0106 0.1638 0.0210 0.1798 0.0100 0.1497 0.0217 0.1672 0.0002 0.1282 0.0040 0.1279 -0.0324 0.2921 0.0542 0.2839 -0.1012 0.4330 0.0629 0.4737 -0.1194 0.4507 0.0522 0.5141 -0.0670 0.4895 0.1162 0.4941
20: 0.0450 -0.2120 0.0409 -0.2308 0.0397 -0.2316 0.0383 -0.2326 0.0401 -0.2309 0.0386 -0.2317 0.0369 -0.2326 0.0204 -0.2302 0.0195 -0.2305 0.0386 -0.1931 0.0373 -0.1934 0.0006 -0.1298 -0.0105 -0.1247 0.0020 0.0136 -0.0038 0.0231 0.0105 0.1268 0.0094 0.1406 0.0108 0.1620 0.0083 0.1797 0.0118 0.1692 0.0156 0.1826 0.0122 0.1553 0.0166 0.1705 0.0072 0.1275 0.0028 0.1268 0.0409 0.2904 -0.0121 0.2877 -0.0032 0.4540 -0.0987 0.4274 -0.0184 0.4803 -0.1185 0.4353 0.0336 0.4961 -0.0749 0.4945
21: 0.0415 -0.2113 0.0375 -0.2299 0.0364 -0.2307 0.0349 -0.2316 0.0367 -0.2300 0.0352 -0.2308 0.0335 -0.2318 0.0170 -0.2298 0.0159 -0.2301 0.0355 -0.1930 0.0341 -0.1935 0.0002 -0.1289 -0.0137 -0.1238 0.0027 0.0142 -0.0071 0.0238 0.0116 0.1288 0.0054 0.1434 0.0130 0.1645 0.0039 0.1811 0.0135 0.1733 0.0114 0.1838 0.0132 0.1594 0.0127 0.1721 0.0080 0.1267 0.0055 0.1262 0.0144 0.2922 0.0327 0.2911 -0.0904 0.4145 0.0224 0.4647 -0.1101 0.4147 0.0088 0.4941 -0.0839 0.4956 0.0700 0.5021
22: 0.0405 -0.2088 0.0370 -0.2272 0.0359 -0.2280 0.0345 -0.2290 0.0360 -0.2273 0.0345 -0.2282 0.0327 -0.2293 0.0164 -0.2279 0.0150 -0.2281 0.0348 -0.1910 0.0333 -0.1915 -0.0021 -0.1270 -0.0132 -0.1226 0.0009 0.0134 -0.0052 0.0255 0.0073 0.1285 0.0065 0.1438 0.0078 0.1632 0.0063 0.1798 0.0112 0.1695 0.0135 0.1818 0.0113 0.1563 0.0143 0.1703 0.0050 0.1238 0.0102 0.1257 0.0071 0.2937 0.0351 0.2961 -0.0872 0.3963 0.0252 0.4742 -0.1083 0.3911 0.0127 0.5073 -0.0834 0.4897 0.0743 0.5050
23: 0.0395 -0.2056 0.0360 -0.2237 0.0349 -0.2244 0.0335 -0.2254 0.0350 -0.2239 0.0334 -0.2248 0.0317 -0.2260 0.0155 -0.2247 0.0140 -0.2250 0.0339 -0.1884 0.0325 -0.1891 -0.0029 -0.1256 -0.0139 -0.1239 0.0023 0.0098 -0.0064 0.0226 0.0134 0.1245 0.0065 0.1450 0.0149 0.1627 0.0070 0.1820 0.0195 0.1683 0.0140 0.1861 0.0184 0.1528 0.0141 0.1729 0.0077 0.1243 0.0093 0.1252 0.0174 0.2982 0.0329 0.3017 -0.0796 0.3967 0.0171 0.4821 -0.0997 0.3990 0.0016 0.5168 -0.0657 0.4892 0.0638 0.5112
24: 0.0396 -0.2030 0.0363 -0.2209 0.0352 -0.2217 0.0338 -0.2227 0.0353 -0.2213 0.0338 -0.2222 0.0320 -0.2234 0.0160 -0.2229 0.0145 -0.2231 0.0340 -0.1861 0.0325 -0.1872 -0.0035 -0.1269 -0.0133 -0.1265 0.0009 0.0060 -0.0056 0.0218 0.0121 0.1198 0.0102 0.1467 0.0119 0.1563 0.0120 0.1820 0.0178 0.1622 0.0190 0.1857 0.0165 0.1486 0.0184 0.1731 0.0072 0.1259 0.0097 0.1277 0.0180 0.2941 0.0305 0.3053 -0.0545 0.4087 0.0110 0.4923 -0.0751 0.4179 -0.0037 0.5229 -0.0327 0.4843 0.0568 0.5146
25: 0.0400 -0.2019 0.0371 -0.2198 0.0360 -0.2206 0.0346 -0.2217 0.0361 -0.2202 0.0346 -0.2212 0.0328 -0.2223 0.0168 -0.2220 0.0151 -0.2223 0.0343 -0.1851 0.0329 -0.1862 -0.0037 -0.1269 -0.0126 -0.1260 0.0011 0.0073 -0.0033 0.0226 0.0161 0.1197 0.0171 0.1450 0.0197 0.1555 0.0221 0.1795 0.0215 0.1605 0.0267 0.1833 0.0197 0.1475 0.0250 0.1707 0.0085 0.1253 0.0079 0.1276 0.0264 0.2884 0.0284 0.3060 -0.0304 0.4104 0.0019 0.4894 -0.0566 0.4273 -0.0118 0.5231 -0.0185 0.4667 0.0494 0.5157
26: 0.0404 -0.2022 0.0376 -0.2201 0.0365 -0.2208 0.0350 -0.2218 0.0367 -0.2204 0.0352 -0.2213 0.0335 -0.2225 0.0172 -0.2222 0.0161 -0.2224 0.0349 -0.1855 0.0335 -0.1866 -0.0055 -0.1270 -0.0099 -0.1261 0.0003 0.0077 0.0013 0.0229 0.0156 0.1193 0.0260 0.1404 0.0198 0.1530 0.0332 0.1745 0.0225 0.1567 0.0395 0.1733 0.0199 0.1447 0.0367 0.1626 0.0087 0.1256 0.0066 0.1276 0.0358 0.2850 0.0246 0.3005 0.0019 0.4332 -0.0062 0.4827 -0.0118 0.4705 -0.0208 0.5218 0.0408 0.4795 0.0422 0.5148
27: 0.0408 -0.2025 0.0381 -0.2207 0.0369 -0.2215 0.0354 -0.2225 0.0373 -0.2208 0.0358 -0.2216 0.0342 -0.2227 0.0177 -0.2229 0.0169 -0.2228 0.0352 -0.1861 0.0339 -0.1873 -0.0057 -0.1274 -0.0092 -0.1266 -0.0001 0.0086 0.0067 0.0221 0.0174 0.1233 0.0353 0.1363 0.0227 0.1551 0.0415 0.1701 0.0213 0.1518 0.0476 0.1664 0.0192 0.1424 0.0457 0.1565 0.0085 0.1256 0.0063 0.1284 0.0419 0.2804 0.0123 0.2998 0.0350 0.4432 -0.0195 0.4816 0.0285 0.4809 -0.0373 0.5198 0.0836 0.4790 0.0252 0.5172
28: 0.0407 -0.2052 0.0379 -0.2237 0.0368 -0.2246 0.0353 -0.2257 0.0372 -0.2238 0.0357 -0.2245 0.0341 -0.2255 0.0177 -0.2262 0.0170 -0.2258 0.0351 -0.1895 0.0338 -0.1906 -0.0071 -0.1288 -0.0076 -0.1276 0.0003 0.0088 0.0133 0.0203 0.0190 0.1172 0.0465 0.1308 0.0309 0.1503 0.0521 0.1639 0.0255 0.1470 0.0587 0.1591 0.0247 0.1375 0.0566 0.1493 0.0087 0.1253 0.0060 0.1313 0.0533 0.2755 -0.0004 0.3064 0.0609 0.4453 -0.0362 0.4797 0.0566 0.4844 -0.0515 0.5159 0.1112 0.4605 0.0134 0.5131
29: 0.0412 -0.2039 0.0388 -0.2223 0.0377 -0.2232 0.0363 -0.2244 0.0379 -0.2226 0.0365 -0.2234 0.0348 -0.2245 0.0187 -0.2266 0.0174 -0.2260 0.0355 -0.1893 0.0341 -0.1907 -0.0070 -0.1314 -0.0074 -0.1274 0.0039 0.0085 0.0158 0.0186 0.0250 0.1121 0.0508 0.1254 0.0368 0.1461 0.0561 0.1582 0.0407 0.1424 0.0633 0.1524 0.0300 0.1325 0.0612 0.1425 0.0087 0.1259 0.0057 0.1331 0.0554 0.2711 -0.0077 0.3057 0.0685 0.4435 -0.0469 0.4754 0.0615 0.4848 -0.0622 0.5105 0.1174 0.4502 0.0016 0.5072
30: 0.0406 -0.2063 0.0381 -0.2249 0.0371 -0.2257 0.0356 -0.2268 0.0372 -0.2252 0.0358 -0.2260 0.0341 -0.2269 0.0181 -0.2286 0.0166 -0.2277 0.0349 -0.1916 0.0335 -0.1928 -0.0065 -0.1328 -0.0081 -0.1299 0.0070 0.0088 0.0154 0.0170 0.0256 0.1078 0.0527 0.1201 0.0308 0.1409 0.0592 0.1528 0.0341 0.1387 0.0667 0.1469 0.0311 0.1283 0.0643 0.1367 0.0101 0.1282 0.0045 0.1346 0.0572 0.2684 -0.0135 0.3042 0.0652 0.4457 -0.0578 0.4696 0.0567 0.4862 -0.0709 0.5047 0.1169 0.4488 -0.0074 0.5019
31: 0.0392 -0.2083 0.0366 -0.2268 0.0356 -0.2276 0.0343 -0.2286 0.0357 -0.2270 0.0342 -0.2277 0.0325 -0.2284 0.0169 -0.2294 0.0152 -0.2281 0.0337 -0.1931 0.0321 -0.1941 -0.0074 -0.1343 -0.0087 -0.1287 0.0070 0.0043 0.0146 0.0157 0.0240 0.1031 0.0528 0.1163 0.0271 0.1356 0.0605 0.1480 0.0395 0.1341 0.0679 0.1424 0.0298 0.1229 0.0655 0.1323 0.0130 0.1289 0.0029 0.1341 0.0579 0.2688 -0.0195 0.3020 0.0584 0.4441 -0.0688 0.4657 0.0483 0.4827 -0.0839 0.5000 0.1061 0.4621 -0.0186 0.5000
32: 0.0380 -0.2076 0.0354 -0.2261 0.0344 -0.2269 0.0330 -0.2279 0.0344 -0.2262 0.0329 -0.2269 0.0312 -0.2276 0.0157 -0.2287 0.0137 -0.2276 0.0325 -0.1922 0.0309 -0.1932 -0.0083 -0.1350 -0.0095 -0.1276 0.0051 0.0029 0.0130 0.0160 0.0248 0.1097 0.0503 0.1173 0.0244 0.1343 0.0584 0.1471 0.0355 0.1330 0.0654 0.1414 0.0312 0.1239 0.0628 0.1309 0.0152 0.1289 0.0026 0.1338 0.0567 0.2715 -0.0178 0.3000 0.0493 0.4443 -0.0779 0.4613 0.0374 0.4817 -0.0945 0.4889 0.0977 0.4715 -0.0324 0.5017
33: 0.0369 -0.2062 0.0342 -0.2248 0.0332 -0.2257 0.0319 -0.2267 0.0332 -0.2249 0.0317 -0.2257 0.0300 -0.2266 0.0146 -0.2276 0.0127 -0.2270 0.0314 -0.1909 0.0298 -0.1919 -0.0097 -0.1343 -0.0089 -0.1274 0.0032 0.0021 0.0128 0.0160 0.0229 0.1105 0.0469 0.1191 0.0223 0.1347 0.0533 0.1486 0.0316 0.1331 0.0597 0.1428 0.0279 0.1247 0.0576 0.1333 0.0158 0.1284 0.0029 0.1332 0.0504 0.2744 -0.0155 0.3020 0.0402 0.4458 -0.0827 0.4481 0.0290 0.4820 -0.0999 0.4658 0.0890 0.4767 -0.0417 0.5036
34: 0.0368 -0.2003 0.0342 -0.2190 0.0332 -0.2199 0.0318 -0.2210 0.0333 -0.2191 0.0318 -0.2199 0.0301 -0.2207 0.0145 -0.2215 0.0127 -0.2210 0.0313 -0.1850 0.0297 -0.1860 -0.0104 -0.1312 -0.0084 -0.1261 0.0025 -0.0021 0.0123 0.0134 0.0217 0.1012 0.0465 0.1255 0.0216 0.1326 0.0505 0.1551 0.0304 0.1339 0.0558 0.1498 0.0265 0.1223 0.0545 0.1408 0.0155 0.1264 0.0034 0.1307 0.0467 0.2832 0.0106 0.3035 0.0340 0.4536 -0.0761 0.4251 0.0225 0.4875 -0.0961 0.4335 0.0799 0.4859 -0.0495 0.5095
35: 0.0378 -0.1949 0.0355 -0.2127 0.0345 -0.2137 0.0331 -0.2147 0.0345 -0.2129 0.0331 -0.2139 0.0314 -0.2149 0.0158 -0.2170 0.0140 -0.2174 0.0320 -0.1799 0.0306 -0.1810 -0.0109 -0.1295 -0.0072 -0.1244 0.0022 -0.0032 0.0130 0.0168 0.0203 0.1065 0.0424 0.1333 0.0189 0.1370 0.0452 0.1627 0.0249 0.1392 0.0500 0.1577 0.0239 0.1297 0.0490 0.1487 0.0112 0.1247 0.0071 0.1293 0.0304 0.2908 0.0243 0.3010 0.0251 0.4596 -0.0675 0.4095 0.0138 0.4955 -0.0882 0.4144 0.0748 0.4935 -0.0418 0.5078
36: 0.0388 -0.1934 0.0366 -0.2108 0.0356 -0.2117 0.0342 -0.2129 0.0356 -0.2112 0.0342 -0.2122 0.0325 -0.2134 0.0169 -0.2162 0.0151 -0.2163 0.0330 -0.1781 0.0316 -0.1794 -0.0098 -0.1285 -0.0062 -0.1241 0.0016 -0.0035 0.0119 0.0170 0.0171 0.1086 0.0347 0.1345 0.0135 0.1377 0.0382 0.1643 0.0219 0.1397 0.0417 0.1613 0.0215 0.1290 0.0403 0.1526 0.0085 0.1249 0.0077 0.1277 0.0268 0.2935 0.0310 0.2982 0.0118 0.4623 -0.0543 0.4157 0.0031 0.4988 -0.0775 0.4225 0.0576 0.4987 -0.0347 0.4996
37: 0.0403 -0.1942 0.0383 -0.2113 0.0373 -0.2121 0.0360 -0.2131 0.0374 -0.2119 0.0359 -0.2130 0.0342 -0.2142 0.0187 -0.2170 0.0169 -0.2169 0.0343 -0.1785 0.0329 -0.1803 -0.0078 -0.1285 -0.0072 -0.1254 0.0025 -0.0029 0.0065 0.0169 0.0170 0.1122 0.0291 0.1334 0.0150 0.1419 0.0337 0.1656 0.0223 0.1435 0.0378 0.1636 0.0213 0.1329 0.0361 0.1544 0.0059 0.1263 0.0089 0.1274 0.0191 0.2959 0.0396 0.2962 -0.0011 0.4599 -0.0190 0.4303 -0.0125 0.4906 -0.0421 0.4442 0.0415 0.5003 0.0118 0.4986
38: 0.0412 -0.1947 0.0397 -0.2120 0.0388 -0.2128 0.0375 -0.2139 0.0388 -0.2126 0.0373 -0.2138 0.0357 -0.2152 0.0202 -0.2185 0.0183 -0.2187 0.0350 -0.1791 0.0335 -0.1809 -0.0063 -0.1299 -0.0087 -0.1251 0.0030 -0.0032 0.0021 0.0184 0.0173 0.1132 0.0263 0.1334 0.0170 0.1424 0.0301 0.1659 0.0230 0.1439 0.0353 0.1638 0.0219 0.1338 0.0343 0.1547 0.0047 0.1274 0.0104 0.1276 0.0166 0.2951 0.0505 0.2877 -0.0074 0.4598 0.0037 0.4378 -0.0207 0.4909 -0.0137 0.4730 0.0336 0.4999 0.0437 0.5014
39: 0.0413 -0.1951 0.0402 -0.2125 0.0393 -0.2134 0.0381 -0.2145 0.0392 -0.2131 0.0378 -0.2143 0.0362 -0.2157 0.0209 -0.2194 0.0188 -0.2196 0.0352 -0.1797 0.0335 -0.1815 -0.0055 -0.1309 -0.0086 -0.1254 0.0007 -0.0016 -0.0025 0.0175 0.0129 0.1136 0.0210 0.1298 0.0133 0.1448 0.0240 0.1648 0.0162 0.1477 0.0285 0.1633 0.0149 0.1364 0.0277 0.1543 0.0027 0.1275 0.0115 0.1288 0.0065 0.2977 0.0548 0.2842 -0.0138 0.4621 0.0317 0.4501 -0.0249 0.4931 0.0167 0.4822 0.0237 0.4988 0.0725 0.5011
40: 0.0418 -0.1960 0.0409 -0.2134 0.0401 -0.2142 0.0390 -0.2154 0.0398 -0.2139 0.0384 -0.2152 0.0367 -0.2166 0.0216 -0.2202 0.0191 -0.2203 0.0359 -0.1806 0.0340 -0.1824 -0.0054 -0.1313 -0.0074 -0.1258 -0.0006 0.0007 -0.0021 0.0172 0.0074 0.1137 0.0165 0.1293 0.0094 0.1484 0.0179 0.1660 0.0129 0.1534 0.0226 0.1660 0.0116 0.1432 0.0224 0.1561 0.0006 0.1283 0.0121 0.1288 -0.0001 0.2973 0.0595 0.2840 -0.0241 0.4669 0.0616 0.4609 -0.0373 0.5012 0.0526 0.5005 0.0186 0.4983 0.1125 0.4934
