1: -0.0426 -0.2011 -0.0364 -0.2137 -0.0344 -0.2130 -0.0322 -0.2122 -0.0390 -0.2149 -0.0390 -0.2151 -0.0388 -0.2153 -0.0212 -0.2016 -0.0298 -0.2038 -0.0378 -0.1826 -0.0416 -0.1854 0.0040 -0.1262 -0.0235 -0.1105 0.0600 -0.0479 -0.0089 -0.0063 0.0456 0.0591 -0.0479 0.0136 0.0438 0.0900 -0.0600 0.0166 0.0367 0.0865 -0.0613 0.0096 0.0356 0.0775 -0.0567 0.0083 0.0160 0.1183 0.0037 0.1186 -0.0021 0.2889 0.0214 0.2714 0.0641 0.3687 0.0342 0.4084 0.0814 0.3712 0.0470 0.4301 0.0591 0.4296 0.0032 0.4557
2: -0.0429 -0.2005 -0.0365 -0.2128 -0.0345 -0.2120 -0.0323 -0.2111 -0.0392 -0.2142 -0.0391 -0.2145 -0.0390 -0.2149 -0.0213 -0.2007 -0.0299 -0.2041 -0.0379 -0.1828 -0.0420 -0.1854 0.0047 -0.1270 -0.0235 -0.1110 0.0599 -0.0464 -0.0083 -0.0068 0.0456 0.0591 -0.0473 0.0173 0.0437 0.0901 -0.0597 0.0224 0.0363 0.0855 -0.0613 0.0157 0.0352 0.0764 -0.0567 0.0135 0.0147 0.1201 0.0041 0.1179 -0.0258 0.2719 0.0314 0.2753 -0.0391 0.4487 0.1336 0.2720 -0.0313 0.4818 0.1491 0.2501 -0.0861 0.4914 0.1628 0.3412
3: -0.0433 -0.2000 -0.0368 -0.2123 -0.0347 -0.2115 -0.0325 -0.2106 -0.0395 -0.2138 -0.0395 -0.2142 -0.0394 -0.2146 -0.0215 -0.2000 -0.0302 -0.2039 -0.0384 -0.1830 -0.0426 -0.1852 0.0053 -0.1255 -0.0239 -0.1095 0.0595 -0.0423 -0.0082 -0.0039 0.0452 0.0629 -0.0447 0.0288 0.0433 0.0938 -0.0577 0.0363 0.0358 0.0900 -0.0600 0.0310 0.0346 0.0814 -0.0552 0.0285 0.0148 0.1182 0.0037 0.1169 -0.0232 0.2709 0.0297 0.2761 -0.0381 0.4554 0.1297 0.2575 -0.0288 0.4881 0.1333 0.3121 -0.0802 0.4958 0.1156 0.3541
4: -0.0442 -0.1999 -0.0374 -0.2124 -0.0353 -0.2117 -0.0331 -0.2109 -0.0401 -0.2137 -0.0401 -0.2141 -0.0400 -0.2145 -0.0221 -0.2003 -0.0308 -0.2039 -0.0392 -0.1830 -0.0435 -0.1846 0.0058 -0.1259 -0.0241 -0.1071 0.0583 -0.0389 -0.0084 0.0019 0.0445 0.0701 -0.0436 0.0421 0.0423 0.0977 -0.0560 0.0523 0.0345 0.0937 -0.0588 0.0477 0.0335 0.0862 -0.0540 0.0449 0.0154 0.1163 0.0028 0.1169 -0.0138 0.2817 0.0284 0.2792 0.0104 0.4304 0.0943 0.3125 0.0252 0.4754 0.1021 0.3275 -0.0125 0.4728 0.0749 0.3655
5: -0.0458 -0.1973 -0.0389 -0.2103 -0.0368 -0.2098 -0.0347 -0.2094 -0.0416 -0.2115 -0.0415 -0.2119 -0.0414 -0.2124 -0.0236 -0.1995 -0.0321 -0.2030 -0.0408 -0.1807 -0.0450 -0.1815 0.0060 -0.1243 -0.0241 -0.1070 0.0566 -0.0352 -0.0072 0.0030 0.0415 0.0751 -0.0414 0.0550 0.0390 0.1010 -0.0537 0.0659 0.0311 0.0948 -0.0566 0.0609 0.0305 0.0877 -0.0514 0.0584 0.0167 0.1149 0.0012 0.1164 0.0009 0.2794 0.0152 0.2787 0.0880 0.3393 0.0375 0.3938 0.1035 0.3345 0.0500 0.4131 0.0955 0.3957 0.0074 0.4459
6: -0.0465 -0.1967 -0.0395 -0.2097 -0.0374 -0.2092 -0.0353 -0.2088 -0.0422 -0.2109 -0.0422 -0.2113 -0.0420 -0.2118 -0.0241 -0.1986 -0.0327 -0.2024 -0.0414 -0.1798 -0.0456 -0.1807 0.0053 -0.1212 -0.0243 -0.1049 0.0549 -0.0313 -0.0053 0.0061 0.0394 0.0761 -0.0379 0.0672 0.0365 0.1018 -0.0488 0.0840 0.0287 0.0950 -0.0527 0.0790 0.0283 0.0878 -0.0485 0.0742 0.0181 0.1121 0.0008 0.1139 0.0153 0.2841 0.0070 0.2798 0.1139 0.2798 -0.0104 0.4471 0.1306 0.2217 0.0022 0.4812 0.1527 0.3055 -0.0356 0.4908
7: -0.0475 -0.1979 -0.0404 -0.2106 -0.0383 -0.2101 -0.0362 -0.2096 -0.0431 -0.2118 -0.0431 -0.2121 -0.0429 -0.2125 -0.0251 -0.1990 -0.0336 -0.2027 -0.0425 -0.1807 -0.0467 -0.1815 0.0040 -0.1203 -0.0237 -0.1040 0.0525 -0.0303 -0.0028 0.0049 0.0366 0.0760 -0.0315 0.0746 0.0334 0.1031 -0.0413 0.0926 0.0256 0.0984 -0.0472 0.0886 0.0257 0.0912 -0.0422 0.0839 0.0186 0.1110 0.0013 0.1133 0.0070 0.2806 -0.0006 0.2804 0.1135 0.2395 -0.0066 0.4497 0.1271 0.2157 0.0065 0.4817 0.1507 0.2977 -0.0474 0.4936
8: -0.0490 -0.1969 -0.0418 -0.2092 -0.0397 -0.2087 -0.0376 -0.2082 -0.0445 -0.2105 -0.0444 -0.2108 -0.0442 -0.2111 -0.0266 -0.1975 -0.0349 -0.2013 -0.0441 -0.1798 -0.0482 -0.1806 0.0026 -0.1186 -0.0242 -0.1023 0.0502 -0.0267 -0.0028 0.0032 0.0320 0.0758 -0.0251 0.0812 0.0270 0.1046 -0.0341 0.0990 0.0198 0.1007 -0.0379 0.0989 0.0205 0.0927 -0.0323 0.0940 0.0181 0.1094 0.0035 0.1113 -0.0077 0.2773 0.0100 0.2776 0.0087 0.4332 0.0619 0.3921 0.0226 0.4557 0.0778 0.3942 -0.0230 0.4733 0.0455 0.4564
9: -0.0518 -0.1957 -0.0444 -0.2080 -0.0424 -0.2076 -0.0404 -0.2071 -0.0470 -0.2092 -0.0469 -0.2094 -0.0467 -0.2098 -0.0294 -0.1967 -0.0373 -0.2001 -0.0470 -0.1787 -0.0509 -0.1794 0.0001 -0.1178 -0.0250 -0.1007 0.0458 -0.0231 -0.0040 0.0067 0.0246 0.0772 -0.0215 0.0876 0.0187 0.1035 -0.0281 0.1062 0.0118 0.0994 -0.0336 0.1063 0.0142 0.0913 -0.0285 0.0988 0.0185 0.1081 0.0066 0.1102 -0.0159 0.2735 0.0078 0.2753 0.0105 0.4374 0.0543 0.3873 0.0383 0.4016 0.0693 0.3902 0.0148 0.4627 0.0363 0.4492
10: -0.0545 -0.1940 -0.0470 -0.2065 -0.0450 -0.2061 -0.0430 -0.2056 -0.0495 -0.2077 -0.0493 -0.2080 -0.0491 -0.2083 -0.0321 -0.1951 -0.0396 -0.1988 -0.0497 -0.1771 -0.0534 -0.1778 -0.0030 -0.1146 -0.0258 -0.1021 0.0424 -0.0203 -0.0003 0.0035 0.0154 0.0814 -0.0131 0.0834 0.0080 0.1063 -0.0161 0.1035 0.0011 0.1008 -0.0219 0.1027 0.0042 0.0927 -0.0185 0.0942 0.0186 0.1075 0.0102 0.1094 -0.0193 0.2690 0.0010 0.2725 0.0113 0.4462 0.0781 0.3571 0.0269 0.4668 0.0947 0.3572 -0.0279 0.4893 0.0689 0.4210
11: -0.0552 -0.1940 -0.0477 -0.2057 -0.0458 -0.2052 -0.0438 -0.2046 -0.0502 -0.2071 -0.0500 -0.2074 -0.0497 -0.2078 -0.0330 -0.1936 -0.0400 -0.1977 -0.0507 -0.1769 -0.0542 -0.1780 -0.0059 -0.1131 -0.0240 -0.1030 0.0393 -0.0166 0.0051 0.0015 0.0081 0.0804 -0.0058 0.0806 0.0004 0.1044 -0.0108 0.1024 -0.0056 0.0986 -0.0142 0.0995 -0.0030 0.0910 -0.0125 0.0914 0.0175 0.1075 0.0124 0.1085 -0.0193 0.2680 -0.0022 0.2710 0.0177 0.4469 0.0735 0.3538 0.0326 0.4682 0.0904 0.3552 -0.0226 0.4915 0.0639 0.4174
12: -0.0563 -0.1934 -0.0488 -0.2050 -0.0469 -0.2046 -0.0451 -0.2041 -0.0511 -0.2064 -0.0509 -0.2068 -0.0506 -0.2073 -0.0342 -0.1929 -0.0408 -0.1972 -0.0518 -0.1765 -0.0552 -0.1778 -0.0069 -0.1125 -0.0243 -0.1020 0.0365 -0.0166 0.0073 0.0001 0.0009 0.0786 -0.0035 0.0806 -0.0081 0.0998 -0.0071 0.1009 -0.0127 0.0924 -0.0121 0.0991 -0.0098 0.0855 -0.0109 0.0898 0.0190 0.1066 0.0121 0.1080 -0.0199 0.2672 -0.0067 0.2713 0.0737 0.2571 0.0376 0.4386 0.0858 0.2431 0.0522 0.4649 0.1016 0.3301 -0.0042 0.4826
13: -0.0579 -0.1929 -0.0505 -0.2043 -0.0486 -0.2037 -0.0469 -0.2032 -0.0527 -0.2057 -0.0524 -0.2061 -0.0520 -0.2065 -0.0362 -0.1917 -0.0423 -0.1961 -0.0536 -0.1758 -0.0568 -0.1773 -0.0089 -0.1121 -0.0250 -0.1015 0.0334 -0.0138 0.0106 -0.0000 -0.0094 0.0787 -0.0035 0.0801 -0.0181 0.1027 -0.0101 0.1029 -0.0232 0.0957 -0.0131 0.1021 -0.0201 0.0882 -0.0120 0.0928 0.0202 0.1057 0.0137 0.1078 -0.0212 0.2676 -0.0131 0.2710 0.0732 0.2560 0.0340 0.4366 0.0863 0.2420 0.0476 0.4641 0.0974 0.3338 -0.0042 0.4879
14: -0.0577 -0.1937 -0.0503 -0.2050 -0.0485 -0.2044 -0.0468 -0.2037 -0.0524 -0.2064 -0.0521 -0.2067 -0.0516 -0.2070 -0.0362 -0.1915 -0.0417 -0.1956 -0.0535 -0.1766 -0.0566 -0.1781 -0.0093 -0.1109 -0.0244 -0.1023 0.0312 -0.0115 0.0090 -0.0007 -0.0142 0.0753 -0.0083 0.0773 -0.0247 0.0959 -0.0160 0.0998 -0.0302 0.0879 -0.0205 0.0973 -0.0264 0.0816 -0.0163 0.0911 0.0212 0.1055 0.0123 0.1075 -0.0168 0.2694 -0.0204 0.2679 0.0725 0.2739 0.0386 0.3726 0.0793 0.2919 0.0543 0.3650 0.0877 0.3468 0.0452 0.4481
15: -0.0573 -0.1940 -0.0499 -0.2054 -0.0482 -0.2047 -0.0465 -0.2039 -0.0519 -0.2067 -0.0516 -0.2069 -0.0510 -0.2071 -0.0361 -0.1914 -0.0411 -0.1952 -0.0532 -0.1769 -0.0562 -0.1784 -0.0091 -0.1112 -0.0241 -0.1019 0.0300 -0.0122 0.0071 -0.0004 -0.0157 0.0628 -0.0165 0.0768 -0.0285 0.0803 -0.0243 0.0992 -0.0335 0.0735 -0.0275 0.0941 -0.0291 0.0671 -0.0252 0.0878 0.0216 0.1057 0.0114 0.1076 -0.0054 0.2732 -0.0296 0.2596 0.0636 0.3781 0.0574 0.2763 0.0754 0.3839 0.0743 0.2586 0.0365 0.4716 0.0786 0.3500
16: -0.0572 -0.1942 -0.0499 -0.2055 -0.0482 -0.2048 -0.0466 -0.2039 -0.0517 -0.2069 -0.0512 -0.2071 -0.0505 -0.2072 -0.0362 -0.1915 -0.0404 -0.1952 -0.0530 -0.1770 -0.0558 -0.1787 -0.0093 -0.1099 -0.0227 -0.1029 0.0273 -0.0105 0.0055 0.0082 -0.0214 0.0525 -0.0186 0.0765 -0.0362 0.0684 -0.0301 0.0971 -0.0408 0.0600 -0.0318 0.0920 -0.0358 0.0545 -0.0288 0.0863 0.0217 0.1054 0.0103 0.1073 0.0040 0.2751 -0.0374 0.2503 0.0640 0.4413 0.0577 0.2784 0.0766 0.4573 0.0765 0.2643 0.0289 0.4819 0.0719 0.3534
17: -0.0568 -0.1944 -0.0497 -0.2058 -0.0481 -0.2050 -0.0466 -0.2041 -0.0512 -0.2072 -0.0507 -0.2074 -0.0500 -0.2075 -0.0359 -0.1916 -0.0391 -0.1952 -0.0526 -0.1772 -0.0552 -0.1789 -0.0100 -0.1106 -0.0207 -0.1043 0.0250 -0.0121 0.0052 0.0070 -0.0274 0.0389 -0.0213 0.0718 -0.0438 0.0552 -0.0322 0.0913 -0.0479 0.0466 -0.0352 0.0848 -0.0425 0.0416 -0.0325 0.0799 0.0209 0.1068 0.0100 0.1082 0.0126 0.2760 -0.0403 0.2430 0.0702 0.4436 0.0556 0.2837 0.0848 0.4578 0.0738 0.2715 0.0336 0.4748 0.0641 0.3544
18: -0.0575 -0.1947 -0.0506 -0.2057 -0.0492 -0.2049 -0.0476 -0.2039 -0.0517 -0.2071 -0.0511 -0.2073 -0.0502 -0.2073 -0.0370 -0.1914 -0.0391 -0.1951 -0.0535 -0.1775 -0.0556 -0.1794 -0.0128 -0.1104 -0.0184 -0.1093 0.0227 -0.0152 0.0103 -0.0016 -0.0316 0.0290 -0.0225 0.0514 -0.0480 0.0415 -0.0322 0.0671 -0.0518 0.0310 -0.0360 0.0611 -0.0463 0.0271 -0.0336 0.0569 0.0177 0.1107 0.0136 0.1090 0.0163 0.2778 -0.0469 0.2345 0.0760 0.4392 0.0531 0.2715 0.0902 0.4538 0.0685 0.2669 0.0416 0.4744 0.0648 0.3283
19: -0.0579 -0.1937 -0.0513 -0.2048 -0.0498 -0.2039 -0.0483 -0.2029 -0.0521 -0.2061 -0.0513 -0.2062 -0.0504 -0.2061 -0.0377 -0.1905 -0.0390 -0.1938 -0.0539 -0.1767 -0.0558 -0.1786 -0.0146 -0.1110 -0.0146 -0.1125 0.0208 -0.0154 0.0146 -0.0093 -0.0379 0.0217 -0.0132 0.0268 -0.0553 0.0307 -0.0190 0.0380 -0.0579 0.0210 -0.0253 0.0318 -0.0524 0.0181 -0.0239 0.0285 0.0162 0.1125 0.0132 0.1108 0.0258 0.2795 -0.0503 0.2316 0.0833 0.4409 0.0461 0.2909 0.1012 0.4636 0.0618 0.2850 0.0469 0.4789 0.0634 0.3513
20: -0.0580 -0.1933 -0.0514 -0.2047 -0.0500 -0.2039 -0.0485 -0.2029 -0.0521 -0.2062 -0.0514 -0.2064 -0.0504 -0.2064 -0.0379 -0.1910 -0.0389 -0.1942 -0.0539 -0.1765 -0.0556 -0.1785 -0.0154 -0.1124 -0.0127 -0.1145 0.0201 -0.0131 0.0142 -0.0119 -0.0410 0.0132 -0.0158 0.0072 -0.0590 0.0177 -0.0214 0.0101 -0.0607 0.0073 -0.0307 0.0038 -0.0552 0.0049 -0.0290 0.0032 0.0160 0.1145 0.0123 0.1124 0.0330 0.2827 -0.0526 0.2270 0.0938 0.4401 0.0365 0.3061 0.1108 0.4623 0.0529 0.3039 0.0567 0.4860 0.0396 0.3649
21: -0.0586 -0.1943 -0.0522 -0.2059 -0.0509 -0.2050 -0.0495 -0.2040 -0.0528 -0.2074 -0.0519 -0.2076 -0.0508 -0.2076 -0.0389 -0.1923 -0.0391 -0.1954 -0.0546 -0.1777 -0.0560 -0.1798 -0.0190 -0.1130 -0.0078 -0.1168 0.0162 -0.0125 0.0179 -0.0189 -0.0449 0.0077 -0.0204 0.0000 -0.0630 0.0099 -0.0278 0.0035 -0.0643 -0.0016 -0.0368 -0.0044 -0.0584 -0.0030 -0.0347 -0.0049 0.0129 0.1165 0.0137 0.1135 0.0425 0.2852 -0.0543 0.2261 0.1013 0.4387 0.0308 0.3139 0.1169 0.4578 0.0515 0.3314 0.0682 0.4881 0.0303 0.3985
22: -0.0584 -0.1934 -0.0523 -0.2051 -0.0510 -0.2043 -0.0496 -0.2034 -0.0526 -0.2067 -0.0517 -0.2071 -0.0506 -0.2072 -0.0391 -0.1927 -0.0387 -0.1958 -0.0544 -0.1771 -0.0553 -0.1794 -0.0215 -0.1107 -0.0041 -0.1174 0.0108 -0.0091 0.0293 -0.0314 -0.0490 0.0013 -0.0008 0.0055 -0.0669 0.0016 -0.0069 0.0130 -0.0665 -0.0125 -0.0126 0.0056 -0.0606 -0.0130 -0.0114 0.0037 0.0117 0.1162 0.0138 0.1118 0.0486 0.2819 -0.0536 0.2267 0.1074 0.4356 0.0269 0.3181 0.1194 0.4534 0.0418 0.3335 0.0764 0.4950 0.0216 0.4167
23: -0.0577 -0.1933 -0.0516 -0.2047 -0.0504 -0.2039 -0.0490 -0.2031 -0.0519 -0.2066 -0.0509 -0.2071 -0.0498 -0.2073 -0.0385 -0.1924 -0.0378 -0.1958 -0.0535 -0.1768 -0.0545 -0.1793 -0.0206 -0.1106 -0.0036 -0.1169 0.0121 -0.0071 0.0308 -0.0317 -0.0479 -0.0093 0.0056 0.0054 -0.0664 -0.0128 0.0006 0.0135 -0.0658 -0.0254 -0.0045 0.0061 -0.0598 -0.0241 -0.0034 0.0036 0.0132 0.1152 0.0112 0.1122 0.0557 0.2802 -0.0555 0.2269 0.1128 0.4346 0.0240 0.3413 0.1251 0.4516 0.0385 0.3507 0.0865 0.5007 0.0127 0.4335
24: -0.0575 -0.1928 -0.0516 -0.2039 -0.0505 -0.2032 -0.0492 -0.2025 -0.0517 -0.2057 -0.0506 -0.2062 -0.0494 -0.2066 -0.0387 -0.1921 -0.0375 -0.1957 -0.0530 -0.1757 -0.0538 -0.1781 -0.0215 -0.1111 -0.0016 -0.1168 0.0080 -0.0071 0.0312 -0.0323 -0.0481 -0.0173 0.0057 0.0088 -0.0658 -0.0240 0.0008 0.0167 -0.0648 -0.0375 -0.0044 0.0093 -0.0589 -0.0350 -0.0035 0.0070 0.0125 0.1152 0.0108 0.1125 0.0614 0.2787 -0.0569 0.2272 0.1169 0.4350 0.0185 0.3567 0.1312 0.4514 0.0333 0.3677 0.0935 0.5024 0.0013 0.4406
25: -0.0560 -0.1914 -0.0504 -0.2025 -0.0492 -0.2019 -0.0480 -0.2013 -0.0505 -0.2044 -0.0494 -0.2050 -0.0482 -0.2055 -0.0379 -0.1909 -0.0363 -0.1951 -0.0516 -0.1740 -0.0526 -0.1765 -0.0210 -0.1121 -0.0008 -0.1172 0.0080 -0.0134 0.0349 -0.0378 -0.0480 -0.0263 0.0166 0.0148 -0.0652 -0.0347 0.0118 0.0204 -0.0643 -0.0470 0.0071 0.0129 -0.0587 -0.0448 0.0072 0.0106 0.0117 0.1159 0.0102 0.1136 0.0624 0.2718 -0.0580 0.2293 0.1210 0.4356 0.0130 0.3743 0.1382 0.4499 0.0313 0.3921 0.1036 0.5051 -0.0115 0.4534
26: -0.0528 -0.1880 -0.0481 -0.1996 -0.0471 -0.1990 -0.0461 -0.1985 -0.0478 -0.2014 -0.0465 -0.2019 -0.0451 -0.2024 -0.0368 -0.1889 -0.0337 -0.1928 -0.0485 -0.1709 -0.0490 -0.1731 -0.0208 -0.1135 0.0006 -0.1167 0.0073 -0.0190 0.0361 -0.0384 -0.0481 -0.0332 0.0183 0.0175 -0.0645 -0.0426 0.0102 0.0217 -0.0632 -0.0546 0.0054 0.0145 -0.0579 -0.0522 0.0057 0.0124 0.0094 0.1164 0.0107 0.1140 0.0658 0.2673 -0.0578 0.2323 0.1263 0.4341 0.0060 0.3893 0.1429 0.4457 0.0253 0.4076 0.1146 0.5076 -0.0200 0.4597
27: -0.0499 -0.1866 -0.0452 -0.1988 -0.0441 -0.1982 -0.0430 -0.1977 -0.0452 -0.2005 -0.0441 -0.2009 -0.0427 -0.2014 -0.0337 -0.1884 -0.0312 -0.1923 -0.0453 -0.1698 -0.0463 -0.1716 -0.0192 -0.1126 0.0005 -0.1162 0.0100 -0.0232 0.0339 -0.0369 -0.0445 -0.0384 0.0210 0.0180 -0.0606 -0.0497 0.0146 0.0264 -0.0610 -0.0617 0.0105 0.0197 -0.0560 -0.0580 0.0103 0.0170 0.0110 0.1146 0.0075 0.1142 0.0694 0.2655 -0.0580 0.2333 0.1316 0.4294 -0.0049 0.3944 0.1483 0.4412 0.0117 0.4137 0.1243 0.5090 -0.0319 0.4698
28: -0.0489 -0.1859 -0.0445 -0.1988 -0.0434 -0.1984 -0.0424 -0.1980 -0.0447 -0.2002 -0.0437 -0.2006 -0.0424 -0.2011 -0.0335 -0.1891 -0.0307 -0.1922 -0.0443 -0.1694 -0.0454 -0.1708 -0.0193 -0.1135 0.0013 -0.1145 0.0080 -0.0253 0.0345 -0.0393 -0.0439 -0.0476 0.0225 0.0189 -0.0596 -0.0607 0.0178 0.0276 -0.0596 -0.0720 0.0129 0.0241 -0.0546 -0.0685 0.0132 0.0179 0.0143 0.1126 0.0037 0.1155 0.0708 0.2643 -0.0578 0.2348 0.1363 0.4193 -0.0126 0.4056 0.1520 0.4275 0.0030 0.4301 0.1332 0.5053 -0.0471 0.4751
29: -0.0476 -0.1855 -0.0434 -0.1991 -0.0424 -0.1987 -0.0413 -0.1984 -0.0438 -0.2003 -0.0428 -0.2007 -0.0416 -0.2011 -0.0329 -0.1894 -0.0300 -0.1923 -0.0433 -0.1688 -0.0444 -0.1699 -0.0199 -0.1140 0.0016 -0.1131 0.0072 -0.0271 0.0355 -0.0420 -0.0435 -0.0508 0.0207 0.0176 -0.0591 -0.0651 0.0154 0.0269 -0.0564 -0.0759 0.0099 0.0226 -0.0518 -0.0715 0.0101 0.0182 0.0144 0.1120 0.0037 0.1151 0.0734 0.2669 -0.0586 0.2354 0.1430 0.4091 -0.0212 0.4113 0.1572 0.4151 -0.0055 0.4386 0.1420 0.4987 -0.0563 0.4729
30: -0.0472 -0.1849 -0.0432 -0.1991 -0.0422 -0.1988 -0.0414 -0.1986 -0.0433 -0.2000 -0.0422 -0.2003 -0.0409 -0.2006 -0.0332 -0.1902 -0.0295 -0.1923 -0.0432 -0.1685 -0.0437 -0.1693 -0.0208 -0.1159 0.0031 -0.1120 -0.0005 -0.0404 0.0404 -0.0440 -0.0434 -0.0559 0.0257 0.0209 -0.0583 -0.0713 0.0203 0.0313 -0.0534 -0.0805 0.0154 0.0316 -0.0488 -0.0761 0.0164 0.0266 0.0140 0.1124 0.0038 0.1156 0.0720 0.2678 -0.0581 0.2365 0.1480 0.3997 -0.0284 0.4200 0.1631 0.4021 -0.0138 0.4495 0.1490 0.4910 -0.0655 0.4720
31: -0.0468 -0.1844 -0.0430 -0.1989 -0.0421 -0.1987 -0.0412 -0.1985 -0.0431 -0.1997 -0.0420 -0.1999 -0.0407 -0.2002 -0.0331 -0.1902 -0.0295 -0.1921 -0.0429 -0.1682 -0.0433 -0.1688 -0.0211 -0.1166 0.0031 -0.1114 -0.0007 -0.0468 0.0417 -0.0447 -0.0437 -0.0562 0.0279 0.0224 -0.0572 -0.0720 0.0230 0.0401 -0.0515 -0.0807 0.0182 0.0364 -0.0467 -0.0763 0.0192 0.0309 0.0144 0.1119 0.0036 0.1160 0.0695 0.2649 -0.0580 0.2373 0.1505 0.3905 -0.0366 0.4296 0.1671 0.3917 -0.0226 0.4597 0.1548 0.4829 -0.0733 0.4749
32: -0.0470 -0.1843 -0.0432 -0.1991 -0.0423 -0.1989 -0.0414 -0.1988 -0.0433 -0.2000 -0.0422 -0.2002 -0.0410 -0.2005 -0.0333 -0.1905 -0.0293 -0.1921 -0.0431 -0.1680 -0.0436 -0.1686 -0.0216 -0.1174 0.0035 -0.1107 -0.0023 -0.0521 0.0426 -0.0448 -0.0442 -0.0566 0.0279 0.0240 -0.0568 -0.0724 0.0238 0.0431 -0.0511 -0.0811 0.0187 0.0383 -0.0461 -0.0768 0.0195 0.0327 0.0148 0.1113 0.0032 0.1168 0.0665 0.2645 -0.0555 0.2385 0.1536 0.3804 -0.0433 0.4318 0.1722 0.3770 -0.0309 0.4669 0.1614 0.4736 -0.0813 0.4753
33: -0.0469 -0.1850 -0.0429 -0.1999 -0.0420 -0.1996 -0.0411 -0.1994 -0.0431 -0.2008 -0.0420 -0.2010 -0.0408 -0.2012 -0.0331 -0.1908 -0.0291 -0.1925 -0.0430 -0.1685 -0.0436 -0.1691 -0.0218 -0.1176 0.0038 -0.1110 -0.0034 -0.0537 0.0472 -0.0481 -0.0438 -0.0548 0.0291 0.0244 -0.0561 -0.0695 0.0259 0.0440 -0.0510 -0.0787 0.0206 0.0387 -0.0461 -0.0746 0.0212 0.0331 0.0149 0.1119 0.0033 0.1168 0.0653 0.2637 -0.0526 0.2393 0.1564 0.3684 -0.0466 0.4338 0.1754 0.3612 -0.0354 0.4703 0.1683 0.4585 -0.0873 0.4744
34: -0.0467 -0.1854 -0.0427 -0.2001 -0.0418 -0.1998 -0.0410 -0.1995 -0.0429 -0.2011 -0.0418 -0.2013 -0.0407 -0.2016 -0.0329 -0.1907 -0.0289 -0.1927 -0.0430 -0.1688 -0.0436 -0.1694 -0.0220 -0.1171 0.0038 -0.1118 -0.0023 -0.0482 0.0493 -0.0491 -0.0439 -0.0519 0.0295 0.0249 -0.0559 -0.0669 0.0259 0.0442 -0.0516 -0.0760 0.0205 0.0389 -0.0467 -0.0720 0.0214 0.0335 0.0149 0.1123 0.0035 0.1167 0.0648 0.2630 -0.0490 0.2434 0.1596 0.3567 -0.0498 0.4419 0.1772 0.3475 -0.0406 0.4783 0.1755 0.4415 -0.0948 0.4747
35: -0.0465 -0.1854 -0.0426 -0.2001 -0.0417 -0.1998 -0.0408 -0.1995 -0.0428 -0.2011 -0.0418 -0.2014 -0.0407 -0.2017 -0.0329 -0.1908 -0.0290 -0.1926 -0.0428 -0.1688 -0.0436 -0.1693 -0.0222 -0.1168 0.0037 -0.1123 -0.0023 -0.0468 0.0497 -0.0486 -0.0440 -0.0487 0.0288 0.0230 -0.0561 -0.0629 0.0248 0.0399 -0.0519 -0.0723 0.0200 0.0375 -0.0473 -0.0685 0.0203 0.0291 0.0147 0.1125 0.0037 0.1166 0.0644 0.2638 -0.0471 0.2486 0.1624 0.3436 -0.0531 0.4474 0.1790 0.3309 -0.0438 0.4831 0.1783 0.4270 -0.0996 0.4738
36: -0.0460 -0.1851 -0.0423 -0.1998 -0.0414 -0.1994 -0.0406 -0.1991 -0.0425 -0.2008 -0.0415 -0.2011 -0.0404 -0.2014 -0.0329 -0.1899 -0.0290 -0.1924 -0.0425 -0.1685 -0.0432 -0.1691 -0.0226 -0.1164 0.0038 -0.1129 -0.0008 -0.0376 0.0501 -0.0477 -0.0461 -0.0484 0.0290 0.0222 -0.0592 -0.0622 0.0250 0.0369 -0.0562 -0.0719 0.0208 0.0362 -0.0512 -0.0680 0.0212 0.0291 0.0130 0.1128 0.0060 0.1165 0.0623 0.2645 -0.0449 0.2514 0.1623 0.3312 -0.0568 0.4498 0.1790 0.3128 -0.0477 0.4878 0.1830 0.4135 -0.1036 0.4731
37: -0.0462 -0.1871 -0.0424 -0.2017 -0.0415 -0.2012 -0.0406 -0.2008 -0.0426 -0.2028 -0.0416 -0.2030 -0.0406 -0.2033 -0.0328 -0.1910 -0.0291 -0.1944 -0.0426 -0.1704 -0.0434 -0.1710 -0.0226 -0.1164 0.0035 -0.1151 0.0028 -0.0274 0.0497 -0.0489 -0.0463 -0.0403 0.0297 0.0204 -0.0605 -0.0524 0.0261 0.0355 -0.0586 -0.0641 0.0217 0.0342 -0.0534 -0.0608 0.0223 0.0275 0.0099 0.1161 0.0092 0.1155 0.0590 0.2654 -0.0417 0.2543 0.1627 0.3178 -0.0591 0.4503 0.1784 0.2978 -0.0507 0.4881 0.1867 0.3959 -0.1047 0.4708
38: -0.0463 -0.1883 -0.0424 -0.2025 -0.0415 -0.2020 -0.0407 -0.2015 -0.0426 -0.2038 -0.0417 -0.2040 -0.0406 -0.2044 -0.0327 -0.1913 -0.0291 -0.1952 -0.0427 -0.1713 -0.0435 -0.1720 -0.0223 -0.1174 0.0034 -0.1163 0.0067 -0.0251 0.0485 -0.0458 -0.0473 -0.0306 0.0292 0.0192 -0.0621 -0.0419 0.0261 0.0341 -0.0607 -0.0539 0.0210 0.0313 -0.0556 -0.0503 0.0214 0.0260 0.0085 0.1181 0.0106 0.1155 0.0551 0.2691 -0.0402 0.2572 0.1623 0.3048 -0.0597 0.4525 0.1777 0.2831 -0.0513 0.4900 0.1906 0.3761 -0.1047 0.4706
39: -0.0465 -0.1890 -0.0427 -0.2029 -0.0418 -0.2022 -0.0410 -0.2017 -0.0426 -0.2042 -0.0415 -0.2045 -0.0403 -0.2048 -0.0330 -0.1911 -0.0290 -0.1955 -0.0428 -0.1716 -0.0432 -0.1725 -0.0225 -0.1167 0.0034 -0.1178 0.0067 -0.0195 0.0474 -0.0433 -0.0477 -0.0211 0.0281 0.0182 -0.0626 -0.0307 0.0296 0.0378 -0.0613 -0.0414 0.0238 0.0337 -0.0562 -0.0388 0.0237 0.0289 0.0084 0.1192 0.0106 0.1153 0.0520 0.2734 -0.0390 0.2617 0.1600 0.2911 -0.0596 0.4529 0.1752 0.2716 -0.0508 0.4920 0.1913 0.3617 -0.1039 0.4723
40: -0.0461 -0.1887 -0.0425 -0.2025 -0.0417 -0.2018 -0.0410 -0.2011 -0.0421 -0.2039 -0.0409 -0.2042 -0.0396 -0.2045 -0.0329 -0.1901 -0.0284 -0.1950 -0.0424 -0.1707 -0.0425 -0.1716 -0.0225 -0.1169 0.0039 -0.1190 0.0066 -0.0212 0.0487 -0.0432 -0.0482 -0.0115 0.0308 0.0268 -0.0638 -0.0157 0.0298 0.0464 -0.0630 -0.0270 0.0245 0.0398 -0.0578 -0.0264 0.0250 0.0358 0.0085 0.1198 0.0102 0.1161 0.0492 0.2771 -0.0380 0.2620 0.1585 0.2768 -0.0577 0.4549 0.1745 0.2550 -0.0486 0.4929 0.1909 0.3480 -0.1028 0.4753
