1: 0.0404 -0.1819 0.0382 -0.2010 0.0370 -0.2022 0.0356 -0.2036 0.0390 -0.2014 0.0383 -0.2027 0.0375 -0.2041 0.0238 -0.2053 0.0265 -0.2034 0.0340 -0.1693 0.0341 -0.1703 -0.0064 -0.1255 0.0035 -0.1310 0.0117 -0.0111 0.0152 -0.0042 0.0543 -0.0307 0.0590 -0.0299 0.0687 -0.0296 0.0738 -0.0285 0.0690 -0.0383 0.0728 -0.0391 0.0622 -0.0382 0.0666 -0.0396 0.0002 0.1279 0.0026 0.1287 0.0376 0.3024 -0.0175 0.3147 0.0590 0.4795 -0.0491 0.4941 0.0516 0.5132 -0.0632 0.5245 0.1087 0.4997 0.0001 0.5357
2: 0.0406 -0.1828 0.0384 -0.2016 0.0372 -0.2029 0.0359 -0.2043 0.0391 -0.2019 0.0384 -0.2033 0.0376 -0.2047 0.0240 -0.2065 0.0266 -0.2049 0.0342 -0.1695 0.0344 -0.1706 -0.0057 -0.1267 0.0034 -0.1311 0.0121 -0.0137 0.0165 -0.0048 0.0549 -0.0328 0.0591 -0.0297 0.0688 -0.0323 0.0735 -0.0280 0.0688 -0.0404 0.0723 -0.0393 0.0621 -0.0403 0.0662 -0.0397 0.0007 0.1282 0.0017 0.1298 0.0383 0.3007 -0.0236 0.3170 0.0730 0.4770 -0.0574 0.4921 0.0657 0.5157 -0.0747 0.5246 0.1231 0.4871 -0.0095 0.5336
3: 0.0403 -0.1841 0.0381 -0.2024 0.0369 -0.2038 0.0356 -0.2052 0.0388 -0.2027 0.0381 -0.2040 0.0373 -0.2055 0.0238 -0.2076 0.0263 -0.2065 0.0339 -0.1704 0.0341 -0.1716 -0.0048 -0.1272 0.0031 -0.1311 0.0128 -0.0176 0.0169 -0.0023 0.0561 -0.0353 0.0591 -0.0294 0.0699 -0.0356 0.0733 -0.0283 0.0691 -0.0437 0.0720 -0.0403 0.0628 -0.0434 0.0658 -0.0403 0.0006 0.1279 0.0010 0.1303 0.0380 0.2976 -0.0292 0.3148 0.0817 0.4728 -0.0683 0.4868 0.0763 0.5130 -0.0837 0.5203 0.1331 0.4732 -0.0196 0.5289
4: 0.0396 -0.1848 0.0374 -0.2029 0.0362 -0.2042 0.0349 -0.2058 0.0380 -0.2032 0.0374 -0.2047 0.0365 -0.2063 0.0232 -0.2086 0.0256 -0.2079 0.0332 -0.1709 0.0334 -0.1723 -0.0045 -0.1276 0.0025 -0.1313 0.0132 -0.0199 0.0183 -0.0022 0.0570 -0.0376 0.0586 -0.0326 0.0715 -0.0391 0.0728 -0.0319 0.0699 -0.0475 0.0713 -0.0440 0.0637 -0.0467 0.0649 -0.0439 0.0016 0.1278 0.0003 0.1309 0.0410 0.2955 -0.0324 0.3107 0.0798 0.4697 -0.0780 0.4800 0.0729 0.5136 -0.0922 0.5134 0.1307 0.4697 -0.0307 0.5245
5: 0.0378 -0.1851 0.0357 -0.2026 0.0345 -0.2040 0.0332 -0.2055 0.0362 -0.2031 0.0356 -0.2045 0.0347 -0.2062 0.0216 -0.2084 0.0238 -0.2080 0.0314 -0.1712 0.0316 -0.1726 -0.0051 -0.1278 0.0010 -0.1326 0.0118 -0.0192 0.0184 -0.0036 0.0559 -0.0383 0.0585 -0.0327 0.0706 -0.0414 0.0726 -0.0322 0.0699 -0.0496 0.0707 -0.0451 0.0634 -0.0484 0.0641 -0.0449 0.0056 0.1289 -0.0017 0.1314 0.0442 0.2944 -0.0348 0.3092 0.0747 0.4722 -0.0889 0.4734 0.0674 0.5143 -0.1055 0.5056 0.1258 0.4845 -0.0428 0.5227
6: 0.0367 -0.1849 0.0345 -0.2025 0.0333 -0.2038 0.0320 -0.2053 0.0349 -0.2029 0.0341 -0.2043 0.0332 -0.2058 0.0204 -0.2078 0.0221 -0.2072 0.0305 -0.1707 0.0305 -0.1720 -0.0063 -0.1281 -0.0005 -0.1330 0.0114 -0.0190 0.0162 -0.0018 0.0553 -0.0368 0.0571 -0.0319 0.0713 -0.0397 0.0711 -0.0312 0.0695 -0.0474 0.0693 -0.0439 0.0630 -0.0466 0.0626 -0.0437 0.0086 0.1292 -0.0020 0.1320 0.0446 0.2939 -0.0360 0.3089 0.0714 0.4776 -0.0989 0.4672 0.0606 0.5156 -0.1171 0.4912 0.1225 0.4994 -0.0578 0.5226
7: 0.0359 -0.1843 0.0338 -0.2020 0.0328 -0.2032 0.0315 -0.2045 0.0339 -0.2025 0.0330 -0.2038 0.0319 -0.2053 0.0200 -0.2068 0.0205 -0.2062 0.0300 -0.1703 0.0296 -0.1715 -0.0071 -0.1279 -0.0017 -0.1328 0.0090 -0.0172 0.0138 -0.0013 0.0531 -0.0345 0.0568 -0.0304 0.0687 -0.0358 0.0707 -0.0287 0.0673 -0.0450 0.0693 -0.0419 0.0614 -0.0446 0.0626 -0.0421 0.0113 0.1291 -0.0023 0.1318 0.0442 0.2943 -0.0328 0.3099 0.0564 0.4790 -0.1027 0.4592 0.0436 0.5175 -0.1230 0.4745 0.1089 0.5104 -0.0695 0.5236
8: 0.0361 -0.1836 0.0341 -0.2014 0.0331 -0.2026 0.0319 -0.2039 0.0340 -0.2019 0.0331 -0.2032 0.0320 -0.2047 0.0204 -0.2061 0.0204 -0.2055 0.0306 -0.1697 0.0300 -0.1709 -0.0069 -0.1272 -0.0015 -0.1321 0.0084 -0.0170 0.0132 -0.0009 0.0548 -0.0337 0.0570 -0.0298 0.0714 -0.0337 0.0709 -0.0276 0.0691 -0.0434 0.0700 -0.0409 0.0629 -0.0435 0.0634 -0.0413 0.0091 0.1277 -0.0006 0.1317 0.0426 0.2929 -0.0139 0.3101 0.0437 0.4798 -0.0996 0.4409 0.0312 0.5193 -0.1215 0.4469 0.0974 0.5131 -0.0811 0.5244
9: 0.0367 -0.1808 0.0347 -0.1986 0.0338 -0.1998 0.0325 -0.2011 0.0347 -0.1992 0.0338 -0.2005 0.0326 -0.2020 0.0210 -0.2034 0.0211 -0.2027 0.0314 -0.1670 0.0308 -0.1682 -0.0064 -0.1243 -0.0015 -0.1315 0.0089 -0.0142 0.0138 -0.0075 0.0574 -0.0306 0.0582 -0.0270 0.0727 -0.0300 0.0718 -0.0250 0.0704 -0.0405 0.0710 -0.0382 0.0647 -0.0406 0.0648 -0.0385 0.0072 0.1268 0.0006 0.1292 0.0348 0.2959 0.0073 0.3105 0.0343 0.4829 -0.0967 0.4307 0.0233 0.5215 -0.1150 0.4280 0.0861 0.5154 -0.0854 0.5259
10: 0.0367 -0.1794 0.0347 -0.1973 0.0338 -0.1985 0.0325 -0.1999 0.0347 -0.1979 0.0338 -0.1992 0.0327 -0.2007 0.0210 -0.2021 0.0212 -0.2014 0.0315 -0.1657 0.0309 -0.1669 -0.0056 -0.1233 -0.0018 -0.1318 0.0097 -0.0161 0.0131 -0.0134 0.0587 -0.0292 0.0582 -0.0277 0.0735 -0.0285 0.0718 -0.0244 0.0710 -0.0391 0.0710 -0.0373 0.0654 -0.0391 0.0650 -0.0380 0.0063 0.1274 0.0010 0.1278 0.0292 0.3010 0.0198 0.3104 0.0242 0.4843 -0.0821 0.4178 0.0119 0.5225 -0.1030 0.4171 0.0712 0.5178 -0.0735 0.5214
11: 0.0373 -0.1776 0.0354 -0.1958 0.0344 -0.1970 0.0331 -0.1984 0.0354 -0.1963 0.0345 -0.1976 0.0334 -0.1991 0.0215 -0.2010 0.0219 -0.2000 0.0321 -0.1642 0.0315 -0.1652 -0.0054 -0.1222 -0.0015 -0.1308 0.0100 -0.0141 0.0126 -0.0140 0.0583 -0.0274 0.0585 -0.0295 0.0732 -0.0266 0.0721 -0.0257 0.0709 -0.0379 0.0712 -0.0384 0.0654 -0.0381 0.0651 -0.0394 0.0045 0.1268 0.0024 0.1261 0.0252 0.3028 0.0260 0.3070 0.0141 0.4861 -0.0634 0.4174 0.0001 0.5243 -0.0852 0.4216 0.0612 0.5208 -0.0654 0.5190
12: 0.0380 -0.1766 0.0361 -0.1948 0.0351 -0.1960 0.0339 -0.1975 0.0361 -0.1954 0.0353 -0.1968 0.0342 -0.1983 0.0222 -0.2006 0.0227 -0.1995 0.0327 -0.1638 0.0322 -0.1646 -0.0048 -0.1216 -0.0009 -0.1304 0.0099 -0.0138 0.0113 -0.0183 0.0589 -0.0263 0.0579 -0.0322 0.0736 -0.0253 0.0726 -0.0287 0.0714 -0.0375 0.0715 -0.0413 0.0658 -0.0379 0.0656 -0.0424 0.0020 0.1265 0.0037 0.1254 0.0220 0.3024 0.0303 0.3012 0.0021 0.4849 -0.0459 0.4226 -0.0069 0.5228 -0.0729 0.4324 0.0504 0.5215 -0.0368 0.5102
13: 0.0392 -0.1778 0.0372 -0.1961 0.0362 -0.1973 0.0350 -0.1988 0.0373 -0.1965 0.0364 -0.1977 0.0353 -0.1991 0.0233 -0.2015 0.0238 -0.2001 0.0338 -0.1649 0.0334 -0.1656 -0.0038 -0.1217 -0.0001 -0.1297 0.0113 -0.0181 0.0102 -0.0202 0.0598 -0.0293 0.0574 -0.0359 0.0743 -0.0270 0.0722 -0.0331 0.0723 -0.0395 0.0717 -0.0447 0.0668 -0.0401 0.0657 -0.0456 -0.0013 0.1259 0.0050 0.1255 0.0133 0.3020 0.0360 0.2955 -0.0119 0.4790 -0.0240 0.4316 -0.0239 0.5095 -0.0462 0.4391 0.0279 0.5210 -0.0006 0.5138
14: 0.0399 -0.1789 0.0379 -0.1973 0.0369 -0.1985 0.0357 -0.1999 0.0380 -0.1975 0.0371 -0.1986 0.0360 -0.1999 0.0240 -0.2026 0.0245 -0.2009 0.0345 -0.1661 0.0341 -0.1667 -0.0031 -0.1218 0.0006 -0.1290 0.0129 -0.0234 0.0117 -0.0199 0.0612 -0.0330 0.0567 -0.0366 0.0749 -0.0323 0.0710 -0.0354 0.0730 -0.0428 0.0706 -0.0471 0.0675 -0.0429 0.0645 -0.0472 -0.0044 0.1256 0.0070 0.1253 0.0062 0.3023 0.0458 0.2901 -0.0129 0.4779 -0.0020 0.4534 -0.0286 0.5107 -0.0188 0.4779 0.0316 0.5226 0.0343 0.5146
15: 0.0408 -0.1799 0.0388 -0.1983 0.0377 -0.1996 0.0364 -0.2011 0.0389 -0.1984 0.0380 -0.1994 0.0369 -0.2006 0.0247 -0.2037 0.0254 -0.2015 0.0354 -0.1670 0.0350 -0.1675 -0.0041 -0.1222 0.0017 -0.1279 0.0138 -0.0292 0.0210 -0.0189 0.0617 -0.0348 0.0573 -0.0377 0.0755 -0.0354 0.0717 -0.0378 0.0739 -0.0451 0.0704 -0.0489 0.0682 -0.0448 0.0648 -0.0486 -0.0064 0.1251 0.0086 0.1252 -0.0035 0.3019 0.0491 0.2883 -0.0210 0.4779 0.0180 0.4671 -0.0321 0.5115 0.0047 0.4950 0.0167 0.5221 0.0623 0.5146
16: 0.0415 -0.1809 0.0394 -0.1994 0.0383 -0.2008 0.0370 -0.2024 0.0395 -0.1995 0.0387 -0.2005 0.0376 -0.2017 0.0251 -0.2049 0.0260 -0.2025 0.0360 -0.1680 0.0357 -0.1684 -0.0049 -0.1230 0.0023 -0.1267 0.0153 -0.0370 0.0227 -0.0238 0.0622 -0.0369 0.0579 -0.0382 0.0759 -0.0382 0.0723 -0.0387 0.0745 -0.0474 0.0708 -0.0494 0.0687 -0.0466 0.0650 -0.0492 -0.0066 0.1243 0.0090 0.1255 -0.0103 0.3019 0.0464 0.2885 -0.0347 0.4807 0.0432 0.4748 -0.0465 0.5136 0.0328 0.5097 0.0057 0.5206 0.0958 0.5112
17: 0.0416 -0.1829 0.0395 -0.2013 0.0384 -0.2026 0.0371 -0.2042 0.0396 -0.2013 0.0388 -0.2023 0.0377 -0.2034 0.0251 -0.2069 0.0260 -0.2043 0.0362 -0.1699 0.0358 -0.1703 -0.0047 -0.1246 0.0021 -0.1263 0.0166 -0.0384 0.0231 -0.0226 0.0628 -0.0391 0.0549 -0.0399 0.0770 -0.0404 0.0699 -0.0405 0.0753 -0.0494 0.0680 -0.0513 0.0695 -0.0487 0.0613 -0.0511 -0.0062 0.1232 0.0089 0.1275 -0.0171 0.3004 0.0440 0.2879 -0.0441 0.4801 0.0641 0.4761 -0.0575 0.5131 0.0555 0.5127 0.0033 0.5181 0.1170 0.4992
18: 0.0421 -0.1845 0.0400 -0.2028 0.0389 -0.2041 0.0375 -0.2057 0.0402 -0.2027 0.0394 -0.2036 0.0383 -0.2047 0.0254 -0.2088 0.0266 -0.2058 0.0367 -0.1715 0.0364 -0.1718 -0.0045 -0.1258 0.0030 -0.1261 0.0171 -0.0399 0.0300 -0.0227 0.0634 -0.0420 0.0559 -0.0409 0.0777 -0.0431 0.0707 -0.0407 0.0760 -0.0522 0.0688 -0.0511 0.0701 -0.0515 0.0623 -0.0510 -0.0061 0.1236 0.0077 0.1282 -0.0246 0.3011 0.0431 0.2857 -0.0534 0.4780 0.0814 0.4713 -0.0670 0.5102 0.0753 0.5120 -0.0060 0.5156 0.1333 0.4794
19: 0.0420 -0.1865 0.0399 -0.2047 0.0389 -0.2060 0.0377 -0.2075 0.0398 -0.2044 0.0389 -0.2053 0.0378 -0.2064 0.0257 -0.2107 0.0261 -0.2076 0.0369 -0.1732 0.0364 -0.1736 -0.0041 -0.1264 0.0034 -0.1267 0.0175 -0.0402 0.0301 -0.0217 0.0640 -0.0462 0.0563 -0.0397 0.0785 -0.0470 0.0711 -0.0395 0.0769 -0.0563 0.0692 -0.0502 0.0710 -0.0555 0.0618 -0.0493 -0.0064 0.1242 0.0072 0.1292 -0.0290 0.2978 0.0431 0.2857 -0.0634 0.4738 0.0864 0.4668 -0.0761 0.5060 0.0805 0.5111 -0.0155 0.5114 0.1389 0.4698
20: 0.0417 -0.1883 0.0395 -0.2066 0.0386 -0.2078 0.0373 -0.2092 0.0392 -0.2063 0.0381 -0.2072 0.0369 -0.2082 0.0255 -0.2115 0.0250 -0.2091 0.0366 -0.1748 0.0361 -0.1752 -0.0035 -0.1279 0.0030 -0.1266 0.0171 -0.0410 0.0186 -0.0110 0.0637 -0.0493 0.0553 -0.0414 0.0789 -0.0500 0.0708 -0.0414 0.0770 -0.0589 0.0688 -0.0532 0.0708 -0.0582 0.0612 -0.0524 -0.0064 0.1245 0.0066 0.1299 -0.0320 0.2947 0.0447 0.2852 -0.0731 0.4695 0.0789 0.4670 -0.0862 0.5011 0.0719 0.5091 -0.0284 0.5127 0.1314 0.4725
21: 0.0414 -0.1873 0.0393 -0.2054 0.0384 -0.2066 0.0372 -0.2080 0.0390 -0.2054 0.0379 -0.2064 0.0367 -0.2075 0.0253 -0.2103 0.0249 -0.2080 0.0363 -0.1739 0.0358 -0.1742 -0.0037 -0.1282 0.0035 -0.1261 0.0167 -0.0411 0.0158 -0.0061 0.0641 -0.0505 0.0557 -0.0385 0.0793 -0.0511 0.0715 -0.0391 0.0776 -0.0597 0.0690 -0.0518 0.0717 -0.0590 0.0619 -0.0513 -0.0063 0.1246 0.0065 0.1298 -0.0328 0.2944 0.0447 0.2900 -0.0827 0.4663 0.0727 0.4735 -0.0978 0.4965 0.0644 0.5110 -0.0403 0.5136 0.1258 0.4733
22: 0.0409 -0.1874 0.0387 -0.2057 0.0378 -0.2068 0.0366 -0.2082 0.0386 -0.2057 0.0377 -0.2067 0.0366 -0.2079 0.0243 -0.2107 0.0249 -0.2085 0.0355 -0.1744 0.0350 -0.1746 -0.0042 -0.1293 0.0031 -0.1270 0.0173 -0.0423 0.0146 -0.0051 0.0649 -0.0515 0.0542 -0.0331 0.0811 -0.0521 0.0698 -0.0334 0.0785 -0.0599 0.0675 -0.0478 0.0728 -0.0596 0.0604 -0.0475 -0.0064 0.1252 0.0076 0.1311 -0.0313 0.2928 0.0434 0.2904 -0.0912 0.4607 0.0634 0.4722 -0.1068 0.4849 0.0538 0.5099 -0.0514 0.5117 0.1154 0.4847
23: 0.0412 -0.1870 0.0385 -0.2050 0.0374 -0.2063 0.0361 -0.2077 0.0388 -0.2051 0.0380 -0.2061 0.0370 -0.2072 0.0235 -0.2104 0.0249 -0.2081 0.0353 -0.1739 0.0351 -0.1742 -0.0057 -0.1289 0.0028 -0.1269 0.0170 -0.0419 0.0214 -0.0065 0.0631 -0.0507 0.0589 -0.0318 0.0788 -0.0514 0.0735 -0.0330 0.0768 -0.0588 0.0718 -0.0462 0.0712 -0.0584 0.0650 -0.0459 -0.0045 0.1251 0.0076 0.1308 -0.0284 0.2932 0.0409 0.2910 -0.0965 0.4503 0.0547 0.4738 -0.1138 0.4689 0.0444 0.5119 -0.0640 0.5123 0.1067 0.5004
24: 0.0418 -0.1869 0.0389 -0.2056 0.0376 -0.2067 0.0363 -0.2079 0.0394 -0.2058 0.0386 -0.2068 0.0376 -0.2079 0.0236 -0.2096 0.0253 -0.2080 0.0356 -0.1738 0.0356 -0.1745 -0.0062 -0.1288 0.0030 -0.1264 0.0156 -0.0403 0.0200 -0.0072 0.0616 -0.0488 0.0601 -0.0315 0.0771 -0.0498 0.0746 -0.0326 0.0756 -0.0566 0.0723 -0.0455 0.0699 -0.0563 0.0660 -0.0452 -0.0042 0.1237 0.0074 0.1315 -0.0215 0.2945 0.0388 0.2930 -0.0933 0.4327 0.0515 0.4763 -0.1121 0.4440 0.0429 0.5134 -0.0718 0.5125 0.0993 0.5061
25: 0.0421 -0.1856 0.0393 -0.2045 0.0380 -0.2055 0.0366 -0.2066 0.0397 -0.2048 0.0389 -0.2058 0.0379 -0.2070 0.0238 -0.2081 0.0256 -0.2069 0.0358 -0.1725 0.0358 -0.1735 -0.0064 -0.1266 0.0039 -0.1246 0.0150 -0.0363 0.0204 -0.0057 0.0613 -0.0461 0.0619 -0.0296 0.0762 -0.0472 0.0771 -0.0306 0.0753 -0.0540 0.0741 -0.0435 0.0694 -0.0537 0.0684 -0.0429 -0.0046 0.1224 0.0071 0.1287 -0.0054 0.2972 0.0305 0.2999 -0.0877 0.4200 0.0398 0.4823 -0.1065 0.4224 0.0290 0.5163 -0.0796 0.5084 0.0909 0.5121
26: 0.0417 -0.1831 0.0389 -0.2018 0.0377 -0.2028 0.0364 -0.2038 0.0393 -0.2023 0.0386 -0.2034 0.0377 -0.2046 0.0238 -0.2048 0.0255 -0.2043 0.0354 -0.1700 0.0354 -0.1713 -0.0064 -0.1245 0.0038 -0.1258 0.0146 -0.0326 0.0218 -0.0141 0.0607 -0.0415 0.0634 -0.0289 0.0756 -0.0421 0.0777 -0.0290 0.0750 -0.0494 0.0750 -0.0402 0.0688 -0.0491 0.0699 -0.0400 -0.0038 0.1234 0.0064 0.1271 0.0051 0.3018 0.0242 0.3052 -0.0821 0.4147 0.0273 0.4877 -0.1001 0.4182 0.0144 0.5228 -0.0718 0.5060 0.0777 0.5179
27: 0.0412 -0.1817 0.0385 -0.2004 0.0373 -0.2013 0.0361 -0.2022 0.0389 -0.2010 0.0381 -0.2021 0.0372 -0.2033 0.0237 -0.2032 0.0250 -0.2031 0.0350 -0.1690 0.0350 -0.1703 -0.0064 -0.1237 0.0032 -0.1264 0.0146 -0.0297 0.0208 -0.0104 0.0602 -0.0388 0.0622 -0.0306 0.0751 -0.0392 0.0765 -0.0295 0.0750 -0.0464 0.0747 -0.0407 0.0684 -0.0464 0.0692 -0.0408 -0.0030 0.1230 0.0061 0.1271 0.0064 0.3012 0.0219 0.3081 -0.0729 0.4139 0.0165 0.4914 -0.0936 0.4211 -0.0012 0.5283 -0.0601 0.5002 0.0642 0.5226
28: 0.0411 -0.1816 0.0385 -0.2001 0.0373 -0.2010 0.0361 -0.2020 0.0389 -0.2007 0.0381 -0.2017 0.0372 -0.2029 0.0237 -0.2031 0.0250 -0.2031 0.0349 -0.1691 0.0348 -0.1704 -0.0062 -0.1239 0.0031 -0.1280 0.0136 -0.0272 0.0203 -0.0103 0.0593 -0.0363 0.0616 -0.0335 0.0739 -0.0365 0.0759 -0.0312 0.0743 -0.0439 0.0741 -0.0425 0.0671 -0.0439 0.0686 -0.0431 -0.0027 0.1235 0.0060 0.1283 0.0075 0.3001 0.0212 0.3112 -0.0588 0.4197 0.0031 0.4946 -0.0810 0.4280 -0.0124 0.5299 -0.0445 0.4936 0.0529 0.5243
29: 0.0409 -0.1807 0.0384 -0.1992 0.0372 -0.2001 0.0360 -0.2011 0.0388 -0.1998 0.0381 -0.2009 0.0371 -0.2021 0.0236 -0.2028 0.0250 -0.2029 0.0348 -0.1684 0.0347 -0.1699 -0.0062 -0.1244 0.0023 -0.1305 0.0123 -0.0250 0.0200 -0.0134 0.0559 -0.0343 0.0611 -0.0354 0.0718 -0.0338 0.0754 -0.0325 0.0708 -0.0422 0.0738 -0.0439 0.0648 -0.0424 0.0680 -0.0451 -0.0014 0.1253 0.0053 0.1294 0.0131 0.2986 0.0169 0.3160 -0.0426 0.4272 -0.0088 0.4964 -0.0690 0.4360 -0.0204 0.5310 -0.0293 0.4731 0.0400 0.5262
30: 0.0408 -0.1807 0.0383 -0.1993 0.0372 -0.2002 0.0360 -0.2012 0.0387 -0.1998 0.0380 -0.2009 0.0370 -0.2021 0.0236 -0.2031 0.0249 -0.2031 0.0347 -0.1684 0.0347 -0.1700 -0.0061 -0.1255 0.0013 -0.1312 0.0122 -0.0240 0.0193 -0.0117 0.0558 -0.0348 0.0603 -0.0353 0.0717 -0.0337 0.0754 -0.0321 0.0709 -0.0432 0.0735 -0.0439 0.0644 -0.0438 0.0678 -0.0454 0.0043 0.1267 0.0005 0.1302 0.0325 0.2933 0.0073 0.3168 -0.0213 0.4332 -0.0159 0.4950 -0.0387 0.4453 -0.0297 0.5311 -0.0113 0.4754 0.0309 0.5274
31: 0.0412 -0.1793 0.0386 -0.1980 0.0374 -0.1990 0.0361 -0.2000 0.0391 -0.1985 0.0384 -0.1995 0.0375 -0.2007 0.0239 -0.2020 0.0254 -0.2016 0.0350 -0.1672 0.0351 -0.1686 -0.0059 -0.1250 0.0016 -0.1305 0.0119 -0.0212 0.0173 -0.0097 0.0555 -0.0340 0.0595 -0.0330 0.0710 -0.0325 0.0756 -0.0298 0.0709 -0.0424 0.0738 -0.0419 0.0636 -0.0426 0.0677 -0.0435 0.0044 0.1266 0.0001 0.1291 0.0219 0.2963 -0.0018 0.3153 -0.0036 0.4619 -0.0190 0.4909 -0.0146 0.4896 -0.0303 0.5267 0.0353 0.5000 0.0321 0.5288
32: 0.0425 -0.1789 0.0399 -0.1977 0.0387 -0.1987 0.0373 -0.1999 0.0406 -0.1981 0.0400 -0.1992 0.0390 -0.2004 0.0251 -0.2020 0.0269 -0.2012 0.0362 -0.1669 0.0366 -0.1681 -0.0062 -0.1263 0.0032 -0.1304 0.0093 -0.0186 0.0177 -0.0088 0.0520 -0.0334 0.0603 -0.0321 0.0662 -0.0319 0.0763 -0.0291 0.0675 -0.0418 0.0752 -0.0412 0.0594 -0.0421 0.0683 -0.0426 0.0013 0.1271 0.0018 0.1298 0.0212 0.2978 0.0028 0.3150 0.0143 0.4765 -0.0238 0.4918 -0.0024 0.5169 -0.0377 0.5272 0.0426 0.5127 0.0266 0.5271
33: 0.0425 -0.1787 0.0400 -0.1977 0.0388 -0.1988 0.0374 -0.2000 0.0407 -0.1981 0.0401 -0.1992 0.0392 -0.2003 0.0252 -0.2022 0.0271 -0.2011 0.0363 -0.1666 0.0366 -0.1677 -0.0065 -0.1264 0.0034 -0.1302 0.0099 -0.0178 0.0179 -0.0087 0.0513 -0.0336 0.0601 -0.0318 0.0664 -0.0322 0.0758 -0.0290 0.0667 -0.0420 0.0747 -0.0413 0.0590 -0.0423 0.0674 -0.0428 0.0013 0.1270 0.0017 0.1297 0.0310 0.2979 -0.0157 0.3176 0.0500 0.4759 -0.0448 0.4928 0.0403 0.5137 -0.0603 0.5287 0.0954 0.5079 0.0103 0.5249
34: 0.0428 -0.1806 0.0403 -0.2000 0.0391 -0.2011 0.0377 -0.2025 0.0410 -0.2003 0.0404 -0.2015 0.0394 -0.2027 0.0254 -0.2045 0.0274 -0.2028 0.0366 -0.1681 0.0369 -0.1687 -0.0062 -0.1288 0.0037 -0.1333 0.0116 -0.0175 0.0182 -0.0112 0.0522 -0.0364 0.0602 -0.0338 0.0673 -0.0357 0.0757 -0.0315 0.0673 -0.0452 0.0746 -0.0443 0.0599 -0.0453 0.0672 -0.0454 0.0015 0.1300 0.0009 0.1321 0.0374 0.2956 -0.0252 0.3176 0.0721 0.4737 -0.0552 0.4897 0.0637 0.5146 -0.0708 0.5261 0.1202 0.4893 -0.0046 0.5268
35: 0.0423 -0.1826 0.0401 -0.2018 0.0389 -0.2030 0.0375 -0.2044 0.0407 -0.2022 0.0401 -0.2034 0.0392 -0.2047 0.0254 -0.2068 0.0274 -0.2050 0.0363 -0.1701 0.0366 -0.1704 -0.0061 -0.1313 0.0037 -0.1363 0.0131 -0.0201 0.0185 -0.0141 0.0542 -0.0408 0.0596 -0.0358 0.0683 -0.0406 0.0749 -0.0339 0.0687 -0.0497 0.0740 -0.0464 0.0618 -0.0496 0.0662 -0.0470 0.0014 0.1324 0.0009 0.1352 0.0373 0.2979 -0.0281 0.3148 0.0796 0.4671 -0.0651 0.4842 0.0735 0.5104 -0.0790 0.5196 0.1282 0.4732 -0.0148 0.5225
36: 0.0422 -0.1844 0.0399 -0.2033 0.0387 -0.2046 0.0373 -0.2060 0.0406 -0.2037 0.0399 -0.2049 0.0390 -0.2062 0.0253 -0.2087 0.0273 -0.2069 0.0362 -0.1717 0.0364 -0.1720 -0.0062 -0.1324 0.0039 -0.1381 0.0137 -0.0230 0.0196 -0.0137 0.0557 -0.0457 0.0595 -0.0370 0.0697 -0.0459 0.0748 -0.0357 0.0699 -0.0550 0.0738 -0.0494 0.0630 -0.0545 0.0659 -0.0494 0.0013 0.1338 0.0010 0.1367 0.0329 0.2946 -0.0295 0.3093 0.0740 0.4665 -0.0734 0.4773 0.0658 0.5126 -0.0837 0.5099 0.1171 0.4719 -0.0250 0.5198
37: 0.0409 -0.1847 0.0387 -0.2034 0.0376 -0.2045 0.0362 -0.2060 0.0393 -0.2038 0.0386 -0.2051 0.0377 -0.2065 0.0243 -0.2088 0.0260 -0.2073 0.0351 -0.1720 0.0351 -0.1722 -0.0063 -0.1305 0.0026 -0.1384 0.0127 -0.0220 0.0195 -0.0132 0.0558 -0.0459 0.0594 -0.0386 0.0708 -0.0473 0.0744 -0.0380 0.0701 -0.0564 0.0727 -0.0516 0.0637 -0.0557 0.0652 -0.0515 0.0040 0.1330 -0.0004 0.1360 0.0426 0.2936 -0.0321 0.3083 0.0704 0.4699 -0.0836 0.4725 0.0614 0.5120 -0.0990 0.5036 0.1215 0.4830 -0.0387 0.5200
38: 0.0405 -0.1834 0.0382 -0.2022 0.0371 -0.2034 0.0358 -0.2048 0.0385 -0.2027 0.0378 -0.2039 0.0367 -0.2053 0.0236 -0.2073 0.0249 -0.2058 0.0349 -0.1706 0.0346 -0.1711 -0.0068 -0.1295 0.0020 -0.1376 0.0115 -0.0213 0.0191 -0.0128 0.0553 -0.0445 0.0596 -0.0367 0.0704 -0.0459 0.0741 -0.0365 0.0695 -0.0550 0.0724 -0.0504 0.0634 -0.0544 0.0654 -0.0502 0.0056 0.1322 -0.0006 0.1349 0.0451 0.2935 -0.0298 0.3087 0.0617 0.4736 -0.0905 0.4647 0.0498 0.5144 -0.1081 0.4890 0.1127 0.4954 -0.0514 0.5197
39: 0.0398 -0.1828 0.0373 -0.2017 0.0362 -0.2028 0.0350 -0.2042 0.0375 -0.2021 0.0366 -0.2034 0.0354 -0.2047 0.0226 -0.2065 0.0232 -0.2052 0.0341 -0.1700 0.0336 -0.1705 -0.0067 -0.1286 0.0002 -0.1371 0.0096 -0.0187 0.0173 -0.0120 0.0541 -0.0418 0.0577 -0.0359 0.0687 -0.0433 0.0723 -0.0357 0.0682 -0.0521 0.0705 -0.0497 0.0622 -0.0517 0.0637 -0.0494 0.0085 0.1317 -0.0018 0.1341 0.0430 0.2938 -0.0293 0.3095 0.0519 0.4757 -0.0936 0.4550 0.0404 0.5153 -0.1140 0.4702 0.1034 0.5071 -0.0618 0.5208
40: 0.0395 -0.1793 0.0370 -0.1982 0.0359 -0.1994 0.0346 -0.2007 0.0372 -0.1987 0.0363 -0.1999 0.0351 -0.2012 0.0220 -0.2030 0.0228 -0.2016 0.0336 -0.1665 0.0331 -0.1670 -0.0075 -0.1251 -0.0009 -0.1354 0.0076 -0.0158 0.0160 -0.0149 0.0532 -0.0381 0.0568 -0.0326 0.0681 -0.0394 0.0715 -0.0325 0.0674 -0.0477 0.0698 -0.0460 0.0614 -0.0475 0.0634 -0.0458 0.0100 0.1285 -0.0017 0.1318 0.0390 0.2938 -0.0132 0.3123 0.0446 0.4791 -0.0913 0.4412 0.0329 0.5190 -0.1124 0.4470 0.0947 0.5121 -0.0722 0.5243
