1: 0.0216 -0.2170 0.0213 -0.2348 0.0228 -0.2350 0.0242 -0.2353 0.0140 -0.2353 0.0101 -0.2357 0.0054 -0.2361 0.0196 -0.2302 -0.0075 -0.2299 0.0237 -0.2011 0.0153 -0.2021 0.0356 -0.1186 -0.0445 -0.1309 0.0518 -0.0072 -0.0742 -0.0308 0.1089 0.0103 -0.0929 -0.0099 0.1232 0.0190 -0.1036 -0.0106 0.1262 0.0060 -0.0981 -0.0258 0.1202 0.0029 -0.0933 -0.0248 0.0265 0.1252 -0.0176 0.1243 0.0199 0.3053 -0.0185 0.3025 -0.0074 0.4327 -0.0264 0.4436 -0.0168 0.4470 -0.0291 0.4605 0.0093 0.4846 -0.0131 0.4934
2: 0.0230 -0.2175 0.0228 -0.2348 0.0243 -0.2349 0.0256 -0.2351 0.0155 -0.2357 0.0116 -0.2362 0.0070 -0.2368 0.0210 -0.2298 -0.0055 -0.2312 0.0247 -0.2008 0.0164 -0.2021 0.0371 -0.1187 -0.0433 -0.1311 0.0525 -0.0073 -0.0738 -0.0301 0.1086 0.0216 -0.0869 0.0037 0.1238 0.0336 -0.0923 0.0226 0.1256 0.0252 -0.0882 0.0107 0.1203 0.0217 -0.0846 0.0042 0.0257 0.1256 -0.0195 0.1241 0.0207 0.3044 -0.0175 0.3010 -0.0062 0.4339 -0.0258 0.4440 -0.0153 0.4484 -0.0289 0.4606 0.0108 0.4850 -0.0138 0.4922
3: 0.0234 -0.2158 0.0232 -0.2327 0.0247 -0.2326 0.0261 -0.2325 0.0160 -0.2342 0.0122 -0.2351 0.0078 -0.2361 0.0214 -0.2267 -0.0041 -0.2298 0.0245 -0.1976 0.0165 -0.1992 0.0377 -0.1163 -0.0427 -0.1291 0.0526 -0.0048 -0.0726 -0.0237 0.1036 0.0459 -0.0843 0.0351 0.1169 0.0654 -0.0877 0.0688 0.1186 0.0606 -0.0835 0.0651 0.1142 0.0551 -0.0804 0.0539 0.0252 0.1235 -0.0204 0.1218 0.0204 0.2925 -0.0173 0.2909 -0.0054 0.4454 -0.0253 0.4563 -0.0143 0.4610 -0.0285 0.4719 0.0114 0.4998 -0.0106 0.5053
4: 0.0239 -0.2162 0.0237 -0.2321 0.0252 -0.2316 0.0265 -0.2311 0.0167 -0.2339 0.0130 -0.2346 0.0089 -0.2352 0.0222 -0.2233 -0.0027 -0.2278 0.0250 -0.1995 0.0168 -0.1998 0.0387 -0.1099 -0.0423 -0.1262 0.0524 0.0029 -0.0697 -0.0104 0.0932 0.0750 -0.0834 0.0759 0.1069 0.0985 -0.0869 0.1115 0.1091 0.0973 -0.0817 0.1094 0.1033 0.0898 -0.0784 0.0976 0.0251 0.1191 -0.0214 0.1172 0.0202 0.2938 -0.0170 0.2936 -0.0012 0.4641 -0.0235 0.4750 -0.0102 0.4813 -0.0268 0.4895 0.0120 0.5242 -0.0084 0.5282
5: 0.0241 -0.2215 0.0240 -0.2375 0.0255 -0.2368 0.0268 -0.2362 0.0170 -0.2390 0.0134 -0.2393 0.0094 -0.2395 0.0231 -0.2281 -0.0020 -0.2315 0.0256 -0.2041 0.0171 -0.2043 0.0391 -0.1100 -0.0424 -0.1266 0.0510 0.0082 -0.0666 -0.0019 0.0836 0.0929 -0.0829 0.1062 0.0944 0.1183 -0.0871 0.1421 0.0954 0.1164 -0.0817 0.1425 0.0909 0.1086 -0.0784 0.1324 0.0250 0.1191 -0.0218 0.1177 0.0197 0.2968 -0.0169 0.2923 -0.0004 0.4700 -0.0227 0.4831 -0.0097 0.4875 -0.0268 0.4992 0.0128 0.5361 -0.0059 0.5419
6: 0.0244 -0.2187 0.0245 -0.2351 0.0259 -0.2346 0.0273 -0.2341 0.0174 -0.2366 0.0139 -0.2371 0.0099 -0.2375 0.0237 -0.2257 -0.0017 -0.2300 0.0258 -0.2014 0.0173 -0.2019 0.0396 -0.1056 -0.0422 -0.1262 0.0505 0.0148 -0.0632 0.0015 0.0801 0.1104 -0.0817 0.1138 0.0900 0.1325 -0.0870 0.1452 0.0903 0.1303 -0.0828 0.1461 0.0864 0.1224 -0.0792 0.1364 0.0246 0.1166 -0.0223 0.1151 0.0193 0.3018 -0.0137 0.2953 -0.0004 0.4763 -0.0215 0.4859 -0.0099 0.4965 -0.0266 0.5034 0.0135 0.5426 -0.0031 0.5458
7: 0.0245 -0.2211 0.0246 -0.2371 0.0260 -0.2370 0.0274 -0.2368 0.0177 -0.2389 0.0142 -0.2400 0.0102 -0.2410 0.0237 -0.2305 -0.0015 -0.2328 0.0257 -0.2029 0.0173 -0.2036 0.0402 -0.1092 -0.0422 -0.1283 0.0502 0.0145 -0.0619 0.0003 0.0800 0.1115 -0.0824 0.1178 0.0889 0.1380 -0.0880 0.1451 0.0893 0.1336 -0.0865 0.1436 0.0858 0.1268 -0.0826 0.1335 0.0244 0.1200 -0.0225 0.1175 0.0181 0.3063 -0.0121 0.3025 -0.0004 0.4771 -0.0189 0.4844 -0.0101 0.4976 -0.0250 0.5029 0.0137 0.5420 -0.0008 0.5425
8: 0.0246 -0.2206 0.0249 -0.2365 0.0263 -0.2361 0.0277 -0.2357 0.0179 -0.2387 0.0143 -0.2397 0.0103 -0.2401 0.0237 -0.2286 -0.0015 -0.2313 0.0258 -0.2009 0.0173 -0.2022 0.0407 -0.1061 -0.0422 -0.1275 0.0498 0.0184 -0.0609 0.0026 0.0820 0.1069 -0.0846 0.1094 0.0919 0.1347 -0.0961 0.1410 0.0928 0.1337 -0.0969 0.1488 0.0891 0.1255 -0.0914 0.1355 0.0243 0.1199 -0.0230 0.1137 0.0171 0.3127 -0.0096 0.3046 -0.0004 0.4884 -0.0173 0.4932 -0.0100 0.5099 -0.0239 0.5143 0.0166 0.5489 0.0028 0.5487
9: 0.0252 -0.2199 0.0254 -0.2357 0.0269 -0.2352 0.0283 -0.2348 0.0183 -0.2377 0.0147 -0.2386 0.0106 -0.2393 0.0240 -0.2278 -0.0012 -0.2326 0.0269 -0.2002 0.0182 -0.2017 0.0410 -0.1085 -0.0416 -0.1252 0.0474 0.0176 -0.0597 0.0031 0.0840 0.0953 -0.0878 0.0954 0.0947 0.1201 -0.1022 0.1158 0.0963 0.1175 -0.1041 0.1189 0.0922 0.1104 -0.0979 0.1129 0.0232 0.1205 -0.0225 0.1132 0.0169 0.3155 -0.0075 0.3061 -0.0002 0.4940 -0.0150 0.5005 -0.0097 0.5149 -0.0219 0.5210 0.0172 0.5527 0.0061 0.5554
10: 0.0261 -0.2257 0.0264 -0.2417 0.0278 -0.2410 0.0291 -0.2403 0.0193 -0.2438 0.0156 -0.2445 0.0114 -0.2448 0.0244 -0.2322 -0.0012 -0.2366 0.0277 -0.2067 0.0188 -0.2079 0.0411 -0.1119 -0.0417 -0.1283 0.0463 0.0127 -0.0599 -0.0018 0.0856 0.0783 -0.0935 0.0758 0.0957 0.1009 -0.1101 0.0910 0.0995 0.0955 -0.1129 0.0886 0.0943 0.0890 -0.1061 0.0856 0.0229 0.1227 -0.0221 0.1173 0.0169 0.3149 -0.0069 0.3081 0.0014 0.4885 -0.0132 0.4937 -0.0078 0.5117 -0.0183 0.5148 0.0173 0.5664 0.0053 0.5648
11: 0.0262 -0.2227 0.0265 -0.2389 0.0280 -0.2384 0.0293 -0.2380 0.0194 -0.2408 0.0154 -0.2415 0.0112 -0.2420 0.0245 -0.2307 -0.0013 -0.2342 0.0274 -0.2043 0.0185 -0.2053 0.0406 -0.1115 -0.0418 -0.1278 0.0465 0.0109 -0.0598 -0.0048 0.0911 0.0704 -0.0972 0.0630 0.1040 0.0875 -0.1155 0.0701 0.1078 0.0805 -0.1177 0.0638 0.1025 0.0761 -0.1100 0.0641 0.0230 0.1214 -0.0220 0.1181 0.0167 0.3132 -0.0073 0.3102 0.0025 0.4966 -0.0130 0.5070 -0.0067 0.5191 -0.0175 0.5236 0.0176 0.5724 0.0049 0.5753
12: 0.0265 -0.2262 0.0268 -0.2416 0.0283 -0.2412 0.0296 -0.2412 0.0196 -0.2447 0.0155 -0.2463 0.0113 -0.2474 0.0245 -0.2371 -0.0012 -0.2408 0.0274 -0.2078 0.0185 -0.2094 0.0405 -0.1221 -0.0419 -0.1325 0.0468 0.0017 -0.0612 -0.0101 0.0964 0.0527 -0.0984 0.0428 0.1113 0.0672 -0.1160 0.0463 0.1148 0.0580 -0.1182 0.0381 0.1096 0.0549 -0.1108 0.0391 0.0235 0.1289 -0.0219 0.1257 0.0192 0.3227 -0.0076 0.3190 0.0027 0.4856 -0.0130 0.4969 -0.0069 0.5047 -0.0176 0.5113 0.0178 0.5596 0.0051 0.5628
13: 0.0257 -0.2259 0.0260 -0.2427 0.0275 -0.2424 0.0288 -0.2422 0.0188 -0.2451 0.0147 -0.2464 0.0104 -0.2477 0.0237 -0.2378 -0.0022 -0.2437 0.0266 -0.2068 0.0177 -0.2088 0.0396 -0.1247 -0.0427 -0.1313 0.0461 -0.0042 -0.0648 -0.0149 0.0994 0.0287 -0.1004 0.0186 0.1159 0.0431 -0.1166 0.0228 0.1193 0.0345 -0.1184 0.0138 0.1138 0.0310 -0.1120 0.0147 0.0252 0.1282 -0.0222 0.1277 0.0244 0.3146 -0.0082 0.3112 0.0010 0.4639 -0.0140 0.4772 -0.0095 0.4819 -0.0194 0.4925 0.0171 0.5308 0.0036 0.5340
14: 0.0242 -0.2259 0.0246 -0.2427 0.0261 -0.2424 0.0274 -0.2423 0.0174 -0.2446 0.0133 -0.2457 0.0090 -0.2467 0.0220 -0.2371 -0.0037 -0.2426 0.0253 -0.2067 0.0164 -0.2087 0.0381 -0.1260 -0.0444 -0.1316 0.0457 -0.0082 -0.0701 -0.0194 0.1006 0.0190 -0.1007 0.0037 0.1178 0.0234 -0.1159 0.0009 0.1206 0.0118 -0.1168 -0.0057 0.1150 0.0117 -0.1106 -0.0083 0.0273 0.1281 -0.0211 0.1296 0.0282 0.3112 -0.0092 0.3066 -0.0004 0.4447 -0.0158 0.4580 -0.0114 0.4606 -0.0215 0.4733 0.0158 0.5044 0.0019 0.5076
15: 0.0223 -0.2280 0.0226 -0.2434 0.0241 -0.2431 0.0254 -0.2430 0.0153 -0.2451 0.0114 -0.2459 0.0071 -0.2465 0.0202 -0.2372 -0.0055 -0.2394 0.0233 -0.2097 0.0147 -0.2110 0.0366 -0.1279 -0.0460 -0.1326 0.0452 -0.0123 -0.0739 -0.0317 0.0987 0.0169 -0.1018 -0.0034 0.1164 0.0205 -0.1128 0.0054 0.1192 0.0098 -0.1090 -0.0017 0.1131 0.0095 -0.1034 -0.0066 0.0283 0.1276 -0.0190 0.1329 0.0290 0.3059 -0.0103 0.3041 -0.0022 0.4323 -0.0175 0.4445 -0.0131 0.4465 -0.0231 0.4613 0.0152 0.4863 0.0002 0.4908
16: 0.0224 -0.2302 0.0224 -0.2455 0.0237 -0.2452 0.0248 -0.2448 0.0154 -0.2465 0.0117 -0.2469 0.0077 -0.2471 0.0188 -0.2369 -0.0053 -0.2378 0.0235 -0.2136 0.0150 -0.2137 0.0364 -0.1231 -0.0460 -0.1324 0.0460 -0.0114 -0.0777 -0.0329 0.1012 0.0235 -0.1012 0.0072 0.1187 0.0378 -0.1098 0.0307 0.1211 0.0289 -0.1030 0.0240 0.1152 0.0246 -0.0980 0.0160 0.0283 0.1267 -0.0186 0.1289 0.0292 0.2985 -0.0102 0.2995 -0.0029 0.4280 -0.0176 0.4425 -0.0132 0.4423 -0.0235 0.4582 0.0158 0.4811 0.0000 0.4858
17: 0.0213 -0.2282 0.0210 -0.2435 0.0224 -0.2432 0.0236 -0.2429 0.0141 -0.2445 0.0105 -0.2449 0.0065 -0.2453 0.0178 -0.2351 -0.0063 -0.2379 0.0229 -0.2104 0.0143 -0.2110 0.0362 -0.1222 -0.0461 -0.1307 0.0462 -0.0094 -0.0791 -0.0293 0.1007 0.0408 -0.1005 0.0388 0.1175 0.0607 -0.1067 0.0722 0.1200 0.0547 -0.1003 0.0680 0.1142 0.0487 -0.0961 0.0583 0.0283 0.1261 -0.0183 0.1268 0.0283 0.3029 -0.0104 0.3019 -0.0028 0.4352 -0.0177 0.4497 -0.0130 0.4501 -0.0234 0.4649 0.0159 0.4898 -0.0023 0.4941
18: 0.0206 -0.2289 0.0204 -0.2446 0.0218 -0.2443 0.0230 -0.2440 0.0133 -0.2459 0.0098 -0.2465 0.0058 -0.2470 0.0175 -0.2368 -0.0064 -0.2398 0.0215 -0.2108 0.0135 -0.2115 0.0367 -0.1220 -0.0463 -0.1306 0.0470 -0.0056 -0.0783 -0.0275 0.0962 0.0470 -0.0972 0.0482 0.1119 0.0703 -0.1022 0.0833 0.1137 0.0662 -0.0959 0.0786 0.1077 0.0584 -0.0921 0.0690 0.0284 0.1246 -0.0187 0.1279 0.0275 0.2958 -0.0112 0.2919 -0.0020 0.4397 -0.0172 0.4547 -0.0122 0.4551 -0.0227 0.4694 0.0163 0.4952 -0.0021 0.4997
19: 0.0215 -0.2247 0.0213 -0.2408 0.0227 -0.2403 0.0239 -0.2396 0.0143 -0.2421 0.0108 -0.2424 0.0070 -0.2428 0.0188 -0.2308 -0.0053 -0.2337 0.0225 -0.2081 0.0142 -0.2080 0.0380 -0.1134 -0.0454 -0.1274 0.0475 0.0012 -0.0768 -0.0127 0.0873 0.0737 -0.0935 0.0775 0.0995 0.0973 -0.0976 0.1102 0.1010 0.0954 -0.0923 0.1078 0.0958 0.0870 -0.0885 0.0984 0.0274 0.1194 -0.0202 0.1214 0.0225 0.2964 -0.0129 0.2961 0.0010 0.4645 -0.0159 0.4820 -0.0082 0.4831 -0.0211 0.4990 0.0177 0.5256 -0.0005 0.5299
20: 0.0221 -0.2217 0.0222 -0.2379 0.0238 -0.2373 0.0252 -0.2367 0.0150 -0.2391 0.0113 -0.2392 0.0072 -0.2392 0.0205 -0.2278 -0.0053 -0.2307 0.0239 -0.2041 0.0148 -0.2046 0.0396 -0.1113 -0.0437 -0.1274 0.0478 0.0061 -0.0718 -0.0053 0.0822 0.0999 -0.0900 0.0994 0.0923 0.1211 -0.0950 0.1297 0.0932 0.1189 -0.0910 0.1284 0.0890 0.1109 -0.0873 0.1195 0.0254 0.1198 -0.0213 0.1188 0.0201 0.3037 -0.0132 0.3000 0.0030 0.4801 -0.0144 0.4956 -0.0060 0.5028 -0.0192 0.5179 0.0214 0.5411 0.0023 0.5459
21: 0.0227 -0.2185 0.0231 -0.2350 0.0247 -0.2345 0.0261 -0.2341 0.0158 -0.2357 0.0121 -0.2360 0.0080 -0.2361 0.0216 -0.2259 -0.0051 -0.2283 0.0244 -0.2007 0.0152 -0.2011 0.0406 -0.1072 -0.0423 -0.1266 0.0485 0.0126 -0.0667 -0.0006 0.0803 0.1063 -0.0882 0.1122 0.0898 0.1342 -0.0943 0.1438 0.0901 0.1359 -0.0896 0.1397 0.0866 0.1257 -0.0861 0.1320 0.0246 0.1191 -0.0230 0.1147 0.0209 0.3056 -0.0135 0.3030 0.0044 0.4812 -0.0129 0.4943 -0.0046 0.5029 -0.0177 0.5147 0.0228 0.5424 0.0041 0.5499
22: 0.0222 -0.2176 0.0225 -0.2340 0.0241 -0.2339 0.0255 -0.2340 0.0151 -0.2350 0.0113 -0.2357 0.0070 -0.2361 0.0207 -0.2277 -0.0056 -0.2283 0.0233 -0.2001 0.0146 -0.2001 0.0407 -0.1070 -0.0424 -0.1281 0.0482 0.0172 -0.0643 -0.0003 0.0805 0.1053 -0.0880 0.1027 0.0899 0.1333 -0.0964 0.1320 0.0902 0.1339 -0.0953 0.1323 0.0867 0.1241 -0.0902 0.1241 0.0248 0.1184 -0.0229 0.1168 0.0197 0.3061 -0.0129 0.3069 0.0031 0.4776 -0.0128 0.4895 -0.0055 0.4990 -0.0176 0.5095 0.0211 0.5384 0.0041 0.5474
23: 0.0213 -0.2220 0.0220 -0.2383 0.0236 -0.2382 0.0251 -0.2381 0.0142 -0.2392 0.0100 -0.2396 0.0053 -0.2395 0.0204 -0.2313 -0.0067 -0.2315 0.0221 -0.2033 0.0137 -0.2035 0.0402 -0.1087 -0.0429 -0.1283 0.0476 0.0177 -0.0617 0.0004 0.0828 0.0958 -0.0883 0.0909 0.0930 0.1201 -0.1021 0.1137 0.0937 0.1182 -0.1042 0.1128 0.0898 0.1104 -0.0976 0.1065 0.0249 0.1198 -0.0222 0.1172 0.0184 0.3105 -0.0123 0.3103 0.0021 0.4773 -0.0122 0.4878 -0.0062 0.4959 -0.0173 0.5071 0.0175 0.5392 0.0042 0.5479
24: 0.0215 -0.2248 0.0223 -0.2411 0.0239 -0.2411 0.0254 -0.2410 0.0142 -0.2416 0.0098 -0.2418 0.0050 -0.2420 0.0205 -0.2333 -0.0072 -0.2347 0.0226 -0.2067 0.0140 -0.2065 0.0392 -0.1125 -0.0433 -0.1290 0.0475 0.0139 -0.0603 -0.0028 0.0858 0.0854 -0.0905 0.0759 0.0967 0.1084 -0.1084 0.0908 0.0977 0.1047 -0.1116 0.0879 0.0935 0.0974 -0.1039 0.0845 0.0251 0.1224 -0.0210 0.1192 0.0188 0.3140 -0.0121 0.3124 0.0004 0.4798 -0.0126 0.4912 -0.0078 0.4979 -0.0184 0.5103 0.0133 0.5421 0.0017 0.5487
25: 0.0225 -0.2233 0.0232 -0.2395 0.0248 -0.2394 0.0262 -0.2392 0.0154 -0.2401 0.0112 -0.2403 0.0063 -0.2406 0.0204 -0.2314 -0.0072 -0.2344 0.0238 -0.2052 0.0151 -0.2056 0.0382 -0.1129 -0.0447 -0.1272 0.0483 0.0128 -0.0594 -0.0035 0.0872 0.0772 -0.0974 0.0619 0.0981 0.0954 -0.1160 0.0711 0.1003 0.0900 -0.1183 0.0653 0.0957 0.0848 -0.1111 0.0635 0.0259 0.1224 -0.0196 0.1176 0.0178 0.3137 -0.0113 0.3089 -0.0027 0.4759 -0.0149 0.4904 -0.0107 0.4948 -0.0216 0.5093 0.0085 0.5433 -0.0037 0.5459
26: 0.0212 -0.2225 0.0218 -0.2394 0.0234 -0.2393 0.0248 -0.2392 0.0141 -0.2407 0.0099 -0.2416 0.0052 -0.2426 0.0193 -0.2336 -0.0081 -0.2362 0.0221 -0.2064 0.0135 -0.2075 0.0384 -0.1144 -0.0461 -0.1240 0.0492 0.0110 -0.0607 -0.0020 0.0925 0.0759 -0.1009 0.0551 0.1048 0.0904 -0.1184 0.0600 0.1083 0.0843 -0.1201 0.0526 0.1032 0.0805 -0.1136 0.0521 0.0263 0.1196 -0.0186 0.1187 0.0185 0.3119 -0.0127 0.3112 -0.0034 0.4763 -0.0185 0.4913 -0.0104 0.4940 -0.0232 0.5067 0.0062 0.5470 -0.0087 0.5484
27: 0.0211 -0.2192 0.0217 -0.2352 0.0232 -0.2351 0.0245 -0.2352 0.0140 -0.2363 0.0097 -0.2371 0.0050 -0.2375 0.0186 -0.2314 -0.0078 -0.2314 0.0217 -0.2014 0.0136 -0.2022 0.0386 -0.1145 -0.0465 -0.1239 0.0490 0.0073 -0.0638 -0.0030 0.0967 0.0567 -0.1007 0.0335 0.1110 0.0724 -0.1182 0.0371 0.1143 0.0652 -0.1187 0.0261 0.1088 0.0611 -0.1120 0.0257 0.0268 0.1205 -0.0188 0.1180 0.0201 0.3062 -0.0137 0.3065 -0.0046 0.4610 -0.0223 0.4735 -0.0116 0.4744 -0.0261 0.4867 0.0067 0.5300 -0.0105 0.5312
28: 0.0192 -0.2250 0.0200 -0.2419 0.0218 -0.2418 0.0233 -0.2415 0.0123 -0.2427 0.0081 -0.2431 0.0035 -0.2435 0.0181 -0.2362 -0.0094 -0.2381 0.0206 -0.2066 0.0121 -0.2073 0.0385 -0.1224 -0.0470 -0.1274 0.0493 -0.0020 -0.0664 -0.0093 0.1007 0.0326 -0.0996 0.0061 0.1159 0.0409 -0.1159 0.0093 0.1192 0.0357 -0.1163 -0.0033 0.1136 0.0302 -0.1098 -0.0025 0.0272 0.1241 -0.0186 0.1257 0.0223 0.3028 -0.0139 0.3053 -0.0055 0.4359 -0.0238 0.4514 -0.0139 0.4486 -0.0283 0.4669 0.0089 0.4986 -0.0093 0.5002
29: 0.0177 -0.2246 0.0188 -0.2411 0.0206 -0.2412 0.0223 -0.2414 0.0109 -0.2417 0.0066 -0.2421 0.0021 -0.2425 0.0178 -0.2371 -0.0100 -0.2374 0.0195 -0.2059 0.0106 -0.2062 0.0384 -0.1241 -0.0472 -0.1296 0.0496 -0.0056 -0.0686 -0.0213 0.1051 0.0250 -0.0988 -0.0132 0.1206 0.0303 -0.1136 -0.0097 0.1233 0.0185 -0.1121 -0.0192 0.1181 0.0168 -0.1063 -0.0203 0.0275 0.1259 -0.0185 0.1276 0.0246 0.2989 -0.0133 0.2973 -0.0063 0.4190 -0.0237 0.4341 -0.0156 0.4321 -0.0288 0.4531 0.0097 0.4750 -0.0091 0.4773
30: 0.0183 -0.2265 0.0185 -0.2419 0.0201 -0.2417 0.0216 -0.2414 0.0108 -0.2424 0.0067 -0.2424 0.0024 -0.2421 0.0165 -0.2354 -0.0095 -0.2348 0.0198 -0.2077 0.0113 -0.2079 0.0371 -0.1255 -0.0465 -0.1309 0.0505 -0.0138 -0.0739 -0.0360 0.1052 0.0238 -0.0956 -0.0018 0.1206 0.0341 -0.1039 0.0167 0.1231 0.0231 -0.0986 0.0059 0.1177 0.0213 -0.0941 0.0005 0.0276 0.1280 -0.0180 0.1284 0.0261 0.2957 -0.0153 0.2956 -0.0065 0.4086 -0.0234 0.4229 -0.0156 0.4194 -0.0289 0.4388 0.0111 0.4589 -0.0093 0.4847
31: 0.0187 -0.2289 0.0184 -0.2445 0.0199 -0.2444 0.0211 -0.2444 0.0114 -0.2447 0.0075 -0.2446 0.0032 -0.2446 0.0160 -0.2367 -0.0096 -0.2360 0.0205 -0.2116 0.0121 -0.2116 0.0365 -0.1260 -0.0470 -0.1303 0.0512 -0.0173 -0.0741 -0.0374 0.1056 0.0290 -0.0945 0.0061 0.1205 0.0476 -0.1005 0.0331 0.1228 0.0394 -0.0940 0.0241 0.1174 0.0346 -0.0899 0.0156 0.0283 0.1267 -0.0177 0.1295 0.0267 0.2947 -0.0161 0.2922 -0.0060 0.4080 -0.0235 0.4217 -0.0142 0.4184 -0.0281 0.4355 0.0119 0.4572 -0.0109 0.4757
32: 0.0171 -0.2234 0.0170 -0.2392 0.0185 -0.2392 0.0199 -0.2391 0.0100 -0.2397 0.0061 -0.2399 0.0018 -0.2400 0.0155 -0.2313 -0.0098 -0.2326 0.0193 -0.2058 0.0110 -0.2061 0.0370 -0.1216 -0.0463 -0.1272 0.0514 -0.0110 -0.0740 -0.0278 0.1027 0.0447 -0.0923 0.0329 0.1174 0.0657 -0.0968 0.0665 0.1201 0.0599 -0.0909 0.0623 0.1140 0.0533 -0.0871 0.0516 0.0280 0.1242 -0.0186 0.1247 0.0263 0.2949 -0.0162 0.2930 -0.0059 0.4190 -0.0229 0.4325 -0.0142 0.4311 -0.0273 0.4470 0.0113 0.4694 -0.0115 0.4821
33: 0.0166 -0.2220 0.0163 -0.2379 0.0178 -0.2378 0.0192 -0.2377 0.0090 -0.2384 0.0050 -0.2386 0.0006 -0.2388 0.0148 -0.2303 -0.0103 -0.2317 0.0184 -0.2042 0.0104 -0.2046 0.0369 -0.1165 -0.0464 -0.1246 0.0506 -0.0052 -0.0731 -0.0227 0.0945 0.0509 -0.0911 0.0578 0.1078 0.0764 -0.0949 0.0911 0.1090 0.0731 -0.0896 0.0882 0.1032 0.0648 -0.0862 0.0788 0.0282 0.1192 -0.0187 0.1221 0.0248 0.2892 -0.0179 0.2845 -0.0052 0.4258 -0.0225 0.4383 -0.0136 0.4398 -0.0267 0.4547 0.0094 0.4786 -0.0118 0.4898
34: 0.0182 -0.2116 0.0180 -0.2272 0.0194 -0.2269 0.0206 -0.2266 0.0107 -0.2288 0.0066 -0.2294 0.0021 -0.2302 0.0158 -0.2198 -0.0089 -0.2231 0.0198 -0.1955 0.0118 -0.1963 0.0372 -0.1109 -0.0453 -0.1181 0.0493 0.0006 -0.0717 -0.0052 0.0847 0.0814 -0.0887 0.0853 0.0967 0.1015 -0.0927 0.1195 0.0973 0.0981 -0.0882 0.1176 0.0925 0.0900 -0.0849 0.1073 0.0270 0.1135 -0.0191 0.1154 0.0227 0.2898 -0.0171 0.2870 -0.0038 0.4491 -0.0213 0.4620 -0.0124 0.4672 -0.0255 0.4817 0.0110 0.5092 -0.0098 0.5183
35: 0.0191 -0.2064 0.0190 -0.2226 0.0205 -0.2220 0.0218 -0.2215 0.0118 -0.2249 0.0078 -0.2259 0.0033 -0.2268 0.0166 -0.2146 -0.0079 -0.2214 0.0207 -0.1902 0.0124 -0.1918 0.0378 -0.1086 -0.0445 -0.1191 0.0488 0.0090 -0.0681 0.0044 0.0804 0.1011 -0.0860 0.1070 0.0903 0.1298 -0.0914 0.1403 0.0899 0.1234 -0.0878 0.1394 0.0860 0.1167 -0.0842 0.1294 0.0263 0.1145 -0.0195 0.1130 0.0207 0.2967 -0.0158 0.2923 -0.0029 0.4680 -0.0205 0.4812 -0.0114 0.4869 -0.0247 0.4996 0.0130 0.5283 -0.0053 0.5338
36: 0.0201 -0.2110 0.0201 -0.2276 0.0215 -0.2273 0.0228 -0.2271 0.0128 -0.2294 0.0087 -0.2303 0.0043 -0.2314 0.0178 -0.2209 -0.0070 -0.2258 0.0217 -0.1944 0.0133 -0.1952 0.0388 -0.1086 -0.0439 -0.1209 0.0500 0.0118 -0.0663 0.0068 0.0807 0.1048 -0.0848 0.1151 0.0898 0.1380 -0.0912 0.1487 0.0895 0.1345 -0.0877 0.1486 0.0860 0.1261 -0.0839 0.1389 0.0259 0.1154 -0.0209 0.1140 0.0213 0.2979 -0.0147 0.2956 -0.0013 0.4635 -0.0191 0.4784 -0.0102 0.4840 -0.0237 0.4980 0.0158 0.5245 -0.0013 0.5328
37: 0.0203 -0.2118 0.0203 -0.2281 0.0219 -0.2280 0.0232 -0.2278 0.0132 -0.2306 0.0092 -0.2321 0.0050 -0.2332 0.0182 -0.2228 -0.0065 -0.2269 0.0220 -0.1952 0.0136 -0.1962 0.0391 -0.1066 -0.0436 -0.1235 0.0504 0.0152 -0.0639 0.0075 0.0814 0.1038 -0.0846 0.1199 0.0908 0.1367 -0.0917 0.1555 0.0900 0.1350 -0.0889 0.1528 0.0864 0.1246 -0.0849 0.1444 0.0256 0.1160 -0.0210 0.1139 0.0212 0.2998 -0.0144 0.2949 -0.0005 0.4650 -0.0167 0.4760 -0.0099 0.4866 -0.0232 0.4972 0.0176 0.5263 0.0020 0.5328
38: 0.0202 -0.2143 0.0204 -0.2307 0.0219 -0.2306 0.0233 -0.2303 0.0131 -0.2326 0.0092 -0.2336 0.0049 -0.2342 0.0184 -0.2245 -0.0064 -0.2279 0.0219 -0.1964 0.0135 -0.1977 0.0390 -0.1067 -0.0440 -0.1240 0.0503 0.0159 -0.0623 0.0089 0.0832 0.0990 -0.0867 0.1116 0.0933 0.1274 -0.0979 0.1462 0.0932 0.1261 -0.0977 0.1451 0.0893 0.1166 -0.0927 0.1349 0.0256 0.1176 -0.0208 0.1132 0.0205 0.3023 -0.0143 0.3000 -0.0002 0.4669 -0.0156 0.4798 -0.0097 0.4875 -0.0224 0.4999 0.0191 0.5245 0.0039 0.5342
39: 0.0213 -0.2151 0.0215 -0.2319 0.0229 -0.2316 0.0241 -0.2313 0.0147 -0.2336 0.0107 -0.2345 0.0065 -0.2353 0.0189 -0.2250 -0.0056 -0.2304 0.0225 -0.1968 0.0143 -0.1991 0.0392 -0.1087 -0.0444 -0.1237 0.0509 0.0134 -0.0609 0.0080 0.0847 0.0878 -0.0888 0.0972 0.0945 0.1136 -0.1030 0.1230 0.0941 0.1109 -0.1047 0.1202 0.0906 0.1026 -0.0992 0.1127 0.0257 0.1187 -0.0206 0.1135 0.0206 0.3065 -0.0137 0.3034 0.0002 0.4696 -0.0146 0.4822 -0.0091 0.4896 -0.0215 0.5027 0.0194 0.5250 0.0044 0.5334
40: 0.0220 -0.2174 0.0221 -0.2338 0.0233 -0.2335 0.0245 -0.2331 0.0157 -0.2354 0.0118 -0.2360 0.0076 -0.2368 0.0191 -0.2267 -0.0051 -0.2322 0.0229 -0.1996 0.0150 -0.2012 0.0391 -0.1120 -0.0453 -0.1243 0.0514 0.0104 -0.0591 0.0040 0.0904 0.0751 -0.0907 0.0768 0.1027 0.0971 -0.1060 0.0934 0.1049 0.0921 -0.1093 0.0893 0.1007 0.0855 -0.1036 0.0852 0.0263 0.1204 -0.0200 0.1158 0.0212 0.3057 -0.0133 0.3028 0.0003 0.4644 -0.0151 0.4757 -0.0086 0.4838 -0.0211 0.4958 0.0181 0.5232 0.0000 0.5307
