1: -0.0015 -0.1736 0.0047 -0.1881 0.0079 -0.1880 0.0107 -0.1880 -0.0062 -0.1877 -0.0100 -0.1872 -0.0135 -0.1865 0.0161 -0.1811 -0.0181 -0.1779 0.0060 -0.1572 -0.0077 -0.1559 0.0441 -0.1066 -0.0406 -0.1082 0.1067 -0.1289 -0.1078 -0.1339 0.0724 -0.1871 -0.0601 -0.1824 0.0666 -0.1955 -0.0496 -0.1919 0.0600 -0.1948 -0.0453 -0.1872 0.0614 -0.1898 -0.0465 -0.1807 0.0220 0.1066 -0.0255 0.1080 0.0161 0.2859 -0.0216 0.2889 0.0116 0.4555 -0.0098 0.4621 0.0106 0.4725 -0.0055 0.4814 0.0064 0.5006 -0.0155 0.5067
2: -0.0012 -0.1729 0.0049 -0.1872 0.0081 -0.1872 0.0109 -0.1872 -0.0057 -0.1868 -0.0094 -0.1865 -0.0129 -0.1859 0.0161 -0.1805 -0.0176 -0.1777 0.0060 -0.1567 -0.0075 -0.1555 0.0439 -0.1063 -0.0406 -0.1095 0.1059 -0.1362 -0.1072 -0.1459 0.0755 -0.2098 -0.0613 -0.2100 0.0730 -0.2273 -0.0516 -0.2249 0.0667 -0.2271 -0.0465 -0.2193 0.0667 -0.2180 -0.0476 -0.2105 0.0221 0.1073 -0.0255 0.1087 0.0163 0.2869 -0.0215 0.2909 0.0116 0.4585 -0.0098 0.4634 0.0105 0.4751 -0.0057 0.4824 0.0064 0.5053 -0.0152 0.5084
3: -0.0009 -0.1694 0.0051 -0.1836 0.0083 -0.1837 0.0110 -0.1838 -0.0052 -0.1835 -0.0088 -0.1833 -0.0123 -0.1830 0.0161 -0.1778 -0.0170 -0.1764 0.0060 -0.1539 -0.0071 -0.1528 0.0438 -0.1068 -0.0406 -0.1135 0.1054 -0.1494 -0.1028 -0.1559 0.0831 -0.2399 -0.0646 -0.2452 0.0835 -0.2647 -0.0601 -0.2672 0.0765 -0.2653 -0.0536 -0.2656 0.0751 -0.2544 -0.0533 -0.2570 0.0223 0.1096 -0.0254 0.1106 0.0166 0.2898 -0.0215 0.2938 0.0116 0.4628 -0.0096 0.4666 0.0103 0.4796 -0.0057 0.4854 0.0066 0.5107 -0.0145 0.5121
4: -0.0012 -0.1638 0.0048 -0.1781 0.0081 -0.1782 0.0109 -0.1784 -0.0054 -0.1782 -0.0089 -0.1781 -0.0124 -0.1780 0.0160 -0.1729 -0.0169 -0.1744 0.0057 -0.1486 -0.0072 -0.1475 0.0437 -0.1089 -0.0407 -0.1188 0.1038 -0.1631 -0.0997 -0.1839 0.0938 -0.2744 -0.0704 -0.2850 0.0981 -0.3004 -0.0704 -0.3128 0.0907 -0.3046 -0.0628 -0.3117 0.0880 -0.2941 -0.0606 -0.3005 0.0223 0.1137 -0.0253 0.1139 0.0166 0.2951 -0.0215 0.2991 0.0118 0.4687 -0.0094 0.4721 0.0107 0.4865 -0.0053 0.4912 0.0067 0.5157 -0.0144 0.5174
5: -0.0009 -0.1598 0.0051 -0.1742 0.0084 -0.1743 0.0112 -0.1745 -0.0050 -0.1743 -0.0083 -0.1745 -0.0116 -0.1748 0.0162 -0.1697 -0.0163 -0.1738 0.0056 -0.1452 -0.0067 -0.1440 0.0436 -0.1101 -0.0407 -0.1218 0.1007 -0.1679 -0.0924 -0.1940 0.1022 -0.2725 -0.0812 -0.3061 0.1079 -0.3028 -0.0865 -0.3397 0.1001 -0.3068 -0.0780 -0.3401 0.0965 -0.2978 -0.0739 -0.3233 0.0224 0.1158 -0.0253 0.1161 0.0171 0.2957 -0.0213 0.3026 0.0124 0.4711 -0.0092 0.4753 0.0117 0.4889 -0.0052 0.4953 0.0068 0.5173 -0.0146 0.5206
6: -0.0008 -0.1586 0.0048 -0.1730 0.0081 -0.1732 0.0110 -0.1735 -0.0050 -0.1732 -0.0081 -0.1733 -0.0112 -0.1737 0.0159 -0.1699 -0.0160 -0.1736 0.0054 -0.1444 -0.0063 -0.1432 0.0433 -0.1121 -0.0401 -0.1205 0.1001 -0.1719 -0.0876 -0.1910 0.1090 -0.2788 -0.0925 -0.3047 0.1157 -0.3129 -0.0991 -0.3316 0.1078 -0.3219 -0.0925 -0.3346 0.1036 -0.3088 -0.0891 -0.3226 0.0224 0.1165 -0.0256 0.1163 0.0167 0.2961 -0.0209 0.3038 0.0126 0.4692 -0.0093 0.4748 0.0115 0.4835 -0.0056 0.4926 0.0080 0.5184 -0.0124 0.5219
7: -0.0012 -0.1584 0.0044 -0.1731 0.0076 -0.1734 0.0105 -0.1736 -0.0052 -0.1733 -0.0081 -0.1734 -0.0110 -0.1739 0.0155 -0.1712 -0.0157 -0.1744 0.0049 -0.1447 -0.0063 -0.1442 0.0428 -0.1137 -0.0400 -0.1203 0.0998 -0.1693 -0.0859 -0.1912 0.1100 -0.2733 -0.0950 -0.3051 0.1164 -0.3027 -0.1017 -0.3339 0.1092 -0.3081 -0.0959 -0.3397 0.1055 -0.2983 -0.0926 -0.3260 0.0227 0.1169 -0.0255 0.1169 0.0164 0.2966 -0.0205 0.3052 0.0134 0.4684 -0.0093 0.4754 0.0118 0.4824 -0.0059 0.4930 0.0092 0.5187 -0.0121 0.5252
8: -0.0018 -0.1587 0.0036 -0.1738 0.0068 -0.1741 0.0097 -0.1744 -0.0058 -0.1737 -0.0085 -0.1738 -0.0113 -0.1742 0.0147 -0.1731 -0.0159 -0.1748 0.0042 -0.1451 -0.0064 -0.1447 0.0422 -0.1136 -0.0400 -0.1207 0.0987 -0.1653 -0.0872 -0.1817 0.1071 -0.2576 -0.0945 -0.2943 0.1119 -0.2835 -0.1000 -0.3211 0.1054 -0.2877 -0.0946 -0.3247 0.1023 -0.2782 -0.0913 -0.3132 0.0234 0.1170 -0.0255 0.1175 0.0160 0.2957 -0.0210 0.3052 0.0134 0.4684 -0.0096 0.4754 0.0116 0.4823 -0.0065 0.4925 0.0107 0.5186 -0.0129 0.5264
9: -0.0010 -0.1604 0.0040 -0.1756 0.0072 -0.1759 0.0099 -0.1762 -0.0056 -0.1756 -0.0085 -0.1758 -0.0114 -0.1761 0.0147 -0.1753 -0.0163 -0.1766 0.0049 -0.1466 -0.0061 -0.1462 0.0417 -0.1137 -0.0404 -0.1214 0.0973 -0.1307 -0.0898 -0.1553 0.1030 -0.2128 -0.0953 -0.2854 0.1068 -0.2380 -0.0985 -0.3201 0.1009 -0.2439 -0.0938 -0.3131 0.0981 -0.2351 -0.0912 -0.2976 0.0238 0.1171 -0.0251 0.1179 0.0158 0.2945 -0.0212 0.3051 0.0134 0.4668 -0.0095 0.4742 0.0115 0.4801 -0.0069 0.4904 0.0117 0.5165 -0.0128 0.5252
10: -0.0015 -0.1614 0.0035 -0.1767 0.0068 -0.1769 0.0094 -0.1772 -0.0063 -0.1767 -0.0094 -0.1769 -0.0123 -0.1773 0.0149 -0.1765 -0.0167 -0.1780 0.0048 -0.1477 -0.0067 -0.1473 0.0407 -0.1125 -0.0395 -0.1208 0.0907 -0.0931 -0.0896 -0.1089 0.1018 -0.1652 -0.0968 -0.2103 0.1033 -0.1897 -0.0992 -0.2374 0.0971 -0.1930 -0.0953 -0.2451 0.0947 -0.1848 -0.0932 -0.2358 0.0233 0.1160 -0.0246 0.1172 0.0150 0.2939 -0.0210 0.3062 0.0130 0.4647 -0.0098 0.4733 0.0121 0.4786 -0.0067 0.4894 0.0104 0.5125 -0.0137 0.5240
11: -0.0011 -0.1640 0.0039 -0.1796 0.0071 -0.1797 0.0096 -0.1797 -0.0061 -0.1803 -0.0094 -0.1806 -0.0123 -0.1811 0.0149 -0.1789 -0.0167 -0.1820 0.0052 -0.1504 -0.0067 -0.1505 0.0405 -0.1113 -0.0398 -0.1158 0.0850 -0.0689 -0.0889 -0.0756 0.0976 -0.1297 -0.0957 -0.1489 0.1009 -0.1491 -0.0987 -0.1745 0.0968 -0.1560 -0.0949 -0.1810 0.0940 -0.1487 -0.0930 -0.1719 0.0233 0.1121 -0.0240 0.1152 0.0147 0.2900 -0.0209 0.3021 0.0135 0.4588 -0.0099 0.4682 0.0125 0.4730 -0.0068 0.4840 0.0110 0.5071 -0.0136 0.5185
12: -0.0015 -0.1638 0.0036 -0.1791 0.0068 -0.1792 0.0093 -0.1795 -0.0064 -0.1791 -0.0098 -0.1796 -0.0127 -0.1805 0.0148 -0.1770 -0.0170 -0.1792 0.0050 -0.1504 -0.0071 -0.1505 0.0401 -0.1069 -0.0397 -0.1093 0.0765 -0.0384 -0.0868 -0.0453 0.0912 -0.0960 -0.0973 -0.1123 0.0962 -0.1112 -0.0991 -0.1338 0.0921 -0.1221 -0.0954 -0.1410 0.0898 -0.1159 -0.0942 -0.1323 0.0230 0.1065 -0.0235 0.1097 0.0138 0.2813 -0.0188 0.2916 0.0134 0.4463 -0.0102 0.4545 0.0126 0.4606 -0.0075 0.4701 0.0105 0.4946 -0.0138 0.5023
13: -0.0020 -0.1676 0.0031 -0.1829 0.0064 -0.1828 0.0089 -0.1828 -0.0069 -0.1832 -0.0102 -0.1838 -0.0131 -0.1848 0.0147 -0.1776 -0.0172 -0.1811 0.0046 -0.1536 -0.0079 -0.1535 0.0412 -0.1013 -0.0400 -0.1066 0.0714 -0.0040 -0.0786 -0.0149 0.0807 -0.0525 -0.0967 -0.0654 0.0834 -0.0696 -0.0984 -0.0847 0.0804 -0.0809 -0.0949 -0.0970 0.0786 -0.0743 -0.0928 -0.0907 0.0226 0.1048 -0.0239 0.1030 0.0124 0.2753 -0.0183 0.2794 0.0130 0.4319 -0.0106 0.4400 0.0121 0.4456 -0.0082 0.4564 0.0106 0.4796 -0.0139 0.4873
14: -0.0023 -0.1788 0.0029 -0.1939 0.0062 -0.1936 0.0086 -0.1931 -0.0072 -0.1942 -0.0105 -0.1943 -0.0134 -0.1944 0.0145 -0.1866 -0.0172 -0.1894 0.0043 -0.1639 -0.0084 -0.1638 0.0417 -0.1015 -0.0411 -0.1045 0.0671 0.0029 -0.0684 -0.0042 0.0717 -0.0225 -0.0856 -0.0136 0.0736 -0.0328 -0.0934 -0.0120 0.0710 -0.0489 -0.0906 -0.0210 0.0686 -0.0423 -0.0860 -0.0214 0.0228 0.1035 -0.0234 0.1023 0.0121 0.2690 -0.0183 0.2712 0.0133 0.4189 -0.0108 0.4265 0.0123 0.4318 -0.0084 0.4429 0.0106 0.4664 -0.0138 0.4732
15: -0.0016 -0.1877 0.0039 -0.2015 0.0068 -0.2012 0.0093 -0.2009 -0.0063 -0.2025 -0.0099 -0.2028 -0.0129 -0.2029 0.0148 -0.1953 -0.0170 -0.1982 0.0049 -0.1721 -0.0080 -0.1708 0.0421 -0.1063 -0.0421 -0.1048 0.0633 -0.0125 -0.0683 -0.0122 0.0699 0.0026 -0.0795 0.0108 0.0728 0.0124 -0.0823 0.0276 0.0696 0.0036 -0.0782 0.0214 0.0668 -0.0011 -0.0757 0.0153 0.0231 0.1056 -0.0229 0.1054 0.0123 0.2656 -0.0174 0.2678 0.0141 0.4149 -0.0099 0.4204 0.0132 0.4288 -0.0073 0.4370 0.0108 0.4617 -0.0137 0.4668
16: -0.0008 -0.1877 0.0041 -0.2011 0.0067 -0.2008 0.0091 -0.2006 -0.0056 -0.2015 -0.0092 -0.2016 -0.0121 -0.2017 0.0143 -0.1918 -0.0170 -0.1914 0.0052 -0.1713 -0.0072 -0.1709 0.0416 -0.1074 -0.0424 -0.1068 0.0572 -0.0235 -0.0647 -0.0242 0.0686 0.0206 -0.0814 0.0258 0.0743 0.0388 -0.0845 0.0443 0.0710 0.0351 -0.0796 0.0400 0.0675 0.0284 -0.0778 0.0338 0.0232 0.1072 -0.0225 0.1069 0.0128 0.2728 -0.0160 0.2754 0.0148 0.4236 -0.0093 0.4292 0.0139 0.4374 -0.0064 0.4458 0.0113 0.4703 -0.0136 0.4748
17: -0.0016 -0.1971 0.0035 -0.2087 0.0062 -0.2083 0.0086 -0.2081 -0.0063 -0.2093 -0.0098 -0.2093 -0.0127 -0.2093 0.0138 -0.2009 -0.0171 -0.2029 0.0047 -0.1800 -0.0078 -0.1795 0.0411 -0.1107 -0.0425 -0.1085 0.0557 -0.0197 -0.0626 -0.0196 0.0697 0.0474 -0.0829 0.0521 0.0760 0.0685 -0.0851 0.0765 0.0716 0.0676 -0.0818 0.0736 0.0690 0.0602 -0.0787 0.0658 0.0232 0.1078 -0.0218 0.1114 0.0149 0.2827 -0.0160 0.2868 0.0149 0.4455 -0.0090 0.4518 0.0134 0.4603 -0.0059 0.4694 0.0125 0.4934 -0.0138 0.4977
18: -0.0027 -0.1969 0.0027 -0.2115 0.0055 -0.2117 0.0079 -0.2117 -0.0073 -0.2103 -0.0107 -0.2100 -0.0137 -0.2095 0.0132 -0.2031 -0.0177 -0.2010 0.0041 -0.1809 -0.0087 -0.1802 0.0407 -0.1111 -0.0428 -0.1097 0.0561 0.0148 -0.0620 0.0084 0.0706 0.0853 -0.0824 0.0828 0.0757 0.1121 -0.0866 0.1114 0.0734 0.1122 -0.0827 0.1107 0.0692 0.1044 -0.0803 0.1022 0.0240 0.1072 -0.0221 0.1135 0.0199 0.2873 -0.0165 0.2929 0.0154 0.4659 -0.0095 0.4752 0.0128 0.4814 -0.0065 0.4935 0.0123 0.5234 -0.0121 0.5282
19: -0.0038 -0.1938 0.0016 -0.2100 0.0048 -0.2105 0.0074 -0.2107 -0.0085 -0.2084 -0.0117 -0.2078 -0.0148 -0.2069 0.0128 -0.2034 -0.0181 -0.1987 0.0035 -0.1781 -0.0096 -0.1767 0.0407 -0.1133 -0.0428 -0.1094 0.0565 0.0176 -0.0611 0.0159 0.0716 0.1110 -0.0795 0.1057 0.0763 0.1407 -0.0853 0.1351 0.0752 0.1423 -0.0823 0.1372 0.0711 0.1323 -0.0789 0.1274 0.0244 0.1096 -0.0224 0.1132 0.0212 0.2873 -0.0184 0.2896 0.0199 0.4673 -0.0096 0.4672 0.0173 0.4830 -0.0056 0.4834 0.0170 0.5382 -0.0124 0.5389
20: -0.0040 -0.1841 0.0014 -0.2006 0.0046 -0.2008 0.0072 -0.2007 -0.0088 -0.1997 -0.0121 -0.1992 -0.0152 -0.1983 0.0130 -0.1947 -0.0187 -0.1914 0.0033 -0.1672 -0.0099 -0.1653 0.0404 -0.1067 -0.0419 -0.0996 0.0563 0.0249 -0.0557 0.0256 0.0720 0.1267 -0.0731 0.1208 0.0768 0.1574 -0.0796 0.1538 0.0762 0.1594 -0.0759 0.1558 0.0719 0.1497 -0.0720 0.1443 0.0241 0.1018 -0.0228 0.1044 0.0204 0.2753 -0.0208 0.2723 0.0223 0.4186 -0.0082 0.4268 0.0211 0.4285 -0.0036 0.4398 0.0205 0.5002 -0.0038 0.5057
21: -0.0046 -0.1852 0.0007 -0.2011 0.0040 -0.2013 0.0066 -0.2015 -0.0094 -0.2001 -0.0127 -0.1995 -0.0158 -0.1986 0.0125 -0.1957 -0.0192 -0.1914 0.0027 -0.1694 -0.0104 -0.1664 0.0409 -0.1050 -0.0407 -0.1033 0.0553 0.0235 -0.0520 0.0210 0.0725 0.1273 -0.0671 0.1195 0.0820 0.1580 -0.0754 0.1527 0.0814 0.1599 -0.0723 0.1540 0.0772 0.1522 -0.0678 0.1447 0.0234 0.1012 -0.0235 0.1073 0.0186 0.2507 -0.0204 0.2636 0.0217 0.3736 -0.0019 0.3946 0.0230 0.3848 0.0018 0.4080 0.0211 0.4497 0.0009 0.4702
22: -0.0052 -0.1839 -0.0002 -0.1990 0.0031 -0.1992 0.0059 -0.1993 -0.0099 -0.1980 -0.0131 -0.1972 -0.0162 -0.1962 0.0117 -0.1941 -0.0196 -0.1898 0.0021 -0.1691 -0.0108 -0.1674 0.0413 -0.1073 -0.0405 -0.1025 0.0559 0.0205 -0.0467 0.0190 0.0795 0.1248 -0.0648 0.1200 0.0898 0.1508 -0.0737 0.1526 0.0894 0.1523 -0.0710 0.1544 0.0851 0.1452 -0.0666 0.1452 0.0230 0.1024 -0.0238 0.1074 0.0165 0.2623 -0.0179 0.2618 0.0245 0.3464 0.0051 0.3692 0.0358 0.3632 0.0103 0.3724 0.0276 0.4148 0.0076 0.4310
23: -0.0055 -0.1818 -0.0006 -0.1955 0.0027 -0.1954 0.0055 -0.1954 -0.0102 -0.1953 -0.0134 -0.1950 -0.0165 -0.1945 0.0113 -0.1894 -0.0198 -0.1881 0.0017 -0.1671 -0.0112 -0.1653 0.0414 -0.1068 -0.0403 -0.1028 0.0563 0.0147 -0.0439 0.0156 0.0874 0.1142 -0.0653 0.1106 0.0960 0.1363 -0.0736 0.1406 0.0951 0.1367 -0.0719 0.1411 0.0920 0.1303 -0.0677 0.1329 0.0230 0.1031 -0.0239 0.1065 0.0159 0.2553 -0.0166 0.2649 0.0230 0.3745 0.0018 0.3820 0.0308 0.3929 0.0076 0.4003 0.0242 0.4438 0.0050 0.4569
24: -0.0060 -0.1799 -0.0012 -0.1948 0.0022 -0.1950 0.0050 -0.1951 -0.0108 -0.1944 -0.0140 -0.1942 -0.0171 -0.1936 0.0108 -0.1897 -0.0203 -0.1865 0.0012 -0.1649 -0.0117 -0.1627 0.0409 -0.1101 -0.0410 -0.1024 0.0560 0.0091 -0.0461 0.0127 0.0967 0.1070 -0.0679 0.1007 0.1068 0.1288 -0.0756 0.1277 0.1079 0.1267 -0.0762 0.1273 0.1042 0.1199 -0.0728 0.1197 0.0237 0.1053 -0.0235 0.1070 0.0161 0.2604 -0.0172 0.2706 0.0217 0.3932 0.0000 0.3990 0.0260 0.4042 0.0059 0.4093 0.0224 0.4648 0.0017 0.4732
25: -0.0066 -0.1822 -0.0018 -0.1967 0.0017 -0.1963 0.0046 -0.1959 -0.0115 -0.1971 -0.0146 -0.1969 -0.0177 -0.1961 0.0103 -0.1891 -0.0207 -0.1873 0.0008 -0.1660 -0.0121 -0.1652 0.0402 -0.1089 -0.0407 -0.1020 0.0583 0.0045 -0.0481 0.0078 0.1071 0.0867 -0.0800 0.0916 0.1211 0.1001 -0.0911 0.1123 0.1241 0.0952 -0.0942 0.1092 0.1184 0.0919 -0.0900 0.1046 0.0233 0.1032 -0.0227 0.1079 0.0175 0.2662 -0.0180 0.2701 0.0210 0.4342 -0.0022 0.4247 0.0241 0.4516 0.0049 0.4487 0.0175 0.5026 -0.0043 0.4953
26: -0.0072 -0.1753 -0.0024 -0.1903 0.0010 -0.1906 0.0039 -0.1908 -0.0122 -0.1893 -0.0153 -0.1886 -0.0184 -0.1879 0.0094 -0.1902 -0.0213 -0.1848 0.0002 -0.1610 -0.0127 -0.1590 0.0390 -0.1196 -0.0411 -0.1065 0.0626 -0.0052 -0.0506 0.0042 0.1188 0.0537 -0.0983 0.0634 0.1339 0.0578 -0.1135 0.0769 0.1372 0.0510 -0.1169 0.0691 0.1321 0.0507 -0.1116 0.0667 0.0242 0.1118 -0.0219 0.1144 0.0185 0.2911 -0.0184 0.2945 0.0203 0.4686 -0.0046 0.4743 0.0205 0.4846 0.0015 0.4919 0.0144 0.5145 -0.0071 0.5175
27: -0.0087 -0.1725 -0.0038 -0.1883 -0.0004 -0.1891 0.0028 -0.1900 -0.0136 -0.1864 -0.0168 -0.1857 -0.0197 -0.1850 0.0082 -0.1877 -0.0223 -0.1811 -0.0010 -0.1586 -0.0137 -0.1563 0.0381 -0.1175 -0.0417 -0.1045 0.0664 -0.0081 -0.0525 0.0128 0.1220 0.0081 -0.1065 0.0248 0.1415 0.0100 -0.1240 0.0303 0.1437 0.0029 -0.1267 0.0207 0.1384 0.0025 -0.1210 0.0197 0.0249 0.1105 -0.0212 0.1113 0.0175 0.2885 -0.0187 0.2863 0.0194 0.4614 -0.0054 0.4686 0.0197 0.4791 -0.0001 0.4868 0.0135 0.4973 -0.0089 0.5053
28: -0.0094 -0.1787 -0.0042 -0.1933 -0.0006 -0.1940 0.0026 -0.1946 -0.0142 -0.1931 -0.0172 -0.1935 -0.0200 -0.1936 0.0080 -0.1912 -0.0224 -0.1896 -0.0018 -0.1644 -0.0142 -0.1629 0.0380 -0.1079 -0.0421 -0.0991 0.0697 -0.0137 -0.0544 0.0105 0.1193 -0.0288 -0.1088 -0.0137 0.1372 -0.0264 -0.1264 -0.0151 0.1392 -0.0349 -0.1275 -0.0243 0.1330 -0.0344 -0.1217 -0.0238 0.0249 0.1017 -0.0207 0.1054 0.0142 0.2741 -0.0190 0.2798 0.0187 0.4328 -0.0057 0.4400 0.0193 0.4501 -0.0007 0.4592 0.0118 0.4751 -0.0106 0.4821
29: -0.0084 -0.1846 -0.0031 -0.1980 0.0002 -0.1980 0.0029 -0.1977 -0.0131 -0.1982 -0.0163 -0.1979 -0.0193 -0.1975 0.0083 -0.1917 -0.0221 -0.1901 -0.0014 -0.1699 -0.0138 -0.1694 0.0380 -0.1062 -0.0424 -0.0948 0.0683 -0.0017 -0.0550 0.0143 0.1125 -0.0225 -0.1055 -0.0113 0.1279 -0.0269 -0.1222 -0.0197 0.1293 -0.0426 -0.1228 -0.0335 0.1236 -0.0383 -0.1170 -0.0302 0.0247 0.0983 -0.0205 0.1027 0.0124 0.2691 -0.0193 0.2756 0.0185 0.4249 -0.0062 0.4270 0.0190 0.4424 -0.0012 0.4444 0.0107 0.4711 -0.0129 0.4710
30: -0.0083 -0.1889 -0.0032 -0.2036 0.0001 -0.2041 0.0027 -0.2044 -0.0130 -0.2027 -0.0161 -0.2024 -0.0190 -0.2020 0.0083 -0.1984 -0.0215 -0.1946 -0.0009 -0.1748 -0.0132 -0.1730 0.0393 -0.1074 -0.0426 -0.0980 0.0624 0.0021 -0.0545 0.0153 0.0902 0.0148 -0.0945 0.0229 0.1050 0.0158 -0.1121 0.0227 0.1057 0.0043 -0.1162 0.0121 0.0998 0.0050 -0.1081 0.0128 0.0244 0.1029 -0.0210 0.1027 0.0120 0.2737 -0.0195 0.2742 0.0182 0.4280 -0.0065 0.4304 0.0186 0.4456 -0.0010 0.4497 0.0105 0.4755 -0.0136 0.4799
31: -0.0081 -0.2018 -0.0024 -0.2112 0.0009 -0.2104 0.0038 -0.2100 -0.0123 -0.2132 -0.0153 -0.2137 -0.0179 -0.2141 0.0097 -0.1987 -0.0200 -0.2062 -0.0005 -0.1863 -0.0126 -0.1856 0.0395 -0.1140 -0.0421 -0.0946 0.0536 -0.0001 -0.0529 0.0167 0.0667 0.0248 -0.0824 0.0377 0.0756 0.0377 -0.0936 0.0504 0.0762 0.0334 -0.0957 0.0463 0.0714 0.0294 -0.0910 0.0425 0.0238 0.1093 -0.0212 0.0992 0.0151 0.2653 -0.0199 0.2694 0.0191 0.4284 -0.0071 0.4347 0.0188 0.4469 -0.0017 0.4540 0.0131 0.4764 -0.0143 0.4821
32: -0.0061 -0.1973 -0.0004 -0.2100 0.0028 -0.2098 0.0059 -0.2095 -0.0102 -0.2100 -0.0135 -0.2099 -0.0163 -0.2099 0.0120 -0.2006 -0.0188 -0.2029 0.0009 -0.1822 -0.0111 -0.1822 0.0400 -0.1142 -0.0421 -0.1085 0.0502 -0.0053 -0.0525 0.0025 0.0551 0.0660 -0.0740 0.0764 0.0636 0.0792 -0.0819 0.0974 0.0623 0.0766 -0.0814 0.0965 0.0578 0.0709 -0.0770 0.0892 0.0238 0.1101 -0.0217 0.1126 0.0187 0.2893 -0.0202 0.2848 0.0194 0.4744 -0.0095 0.4822 0.0181 0.4907 -0.0061 0.5000 0.0140 0.5197 -0.0145 0.5256
33: -0.0056 -0.1944 0.0006 -0.2083 0.0037 -0.2084 0.0070 -0.2082 -0.0089 -0.2077 -0.0123 -0.2073 -0.0156 -0.2066 0.0135 -0.2000 -0.0179 -0.1995 0.0012 -0.1785 -0.0109 -0.1780 0.0403 -0.1122 -0.0417 -0.1091 0.0491 -0.0018 -0.0529 0.0048 0.0529 0.0776 -0.0729 0.1047 0.0593 0.1091 -0.0798 0.1243 0.0558 0.1107 -0.0786 0.1233 0.0520 0.0964 -0.0748 0.1157 0.0234 0.1088 -0.0220 0.1124 0.0177 0.2877 -0.0208 0.2906 0.0193 0.4736 -0.0100 0.4719 0.0182 0.4910 -0.0063 0.4914 0.0137 0.5371 -0.0153 0.5353
34: -0.0041 -0.1980 0.0017 -0.2108 0.0047 -0.2104 0.0080 -0.2098 -0.0079 -0.2104 -0.0115 -0.2097 -0.0150 -0.2090 0.0145 -0.2000 -0.0180 -0.1997 0.0022 -0.1806 -0.0099 -0.1811 0.0403 -0.1086 -0.0409 -0.1058 0.0498 0.0015 -0.0536 0.0088 0.0624 0.0868 -0.0756 0.1089 0.0694 0.1151 -0.0830 0.1416 0.0673 0.1154 -0.0822 0.1373 0.0637 0.1027 -0.0783 0.1330 0.0229 0.1049 -0.0224 0.1093 0.0167 0.2729 -0.0215 0.2814 0.0207 0.4312 -0.0107 0.4387 0.0205 0.4445 -0.0068 0.4553 0.0133 0.5045 -0.0150 0.5101
35: -0.0030 -0.1953 0.0025 -0.2063 0.0055 -0.2059 0.0089 -0.2052 -0.0067 -0.2064 -0.0102 -0.2061 -0.0138 -0.2056 0.0150 -0.1964 -0.0172 -0.1959 0.0033 -0.1776 -0.0086 -0.1781 0.0401 -0.1047 -0.0402 -0.1028 0.0507 0.0074 -0.0539 0.0110 0.0661 0.0865 -0.0777 0.0990 0.0784 0.1120 -0.0842 0.1275 0.0784 0.1135 -0.0831 0.1285 0.0733 0.1029 -0.0791 0.1227 0.0226 0.1013 -0.0226 0.1063 0.0133 0.2537 -0.0210 0.2651 0.0203 0.4054 -0.0086 0.4129 0.0209 0.4174 -0.0049 0.4267 0.0135 0.4876 -0.0113 0.4867
36: -0.0029 -0.1977 0.0030 -0.2092 0.0062 -0.2086 0.0095 -0.2077 -0.0064 -0.2094 -0.0099 -0.2088 -0.0133 -0.2080 0.0156 -0.1989 -0.0163 -0.1987 0.0036 -0.1798 -0.0080 -0.1799 0.0405 -0.1025 -0.0397 -0.1047 0.0531 0.0087 -0.0544 0.0104 0.0831 0.0854 -0.0830 0.0842 0.0983 0.1041 -0.0931 0.1095 0.1007 0.1034 -0.0953 0.1099 0.0958 0.0977 -0.0903 0.1031 0.0222 0.1029 -0.0230 0.1043 0.0128 0.2603 -0.0201 0.2706 0.0197 0.4079 -0.0059 0.4083 0.0206 0.4190 -0.0010 0.4210 0.0130 0.4817 -0.0092 0.4786
37: -0.0030 -0.2019 0.0028 -0.2124 0.0059 -0.2117 0.0093 -0.2109 -0.0066 -0.2133 -0.0102 -0.2132 -0.0136 -0.2127 0.0156 -0.1998 -0.0167 -0.2020 0.0034 -0.1846 -0.0084 -0.1848 0.0408 -0.1045 -0.0396 -0.1065 0.0568 0.0078 -0.0545 0.0100 0.0964 0.0816 -0.0907 0.0767 0.1110 0.0959 -0.1040 0.1001 0.1149 0.0945 -0.1064 0.0983 0.1090 0.0906 -0.1010 0.0918 0.0220 0.1050 -0.0234 0.1062 0.0124 0.2665 -0.0188 0.2760 0.0192 0.4186 -0.0042 0.4197 0.0204 0.4309 0.0021 0.4320 0.0118 0.4949 -0.0088 0.4958
38: -0.0033 -0.2036 0.0022 -0.2132 0.0052 -0.2123 0.0085 -0.2112 -0.0070 -0.2142 -0.0106 -0.2137 -0.0140 -0.2130 0.0148 -0.1994 -0.0173 -0.2012 0.0030 -0.1855 -0.0088 -0.1865 0.0402 -0.1068 -0.0401 -0.1061 0.0576 0.0011 -0.0543 0.0075 0.0968 0.0735 -0.0942 0.0666 0.1103 0.0864 -0.1070 0.0839 0.1129 0.0840 -0.1102 0.0807 0.1082 0.0810 -0.1047 0.0762 0.0227 0.1054 -0.0230 0.1077 0.0144 0.2729 -0.0180 0.2807 0.0193 0.4297 -0.0040 0.4327 0.0207 0.4433 0.0019 0.4471 0.0115 0.5001 -0.0085 0.5004
39: -0.0030 -0.1996 0.0028 -0.2103 0.0059 -0.2098 0.0094 -0.2093 -0.0063 -0.2105 -0.0097 -0.2101 -0.0131 -0.2094 0.0153 -0.1988 -0.0165 -0.1992 0.0034 -0.1820 -0.0084 -0.1821 0.0401 -0.1087 -0.0403 -0.1056 0.0571 0.0045 -0.0529 0.0074 0.0990 0.0699 -0.0937 0.0591 0.1120 0.0815 -0.1063 0.0761 0.1152 0.0763 -0.1093 0.0722 0.1102 0.0748 -0.1038 0.0677 0.0230 0.1083 -0.0226 0.1061 0.0165 0.2870 -0.0183 0.2917 0.0189 0.4575 -0.0046 0.4608 0.0198 0.4789 0.0008 0.4833 0.0128 0.5243 -0.0088 0.5286
40: -0.0020 -0.2016 0.0041 -0.2122 0.0074 -0.2119 0.0107 -0.2116 -0.0055 -0.2131 -0.0089 -0.2132 -0.0123 -0.2131 0.0164 -0.2018 -0.0158 -0.2048 0.0043 -0.1876 -0.0076 -0.1872 0.0405 -0.1101 -0.0408 -0.1080 0.0566 0.0078 -0.0508 0.0113 0.0950 0.0483 -0.0952 0.0326 0.1076 0.0538 -0.1093 0.0534 0.1099 0.0492 -0.1127 0.0484 0.1050 0.0472 -0.1069 0.0446 0.0232 0.1083 -0.0231 0.1097 0.0181 0.2934 -0.0182 0.2959 0.0186 0.4632 -0.0055 0.4722 0.0192 0.4788 -0.0011 0.4891 0.0158 0.5148 -0.0077 0.5201
