1: 0.0241 -0.2188 0.0217 -0.2301 0.0225 -0.2294 0.0232 -0.2289 0.0165 -0.2319 0.0134 -0.2322 0.0098 -0.2327 0.0159 -0.2203 -0.0036 -0.2217 0.0253 -0.2020 0.0188 -0.2035 0.0270 -0.1017 -0.0277 -0.1248 0.0268 0.0199 -0.0507 0.0002 0.0582 0.1006 -0.0921 0.0928 0.0683 0.1260 -0.1038 0.1131 0.0722 0.1242 -0.1043 0.1135 0.0677 0.1168 -0.1000 0.1084 0.0198 0.1206 -0.0190 0.1059 0.0153 0.3080 -0.0027 0.2979 -0.0064 0.4729 -0.0191 0.4826 -0.0175 0.4941 -0.0310 0.5066 0.0186 0.5305 0.0075 0.5422
2: 0.0241 -0.2184 0.0220 -0.2295 0.0229 -0.2288 0.0236 -0.2282 0.0167 -0.2314 0.0136 -0.2318 0.0100 -0.2322 0.0164 -0.2198 -0.0031 -0.2218 0.0248 -0.2016 0.0182 -0.2031 0.0259 -0.1030 -0.0272 -0.1249 0.0271 0.0192 -0.0503 0.0006 0.0588 0.0994 -0.0916 0.0929 0.0688 0.1233 -0.1036 0.1127 0.0727 0.1218 -0.1045 0.1120 0.0684 0.1155 -0.1000 0.1074 0.0199 0.1210 -0.0185 0.1069 0.0132 0.3062 -0.0022 0.2979 -0.0059 0.4727 -0.0186 0.4830 -0.0173 0.4946 -0.0300 0.5088 0.0199 0.5309 0.0092 0.5410
3: 0.0245 -0.2182 0.0224 -0.2293 0.0233 -0.2286 0.0240 -0.2279 0.0171 -0.2311 0.0140 -0.2315 0.0104 -0.2320 0.0168 -0.2197 -0.0025 -0.2219 0.0249 -0.2015 0.0184 -0.2029 0.0252 -0.1036 -0.0268 -0.1257 0.0271 0.0188 -0.0499 0.0004 0.0596 0.0972 -0.0911 0.0895 0.0701 0.1194 -0.1033 0.1080 0.0740 0.1183 -0.1044 0.1067 0.0700 0.1129 -0.0996 0.1027 0.0198 0.1215 -0.0181 0.1080 0.0126 0.3076 -0.0019 0.2980 -0.0053 0.4747 -0.0173 0.4838 -0.0169 0.4976 -0.0282 0.5109 0.0205 0.5346 0.0104 0.5413
4: 0.0250 -0.2185 0.0229 -0.2298 0.0237 -0.2292 0.0244 -0.2285 0.0177 -0.2315 0.0148 -0.2318 0.0114 -0.2323 0.0171 -0.2207 -0.0015 -0.2229 0.0252 -0.2020 0.0188 -0.2031 0.0246 -0.1050 -0.0265 -0.1271 0.0273 0.0176 -0.0495 -0.0007 0.0642 0.0959 -0.0908 0.0868 0.0752 0.1174 -0.1031 0.1017 0.0795 0.1162 -0.1044 0.1003 0.0759 0.1115 -0.0995 0.0977 0.0196 0.1224 -0.0177 0.1098 0.0124 0.3090 -0.0020 0.2987 -0.0038 0.4775 -0.0160 0.4857 -0.0154 0.4990 -0.0267 0.5115 0.0209 0.5412 0.0107 0.5455
5: 0.0251 -0.2187 0.0231 -0.2294 0.0239 -0.2287 0.0246 -0.2281 0.0178 -0.2313 0.0149 -0.2316 0.0115 -0.2321 0.0175 -0.2205 -0.0012 -0.2229 0.0252 -0.2021 0.0187 -0.2023 0.0248 -0.1052 -0.0264 -0.1293 0.0272 0.0180 -0.0491 -0.0011 0.0656 0.0929 -0.0900 0.0833 0.0789 0.1124 -0.1028 0.0957 0.0828 0.1099 -0.1043 0.0935 0.0793 0.1063 -0.0993 0.0915 0.0194 0.1234 -0.0177 0.1110 0.0120 0.3091 -0.0020 0.3022 -0.0029 0.4786 -0.0137 0.4932 -0.0149 0.4979 -0.0240 0.5163 0.0210 0.5421 0.0122 0.5511
6: 0.0251 -0.2192 0.0233 -0.2286 0.0242 -0.2280 0.0250 -0.2275 0.0179 -0.2302 0.0149 -0.2305 0.0115 -0.2309 0.0184 -0.2205 -0.0010 -0.2233 0.0252 -0.2019 0.0186 -0.2014 0.0249 -0.1067 -0.0265 -0.1317 0.0270 0.0166 -0.0487 -0.0018 0.0676 0.0856 -0.0872 0.0760 0.0837 0.1038 -0.1012 0.0858 0.0872 0.1003 -0.1032 0.0814 0.0838 0.0971 -0.0982 0.0802 0.0192 0.1254 -0.0178 0.1130 0.0121 0.3097 -0.0020 0.3047 -0.0025 0.4802 -0.0123 0.4950 -0.0146 0.4991 -0.0223 0.5168 0.0210 0.5427 0.0136 0.5546
7: 0.0251 -0.2169 0.0237 -0.2282 0.0248 -0.2276 0.0259 -0.2268 0.0179 -0.2297 0.0149 -0.2299 0.0113 -0.2301 0.0203 -0.2187 -0.0010 -0.2226 0.0252 -0.1982 0.0184 -0.1992 0.0252 -0.1064 -0.0266 -0.1298 0.0269 0.0156 -0.0473 -0.0018 0.0733 0.0784 -0.0845 0.0681 0.0889 0.0951 -0.0997 0.0758 0.0927 0.0901 -0.1012 0.0713 0.0892 0.0877 -0.0964 0.0702 0.0192 0.1242 -0.0177 0.1120 0.0132 0.3083 -0.0018 0.3059 -0.0024 0.4784 -0.0110 0.4969 -0.0146 0.4965 -0.0212 0.5190 0.0202 0.5385 0.0144 0.5556
8: 0.0255 -0.2125 0.0243 -0.2245 0.0254 -0.2240 0.0263 -0.2237 0.0183 -0.2259 0.0153 -0.2264 0.0117 -0.2269 0.0200 -0.2164 -0.0002 -0.2206 0.0252 -0.1950 0.0184 -0.1958 0.0258 -0.1041 -0.0271 -0.1272 0.0265 0.0156 -0.0471 -0.0056 0.0817 0.0700 -0.0819 0.0598 0.0951 0.0834 -0.0952 0.0672 0.0995 0.0771 -0.0963 0.0633 0.0953 0.0756 -0.0917 0.0617 0.0192 0.1228 -0.0179 0.1086 0.0143 0.3060 -0.0010 0.3013 -0.0031 0.4764 -0.0113 0.4908 -0.0165 0.4951 -0.0219 0.5127 0.0174 0.5348 0.0138 0.5467
9: 0.0259 -0.2089 0.0246 -0.2224 0.0255 -0.2220 0.0264 -0.2215 0.0186 -0.2233 0.0155 -0.2235 0.0119 -0.2238 0.0197 -0.2130 0.0001 -0.2175 0.0258 -0.1912 0.0191 -0.1918 0.0279 -0.1034 -0.0277 -0.1218 0.0280 0.0119 -0.0453 -0.0071 0.0854 0.0597 -0.0777 0.0541 0.0977 0.0712 -0.0910 0.0616 0.1020 0.0640 -0.0911 0.0554 0.0977 0.0621 -0.0865 0.0547 0.0185 0.1194 -0.0185 0.1058 0.0155 0.3040 0.0012 0.2998 -0.0050 0.4679 -0.0123 0.4801 -0.0188 0.4906 -0.0226 0.5048 0.0163 0.5264 0.0132 0.5352
10: 0.0258 -0.2062 0.0246 -0.2192 0.0256 -0.2186 0.0265 -0.2179 0.0185 -0.2202 0.0154 -0.2204 0.0118 -0.2208 0.0199 -0.2091 0.0003 -0.2146 0.0258 -0.1881 0.0190 -0.1893 0.0292 -0.1009 -0.0283 -0.1241 0.0311 0.0163 -0.0441 -0.0086 0.0892 0.0536 -0.0740 0.0507 0.1027 0.0621 -0.0864 0.0569 0.1068 0.0552 -0.0868 0.0498 0.1023 0.0531 -0.0822 0.0502 0.0181 0.1196 -0.0191 0.1054 0.0171 0.3025 0.0036 0.2978 -0.0067 0.4659 -0.0128 0.4742 -0.0212 0.4913 -0.0236 0.5006 0.0164 0.5214 0.0128 0.5264
11: 0.0263 -0.2023 0.0251 -0.2151 0.0260 -0.2145 0.0268 -0.2137 0.0194 -0.2163 0.0163 -0.2167 0.0129 -0.2171 0.0199 -0.2066 0.0015 -0.2121 0.0260 -0.1849 0.0194 -0.1862 0.0297 -0.1025 -0.0284 -0.1241 0.0318 0.0151 -0.0436 -0.0108 0.0874 0.0461 -0.0695 0.0473 0.1023 0.0521 -0.0821 0.0551 0.1069 0.0446 -0.0821 0.0489 0.1019 0.0431 -0.0774 0.0486 0.0180 0.1189 -0.0192 0.1079 0.0184 0.3009 0.0076 0.2985 -0.0088 0.4625 -0.0133 0.4695 -0.0224 0.4898 -0.0243 0.4965 0.0174 0.5122 0.0135 0.5170
12: 0.0262 -0.2073 0.0252 -0.2191 0.0261 -0.2186 0.0269 -0.2183 0.0195 -0.2211 0.0165 -0.2218 0.0131 -0.2225 0.0202 -0.2123 0.0019 -0.2165 0.0258 -0.1880 0.0192 -0.1900 0.0294 -0.1043 -0.0285 -0.1261 0.0330 0.0137 -0.0425 -0.0137 0.0876 0.0360 -0.0664 0.0424 0.1043 0.0402 -0.0797 0.0528 0.1084 0.0323 -0.0792 0.0467 0.1031 0.0316 -0.0741 0.0458 0.0178 0.1203 -0.0187 0.1103 0.0184 0.2975 0.0099 0.2971 -0.0120 0.4544 -0.0148 0.4604 -0.0243 0.4813 -0.0255 0.4871 0.0170 0.5024 0.0133 0.5062
13: 0.0251 -0.2147 0.0247 -0.2242 0.0257 -0.2236 0.0265 -0.2230 0.0186 -0.2260 0.0156 -0.2265 0.0121 -0.2269 0.0207 -0.2151 0.0014 -0.2200 0.0249 -0.1949 0.0177 -0.1973 0.0291 -0.1061 -0.0289 -0.1279 0.0336 0.0117 -0.0426 -0.0138 0.0874 0.0285 -0.0654 0.0346 0.1047 0.0302 -0.0784 0.0474 0.1087 0.0221 -0.0771 0.0415 0.1031 0.0216 -0.0721 0.0398 0.0183 0.1213 -0.0185 0.1127 0.0184 0.2930 0.0091 0.2930 -0.0144 0.4453 -0.0171 0.4508 -0.0253 0.4708 -0.0267 0.4771 0.0158 0.4913 0.0107 0.4951
14: 0.0249 -0.2127 0.0245 -0.2235 0.0255 -0.2229 0.0263 -0.2223 0.0185 -0.2250 0.0154 -0.2254 0.0120 -0.2259 0.0204 -0.2145 0.0011 -0.2184 0.0247 -0.1953 0.0176 -0.1972 0.0292 -0.1014 -0.0290 -0.1222 0.0333 0.0121 -0.0429 -0.0095 0.0880 0.0313 -0.0668 0.0391 0.1051 0.0316 -0.0788 0.0535 0.1091 0.0227 -0.0769 0.0468 0.1040 0.0226 -0.0721 0.0447 0.0186 0.1156 -0.0186 0.1078 0.0195 0.2910 0.0081 0.2914 -0.0143 0.4449 -0.0174 0.4494 -0.0256 0.4707 -0.0270 0.4760 0.0152 0.4916 0.0093 0.4946
15: 0.0235 -0.2132 0.0237 -0.2234 0.0249 -0.2226 0.0259 -0.2218 0.0173 -0.2248 0.0142 -0.2252 0.0107 -0.2257 0.0204 -0.2131 0.0002 -0.2188 0.0243 -0.1943 0.0168 -0.1968 0.0295 -0.1013 -0.0296 -0.1218 0.0328 0.0136 -0.0439 -0.0107 0.0863 0.0390 -0.0689 0.0482 0.1029 0.0392 -0.0803 0.0641 0.1068 0.0303 -0.0781 0.0591 0.1017 0.0305 -0.0735 0.0563 0.0188 0.1158 -0.0186 0.1074 0.0197 0.2930 0.0072 0.2922 -0.0144 0.4494 -0.0179 0.4550 -0.0260 0.4747 -0.0276 0.4823 0.0143 0.4979 0.0089 0.5012
16: 0.0231 -0.2122 0.0232 -0.2229 0.0244 -0.2222 0.0254 -0.2215 0.0169 -0.2244 0.0137 -0.2247 0.0103 -0.2251 0.0199 -0.2131 -0.0003 -0.2180 0.0239 -0.1937 0.0165 -0.1957 0.0298 -0.0998 -0.0300 -0.1220 0.0320 0.0166 -0.0458 -0.0080 0.0856 0.0445 -0.0702 0.0520 0.1015 0.0462 -0.0811 0.0698 0.1053 0.0383 -0.0787 0.0656 0.1004 0.0378 -0.0740 0.0617 0.0187 0.1143 -0.0187 0.1075 0.0191 0.2939 0.0056 0.2931 -0.0145 0.4520 -0.0179 0.4594 -0.0262 0.4797 -0.0279 0.4869 0.0106 0.5006 0.0080 0.5062
17: 0.0232 -0.2078 0.0232 -0.2191 0.0244 -0.2185 0.0254 -0.2180 0.0169 -0.2210 0.0138 -0.2217 0.0104 -0.2222 0.0199 -0.2108 -0.0002 -0.2144 0.0239 -0.1891 0.0166 -0.1906 0.0297 -0.1011 -0.0301 -0.1194 0.0312 0.0130 -0.0460 -0.0056 0.0829 0.0573 -0.0708 0.0635 0.0978 0.0601 -0.0818 0.0808 0.1015 0.0534 -0.0793 0.0775 0.0967 0.0516 -0.0744 0.0731 0.0190 0.1136 -0.0187 0.1069 0.0181 0.2965 0.0016 0.2933 -0.0118 0.4611 -0.0172 0.4666 -0.0241 0.4882 -0.0272 0.4943 0.0098 0.5126 0.0065 0.5185
18: 0.0227 -0.2122 0.0229 -0.2230 0.0242 -0.2222 0.0254 -0.2211 0.0164 -0.2250 0.0131 -0.2255 0.0094 -0.2259 0.0201 -0.2119 -0.0008 -0.2174 0.0234 -0.1924 0.0160 -0.1948 0.0296 -0.1022 -0.0303 -0.1220 0.0292 0.0149 -0.0466 -0.0061 0.0803 0.0717 -0.0725 0.0777 0.0936 0.0768 -0.0822 0.0945 0.0971 0.0713 -0.0795 0.0916 0.0929 0.0686 -0.0745 0.0868 0.0194 0.1157 -0.0187 0.1083 0.0150 0.3031 -0.0032 0.2976 -0.0082 0.4752 -0.0153 0.4781 -0.0191 0.5009 -0.0235 0.5046 0.0100 0.5276 0.0061 0.5328
19: 0.0223 -0.2134 0.0227 -0.2248 0.0241 -0.2237 0.0254 -0.2223 0.0158 -0.2269 0.0123 -0.2274 0.0084 -0.2277 0.0203 -0.2129 -0.0017 -0.2188 0.0230 -0.1935 0.0153 -0.1962 0.0292 -0.1019 -0.0306 -0.1234 0.0294 0.0151 -0.0489 -0.0057 0.0787 0.0824 -0.0766 0.0874 0.0911 0.0897 -0.0848 0.1056 0.0940 0.0857 -0.0824 0.1041 0.0902 0.0823 -0.0780 0.0984 0.0198 0.1172 -0.0184 0.1079 0.0127 0.3072 -0.0058 0.3021 -0.0041 0.4811 -0.0140 0.4862 -0.0131 0.5060 -0.0207 0.5128 0.0131 0.5358 0.0062 0.5396
20: 0.0220 -0.2095 0.0225 -0.2204 0.0239 -0.2193 0.0252 -0.2183 0.0154 -0.2238 0.0118 -0.2249 0.0078 -0.2259 0.0200 -0.2099 -0.0024 -0.2171 0.0225 -0.1900 0.0148 -0.1928 0.0283 -0.1010 -0.0312 -0.1208 0.0293 0.0168 -0.0510 -0.0011 0.0748 0.0923 -0.0833 0.0972 0.0867 0.1023 -0.0913 0.1170 0.0894 0.0997 -0.0906 0.1155 0.0861 0.0958 -0.0869 0.1098 0.0203 0.1148 -0.0176 0.1071 0.0118 0.3113 -0.0084 0.3055 -0.0029 0.4865 -0.0143 0.4910 -0.0122 0.5108 -0.0209 0.5171 0.0182 0.5434 0.0064 0.5454
21: 0.0224 -0.2074 0.0226 -0.2199 0.0240 -0.2190 0.0252 -0.2181 0.0157 -0.2222 0.0121 -0.2230 0.0081 -0.2238 0.0192 -0.2088 -0.0025 -0.2168 0.0226 -0.1893 0.0152 -0.1907 0.0280 -0.1003 -0.0315 -0.1201 0.0295 0.0196 -0.0528 0.0033 0.0732 0.0998 -0.0904 0.1015 0.0851 0.1137 -0.0997 0.1221 0.0877 0.1133 -0.0998 0.1218 0.0847 0.1080 -0.0964 0.1160 0.0204 0.1152 -0.0171 0.1053 0.0102 0.3097 -0.0090 0.3040 -0.0018 0.4844 -0.0144 0.4908 -0.0104 0.5090 -0.0211 0.5172 0.0241 0.5411 0.0090 0.5453
22: 0.0230 -0.2085 0.0228 -0.2202 0.0241 -0.2196 0.0252 -0.2190 0.0163 -0.2217 0.0129 -0.2221 0.0090 -0.2227 0.0180 -0.2101 -0.0023 -0.2160 0.0230 -0.1910 0.0163 -0.1917 0.0280 -0.1005 -0.0316 -0.1179 0.0293 0.0197 -0.0536 0.0057 0.0682 0.1051 -0.0939 0.1015 0.0800 0.1217 -0.1032 0.1211 0.0831 0.1210 -0.1041 0.1211 0.0790 0.1151 -0.1006 0.1161 0.0206 0.1148 -0.0168 0.1038 0.0104 0.3097 -0.0084 0.2963 -0.0008 0.4852 -0.0142 0.4869 -0.0103 0.5105 -0.0209 0.5147 0.0281 0.5394 0.0094 0.5386
23: 0.0233 -0.2119 0.0229 -0.2241 0.0242 -0.2235 0.0252 -0.2229 0.0165 -0.2250 0.0130 -0.2251 0.0092 -0.2253 0.0179 -0.2140 -0.0022 -0.2191 0.0236 -0.1936 0.0169 -0.1949 0.0279 -0.1005 -0.0315 -0.1203 0.0284 0.0179 -0.0540 0.0030 0.0652 0.1044 -0.0960 0.0952 0.0759 0.1233 -0.1067 0.1149 0.0789 0.1225 -0.1079 0.1148 0.0754 0.1161 -0.1038 0.1101 0.0204 0.1169 -0.0169 0.1042 0.0091 0.3081 -0.0097 0.2973 -0.0008 0.4776 -0.0104 0.4837 -0.0102 0.5017 -0.0148 0.5120 0.0263 0.5294 0.0117 0.5353
24: 0.0237 -0.2103 0.0232 -0.2220 0.0245 -0.2212 0.0255 -0.2202 0.0169 -0.2239 0.0134 -0.2242 0.0097 -0.2245 0.0182 -0.2121 -0.0019 -0.2182 0.0240 -0.1924 0.0173 -0.1943 0.0271 -0.0992 -0.0312 -0.1201 0.0283 0.0175 -0.0538 0.0041 0.0637 0.1071 -0.0969 0.0914 0.0726 0.1280 -0.1083 0.1111 0.0760 0.1272 -0.1100 0.1112 0.0724 0.1206 -0.1058 0.1064 0.0207 0.1155 -0.0164 0.1037 0.0099 0.3105 -0.0090 0.3011 0.0016 0.4854 -0.0108 0.4875 -0.0074 0.5101 -0.0148 0.5146 0.0266 0.5373 0.0091 0.5348
25: 0.0243 -0.2112 0.0235 -0.2231 0.0248 -0.2224 0.0258 -0.2218 0.0175 -0.2251 0.0142 -0.2257 0.0105 -0.2265 0.0185 -0.2149 -0.0016 -0.2200 0.0244 -0.1944 0.0179 -0.1964 0.0262 -0.1001 -0.0309 -0.1220 0.0285 0.0168 -0.0535 0.0011 0.0630 0.1035 -0.0968 0.0842 0.0718 0.1270 -0.1090 0.1038 0.0752 0.1259 -0.1109 0.1035 0.0716 0.1197 -0.1065 0.0988 0.0210 0.1171 -0.0161 0.1048 0.0105 0.3114 -0.0090 0.3019 0.0012 0.4836 -0.0114 0.4873 -0.0074 0.5084 -0.0160 0.5154 0.0261 0.5391 0.0104 0.5383
26: 0.0247 -0.2118 0.0239 -0.2238 0.0251 -0.2231 0.0260 -0.2223 0.0180 -0.2261 0.0147 -0.2269 0.0111 -0.2278 0.0184 -0.2158 -0.0012 -0.2216 0.0246 -0.1949 0.0183 -0.1965 0.0251 -0.1012 -0.0306 -0.1242 0.0286 0.0167 -0.0530 -0.0005 0.0631 0.0992 -0.0963 0.0782 0.0729 0.1243 -0.1090 0.0955 0.0763 0.1235 -0.1108 0.0952 0.0726 0.1168 -0.1062 0.0913 0.0213 0.1189 -0.0160 0.1065 0.0117 0.3125 -0.0084 0.3031 0.0013 0.4816 -0.0126 0.4868 -0.0078 0.5058 -0.0184 0.5143 0.0262 0.5392 0.0106 0.5393
27: 0.0253 -0.2114 0.0244 -0.2230 0.0254 -0.2224 0.0262 -0.2218 0.0186 -0.2253 0.0153 -0.2262 0.0117 -0.2273 0.0177 -0.2156 -0.0007 -0.2206 0.0248 -0.1946 0.0187 -0.1956 0.0241 -0.1018 -0.0301 -0.1249 0.0286 0.0169 -0.0523 -0.0000 0.0647 0.0962 -0.0951 0.0758 0.0753 0.1203 -0.1081 0.0912 0.0787 0.1193 -0.1098 0.0893 0.0749 0.1134 -0.1052 0.0860 0.0219 0.1192 -0.0159 0.1073 0.0123 0.3117 -0.0076 0.3022 0.0016 0.4802 -0.0120 0.4857 -0.0077 0.5056 -0.0181 0.5137 0.0237 0.5425 0.0102 0.5464
28: 0.0255 -0.2132 0.0246 -0.2248 0.0256 -0.2240 0.0264 -0.2233 0.0188 -0.2271 0.0155 -0.2279 0.0118 -0.2289 0.0181 -0.2168 -0.0005 -0.2219 0.0246 -0.1964 0.0184 -0.1976 0.0241 -0.1030 -0.0298 -0.1256 0.0290 0.0142 -0.0519 -0.0029 0.0664 0.0930 -0.0939 0.0745 0.0792 0.1153 -0.1069 0.0893 0.0822 0.1138 -0.1085 0.0862 0.0787 0.1088 -0.1039 0.0829 0.0219 0.1211 -0.0163 0.1074 0.0128 0.3150 -0.0071 0.3075 0.0020 0.4849 -0.0121 0.4918 -0.0074 0.5070 -0.0192 0.5161 0.0233 0.5525 0.0088 0.5545
29: 0.0254 -0.2151 0.0247 -0.2266 0.0258 -0.2256 0.0265 -0.2247 0.0185 -0.2294 0.0152 -0.2302 0.0114 -0.2311 0.0184 -0.2181 -0.0005 -0.2241 0.0243 -0.1967 0.0177 -0.1984 0.0246 -0.1059 -0.0296 -0.1287 0.0293 0.0141 -0.0514 -0.0031 0.0695 0.0861 -0.0935 0.0692 0.0843 0.1060 -0.1057 0.0835 0.0869 0.1028 -0.1071 0.0798 0.0838 0.0992 -0.1026 0.0766 0.0219 0.1242 -0.0167 0.1104 0.0142 0.3160 -0.0067 0.3100 0.0023 0.4848 -0.0120 0.4937 -0.0074 0.5033 -0.0200 0.5148 0.0204 0.5550 0.0070 0.5575
30: 0.0258 -0.2121 0.0250 -0.2258 0.0260 -0.2254 0.0267 -0.2250 0.0189 -0.2274 0.0156 -0.2280 0.0118 -0.2288 0.0186 -0.2181 -0.0002 -0.2244 0.0246 -0.1946 0.0181 -0.1958 0.0249 -0.1082 -0.0300 -0.1251 0.0295 0.0128 -0.0505 -0.0034 0.0748 0.0738 -0.0898 0.0571 0.0904 0.0921 -0.1045 0.0712 0.0937 0.0879 -0.1062 0.0667 0.0903 0.0852 -0.1012 0.0641 0.0219 0.1226 -0.0169 0.1108 0.0146 0.3120 -0.0055 0.3065 0.0001 0.4800 -0.0132 0.4877 -0.0115 0.4997 -0.0227 0.5096 0.0172 0.5451 0.0051 0.5473
31: 0.0269 -0.2062 0.0260 -0.2203 0.0270 -0.2200 0.0278 -0.2197 0.0200 -0.2219 0.0167 -0.2228 0.0129 -0.2238 0.0196 -0.2129 0.0009 -0.2204 0.0258 -0.1891 0.0193 -0.1904 0.0260 -0.1058 -0.0297 -0.1213 0.0302 0.0148 -0.0481 -0.0005 0.0785 0.0632 -0.0846 0.0491 0.0944 0.0785 -0.1005 0.0615 0.0979 0.0727 -0.1020 0.0568 0.0941 0.0708 -0.0974 0.0543 0.0211 0.1199 -0.0175 0.1071 0.0158 0.3084 -0.0022 0.3022 -0.0026 0.4716 -0.0134 0.4796 -0.0157 0.4938 -0.0240 0.5044 0.0155 0.5336 0.0051 0.5358
32: 0.0267 -0.2053 0.0259 -0.2180 0.0269 -0.2174 0.0277 -0.2170 0.0199 -0.2196 0.0165 -0.2204 0.0127 -0.2215 0.0196 -0.2093 0.0006 -0.2166 0.0258 -0.1872 0.0193 -0.1885 0.0269 -0.1039 -0.0301 -0.1184 0.0302 0.0127 -0.0471 -0.0016 0.0823 0.0556 -0.0813 0.0496 0.0979 0.0670 -0.0940 0.0561 0.1019 0.0607 -0.0950 0.0487 0.0975 0.0594 -0.0907 0.0479 0.0207 0.1168 -0.0174 0.1056 0.0174 0.3034 0.0020 0.2997 -0.0084 0.4637 -0.0151 0.4724 -0.0221 0.4888 -0.0266 0.4992 0.0150 0.5228 0.0067 0.5262
33: 0.0263 -0.2041 0.0256 -0.2163 0.0266 -0.2157 0.0274 -0.2153 0.0194 -0.2181 0.0161 -0.2189 0.0123 -0.2199 0.0194 -0.2078 0.0003 -0.2150 0.0256 -0.1856 0.0190 -0.1874 0.0274 -0.1020 -0.0303 -0.1201 0.0325 0.0126 -0.0462 -0.0055 0.0890 0.0477 -0.0755 0.0485 0.1043 0.0557 -0.0883 0.0561 0.1089 0.0496 -0.0883 0.0484 0.1038 0.0481 -0.0841 0.0481 0.0205 0.1165 -0.0177 0.1058 0.0193 0.3010 0.0053 0.3015 -0.0113 0.4589 -0.0166 0.4678 -0.0238 0.4845 -0.0280 0.4940 0.0153 0.5125 0.0072 0.5148
34: 0.0261 -0.2049 0.0254 -0.2183 0.0264 -0.2177 0.0272 -0.2171 0.0193 -0.2197 0.0160 -0.2202 0.0122 -0.2207 0.0192 -0.2099 0.0003 -0.2159 0.0254 -0.1869 0.0189 -0.1885 0.0279 -0.1037 -0.0304 -0.1239 0.0339 0.0115 -0.0450 -0.0066 0.0913 0.0376 -0.0735 0.0484 0.1071 0.0431 -0.0854 0.0602 0.1112 0.0368 -0.0845 0.0509 0.1062 0.0355 -0.0800 0.0488 0.0204 0.1175 -0.0178 0.1099 0.0194 0.2973 0.0069 0.3001 -0.0127 0.4497 -0.0175 0.4589 -0.0240 0.4751 -0.0285 0.4847 0.0155 0.5006 0.0077 0.5029
35: 0.0249 -0.2068 0.0246 -0.2190 0.0258 -0.2182 0.0269 -0.2173 0.0184 -0.2209 0.0151 -0.2214 0.0113 -0.2220 0.0193 -0.2114 -0.0001 -0.2174 0.0240 -0.1887 0.0169 -0.1908 0.0281 -0.1060 -0.0304 -0.1275 0.0341 0.0152 -0.0439 -0.0070 0.0906 0.0326 -0.0702 0.0474 0.1074 0.0353 -0.0817 0.0633 0.1114 0.0289 -0.0801 0.0537 0.1063 0.0274 -0.0757 0.0508 0.0203 0.1196 -0.0179 0.1138 0.0196 0.2952 0.0082 0.2990 -0.0142 0.4437 -0.0182 0.4529 -0.0245 0.4686 -0.0289 0.4782 0.0147 0.4924 0.0077 0.4951
36: 0.0240 -0.2112 0.0237 -0.2226 0.0249 -0.2219 0.0260 -0.2212 0.0176 -0.2246 0.0144 -0.2251 0.0107 -0.2258 0.0191 -0.2150 -0.0008 -0.2191 0.0232 -0.1941 0.0162 -0.1947 0.0281 -0.1073 -0.0304 -0.1251 0.0340 0.0099 -0.0439 -0.0094 0.0891 0.0312 -0.0693 0.0468 0.1052 0.0321 -0.0803 0.0631 0.1097 0.0243 -0.0794 0.0552 0.1044 0.0244 -0.0750 0.0521 0.0201 0.1183 -0.0179 0.1141 0.0196 0.2901 0.0084 0.2941 -0.0148 0.4393 -0.0188 0.4470 -0.0247 0.4640 -0.0291 0.4723 0.0149 0.4854 0.0078 0.4884
37: 0.0231 -0.2120 0.0226 -0.2230 0.0239 -0.2222 0.0252 -0.2214 0.0166 -0.2249 0.0134 -0.2252 0.0098 -0.2255 0.0189 -0.2136 -0.0016 -0.2174 0.0231 -0.1952 0.0161 -0.1965 0.0291 -0.1053 -0.0305 -0.1206 0.0338 0.0097 -0.0442 -0.0121 0.0885 0.0380 -0.0695 0.0510 0.1038 0.0393 -0.0807 0.0716 0.1081 0.0306 -0.0798 0.0659 0.1031 0.0307 -0.0751 0.0612 0.0195 0.1150 -0.0182 0.1110 0.0193 0.2913 0.0077 0.2947 -0.0155 0.4402 -0.0197 0.4474 -0.0256 0.4649 -0.0297 0.4732 0.0142 0.4865 0.0072 0.4895
38: 0.0227 -0.2108 0.0224 -0.2219 0.0237 -0.2212 0.0250 -0.2205 0.0161 -0.2234 0.0128 -0.2236 0.0091 -0.2239 0.0190 -0.2123 -0.0022 -0.2164 0.0231 -0.1931 0.0159 -0.1944 0.0293 -0.1047 -0.0305 -0.1206 0.0330 0.0108 -0.0460 -0.0096 0.0871 0.0466 -0.0702 0.0596 0.1036 0.0500 -0.0823 0.0830 0.1077 0.0425 -0.0813 0.0789 0.1024 0.0419 -0.0769 0.0730 0.0194 0.1158 -0.0182 0.1096 0.0194 0.2941 0.0072 0.2960 -0.0151 0.4461 -0.0197 0.4533 -0.0257 0.4709 -0.0297 0.4786 0.0134 0.4915 0.0072 0.4960
39: 0.0226 -0.2062 0.0222 -0.2163 0.0236 -0.2152 0.0248 -0.2144 0.0158 -0.2185 0.0126 -0.2189 0.0088 -0.2194 0.0190 -0.2069 -0.0023 -0.2128 0.0231 -0.1879 0.0160 -0.1901 0.0299 -0.1025 -0.0306 -0.1184 0.0324 0.0112 -0.0488 -0.0059 0.0841 0.0523 -0.0742 0.0650 0.0997 0.0578 -0.0825 0.0897 0.1028 0.0520 -0.0817 0.0865 0.0975 0.0503 -0.0778 0.0798 0.0193 0.1131 -0.0185 0.1077 0.0192 0.2922 0.0048 0.2952 -0.0148 0.4469 -0.0196 0.4575 -0.0252 0.4736 -0.0296 0.4849 0.0134 0.4956 0.0073 0.5021
40: 0.0223 -0.2132 0.0219 -0.2228 0.0233 -0.2221 0.0246 -0.2214 0.0155 -0.2242 0.0122 -0.2242 0.0084 -0.2241 0.0192 -0.2126 -0.0024 -0.2152 0.0229 -0.1939 0.0157 -0.1954 0.0301 -0.1027 -0.0303 -0.1207 0.0319 0.0117 -0.0499 -0.0047 0.0817 0.0641 -0.0796 0.0775 0.0965 0.0721 -0.0859 0.1015 0.0991 0.0671 -0.0852 0.1005 0.0941 0.0644 -0.0826 0.0942 0.0190 0.1155 -0.0187 0.1079 0.0171 0.2962 0.0007 0.2943 -0.0141 0.4568 -0.0186 0.4648 -0.0246 0.4835 -0.0287 0.4932 0.0123 0.5082 0.0076 0.5146
