1: -0.0297 -0.1992 -0.0235 -0.2152 -0.0198 -0.2157 -0.0159 -0.2163 -0.0294 -0.2149 -0.0304 -0.2153 -0.0316 -0.2157 -0.0043 -0.2116 -0.0239 -0.2106 -0.0224 -0.1831 -0.0301 -0.1828 0.0290 -0.1182 -0.0317 -0.1211 0.0542 -0.0126 -0.0232 -0.0152 0.0312 0.0659 -0.0388 0.0617 0.0269 0.0937 -0.0409 0.0908 0.0200 0.0887 -0.0407 0.0873 0.0198 0.0799 -0.0373 0.0770 0.0185 0.1199 -0.0159 0.1194 0.0039 0.2976 -0.0130 0.2979 0.0082 0.4701 0.0011 0.4535 0.0138 0.4939 0.0092 0.4760 -0.0203 0.5102 -0.0254 0.5026
2: -0.0290 -0.1986 -0.0226 -0.2147 -0.0191 -0.2151 -0.0153 -0.2157 -0.0284 -0.2144 -0.0294 -0.2147 -0.0306 -0.2152 -0.0032 -0.2110 -0.0230 -0.2102 -0.0218 -0.1825 -0.0294 -0.1822 0.0298 -0.1180 -0.0327 -0.1208 0.0549 -0.0121 -0.0219 -0.0144 0.0334 0.0662 -0.0372 0.0653 0.0300 0.0926 -0.0384 0.0899 0.0229 0.0864 -0.0409 0.0899 0.0225 0.0776 -0.0372 0.0784 0.0195 0.1189 -0.0164 0.1200 0.0085 0.2990 -0.0142 0.3000 0.0151 0.4712 -0.0023 0.4637 0.0194 0.4953 0.0066 0.4861 -0.0011 0.5121 -0.0259 0.5113
3: -0.0288 -0.1998 -0.0223 -0.2153 -0.0188 -0.2154 -0.0151 -0.2160 -0.0281 -0.2153 -0.0291 -0.2156 -0.0302 -0.2160 -0.0026 -0.2107 -0.0226 -0.2103 -0.0217 -0.1825 -0.0291 -0.1825 0.0295 -0.1180 -0.0323 -0.1201 0.0546 -0.0115 -0.0205 -0.0122 0.0346 0.0670 -0.0343 0.0658 0.0317 0.0934 -0.0371 0.0907 0.0243 0.0872 -0.0410 0.0928 0.0238 0.0784 -0.0370 0.0848 0.0196 0.1176 -0.0166 0.1204 0.0095 0.2999 -0.0141 0.3012 0.0167 0.4747 -0.0019 0.4688 0.0207 0.5008 0.0066 0.4925 -0.0002 0.5207 -0.0272 0.5121
4: -0.0283 -0.2011 -0.0218 -0.2162 -0.0185 -0.2162 -0.0149 -0.2167 -0.0275 -0.2165 -0.0285 -0.2168 -0.0296 -0.2172 -0.0020 -0.2108 -0.0218 -0.2112 -0.0213 -0.1830 -0.0286 -0.1834 0.0294 -0.1180 -0.0317 -0.1196 0.0551 -0.0108 -0.0194 -0.0109 0.0352 0.0687 -0.0318 0.0666 0.0322 0.0953 -0.0353 0.0916 0.0250 0.0891 -0.0386 0.0951 0.0245 0.0802 -0.0357 0.0883 0.0186 0.1173 -0.0165 0.1205 0.0099 0.3007 -0.0134 0.3021 0.0170 0.4770 -0.0010 0.4711 0.0225 0.5027 0.0074 0.4951 -0.0028 0.5217 -0.0272 0.5139
5: -0.0281 -0.2018 -0.0216 -0.2171 -0.0183 -0.2172 -0.0147 -0.2178 -0.0273 -0.2171 -0.0283 -0.2172 -0.0294 -0.2175 -0.0016 -0.2118 -0.0216 -0.2117 -0.0209 -0.1836 -0.0282 -0.1839 0.0295 -0.1183 -0.0315 -0.1195 0.0547 -0.0105 -0.0184 -0.0104 0.0353 0.0699 -0.0292 0.0666 0.0323 0.0968 -0.0326 0.0918 0.0252 0.0908 -0.0333 0.0936 0.0247 0.0816 -0.0306 0.0851 0.0183 0.1174 -0.0163 0.1205 0.0102 0.3015 -0.0132 0.3031 0.0176 0.4782 -0.0010 0.4710 0.0236 0.5048 0.0075 0.4948 -0.0038 0.5265 -0.0272 0.5142
6: -0.0277 -0.2024 -0.0212 -0.2179 -0.0179 -0.2181 -0.0143 -0.2187 -0.0270 -0.2179 -0.0280 -0.2180 -0.0291 -0.2182 -0.0010 -0.2123 -0.0214 -0.2122 -0.0205 -0.1841 -0.0280 -0.1844 0.0297 -0.1185 -0.0312 -0.1195 0.0543 -0.0101 -0.0179 -0.0096 0.0354 0.0708 -0.0280 0.0663 0.0325 0.0979 -0.0312 0.0918 0.0254 0.0917 -0.0312 0.0916 0.0249 0.0824 -0.0285 0.0822 0.0178 0.1175 -0.0164 0.1205 0.0103 0.3017 -0.0131 0.3034 0.0182 0.4783 -0.0008 0.4701 0.0242 0.5055 0.0077 0.4938 -0.0037 0.5255 -0.0269 0.5139
7: -0.0276 -0.2035 -0.0209 -0.2189 -0.0177 -0.2191 -0.0141 -0.2196 -0.0268 -0.2192 -0.0279 -0.2193 -0.0289 -0.2197 -0.0006 -0.2129 -0.0212 -0.2132 -0.0204 -0.1847 -0.0279 -0.1851 0.0298 -0.1186 -0.0311 -0.1195 0.0539 -0.0094 -0.0178 -0.0096 0.0354 0.0714 -0.0270 0.0651 0.0324 0.0984 -0.0300 0.0912 0.0255 0.0921 -0.0298 0.0891 0.0250 0.0828 -0.0272 0.0791 0.0175 0.1175 -0.0164 0.1205 0.0103 0.3022 -0.0131 0.3038 0.0185 0.4783 -0.0008 0.4697 0.0245 0.5060 0.0077 0.4933 -0.0040 0.5248 -0.0267 0.5137
8: -0.0275 -0.2046 -0.0206 -0.2198 -0.0173 -0.2200 -0.0136 -0.2204 -0.0266 -0.2203 -0.0277 -0.2205 -0.0287 -0.2209 -0.0000 -0.2134 -0.0210 -0.2143 -0.0203 -0.1855 -0.0278 -0.1861 0.0298 -0.1188 -0.0311 -0.1197 0.0537 -0.0087 -0.0176 -0.0096 0.0351 0.0724 -0.0270 0.0650 0.0321 0.0996 -0.0299 0.0914 0.0253 0.0931 -0.0298 0.0890 0.0248 0.0837 -0.0271 0.0790 0.0175 0.1178 -0.0164 0.1206 0.0103 0.3026 -0.0133 0.3040 0.0191 0.4779 -0.0008 0.4692 0.0251 0.5057 0.0077 0.4927 -0.0035 0.5246 -0.0267 0.5135
9: -0.0270 -0.2063 -0.0200 -0.2210 -0.0166 -0.2211 -0.0127 -0.2214 -0.0261 -0.2219 -0.0273 -0.2221 -0.0284 -0.2226 0.0008 -0.2137 -0.0209 -0.2155 -0.0201 -0.1865 -0.0276 -0.1875 0.0299 -0.1188 -0.0311 -0.1198 0.0535 -0.0083 -0.0175 -0.0094 0.0350 0.0732 -0.0273 0.0652 0.0320 0.1006 -0.0302 0.0922 0.0253 0.0936 -0.0302 0.0894 0.0248 0.0843 -0.0274 0.0791 0.0176 0.1180 -0.0164 0.1206 0.0102 0.3026 -0.0134 0.3040 0.0195 0.4777 -0.0009 0.4689 0.0260 0.5055 0.0077 0.4925 -0.0039 0.5241 -0.0267 0.5134
10: -0.0266 -0.2073 -0.0194 -0.2217 -0.0159 -0.2218 -0.0120 -0.2220 -0.0256 -0.2228 -0.0269 -0.2231 -0.0281 -0.2236 0.0014 -0.2139 -0.0207 -0.2163 -0.0199 -0.1872 -0.0275 -0.1885 0.0299 -0.1188 -0.0311 -0.1201 0.0533 -0.0080 -0.0173 -0.0092 0.0348 0.0735 -0.0272 0.0653 0.0319 0.1008 -0.0301 0.0927 0.0252 0.0938 -0.0300 0.0895 0.0247 0.0845 -0.0273 0.0792 0.0176 0.1182 -0.0163 0.1208 0.0102 0.3028 -0.0134 0.3042 0.0194 0.4772 -0.0012 0.4688 0.0259 0.5055 0.0073 0.4923 -0.0041 0.5239 -0.0266 0.5135
11: -0.0264 -0.2080 -0.0191 -0.2222 -0.0155 -0.2222 -0.0116 -0.2223 -0.0253 -0.2235 -0.0266 -0.2238 -0.0279 -0.2243 0.0018 -0.2139 -0.0206 -0.2170 -0.0198 -0.1876 -0.0274 -0.1891 0.0299 -0.1188 -0.0312 -0.1205 0.0532 -0.0078 -0.0175 -0.0091 0.0348 0.0736 -0.0273 0.0652 0.0319 0.1008 -0.0304 0.0927 0.0252 0.0939 -0.0302 0.0894 0.0247 0.0847 -0.0274 0.0790 0.0176 0.1183 -0.0163 0.1209 0.0089 0.3032 -0.0128 0.3043 0.0188 0.4774 -0.0011 0.4688 0.0259 0.5057 0.0075 0.4921 -0.0082 0.5238 -0.0264 0.5125
12: -0.0262 -0.2084 -0.0189 -0.2226 -0.0153 -0.2226 -0.0112 -0.2227 -0.0251 -0.2239 -0.0264 -0.2242 -0.0277 -0.2248 0.0022 -0.2141 -0.0205 -0.2174 -0.0196 -0.1879 -0.0273 -0.1894 0.0300 -0.1187 -0.0312 -0.1209 0.0531 -0.0076 -0.0178 -0.0090 0.0348 0.0738 -0.0273 0.0641 0.0318 0.1007 -0.0305 0.0917 0.0252 0.0935 -0.0303 0.0879 0.0247 0.0844 -0.0274 0.0775 0.0176 0.1185 -0.0163 0.1211 0.0078 0.3042 -0.0127 0.3048 0.0178 0.4779 -0.0008 0.4690 0.0249 0.5059 0.0079 0.4923 -0.0086 0.5238 -0.0261 0.5127
13: -0.0261 -0.2086 -0.0188 -0.2228 -0.0152 -0.2228 -0.0112 -0.2230 -0.0251 -0.2240 -0.0263 -0.2244 -0.0276 -0.2249 0.0022 -0.2145 -0.0205 -0.2176 -0.0195 -0.1881 -0.0273 -0.1896 0.0299 -0.1186 -0.0310 -0.1210 0.0531 -0.0073 -0.0185 -0.0090 0.0347 0.0740 -0.0287 0.0634 0.0314 0.1009 -0.0324 0.0911 0.0247 0.0936 -0.0318 0.0871 0.0244 0.0845 -0.0288 0.0768 0.0175 0.1185 -0.0164 0.1210 0.0075 0.3044 -0.0128 0.3050 0.0175 0.4781 -0.0010 0.4691 0.0247 0.5060 0.0077 0.4924 -0.0088 0.5239 -0.0261 0.5129
14: -0.0261 -0.2092 -0.0189 -0.2234 -0.0153 -0.2234 -0.0113 -0.2236 -0.0251 -0.2246 -0.0264 -0.2249 -0.0277 -0.2255 0.0021 -0.2150 -0.0206 -0.2180 -0.0195 -0.1887 -0.0274 -0.1903 0.0298 -0.1186 -0.0311 -0.1210 0.0529 -0.0072 -0.0199 -0.0089 0.0345 0.0738 -0.0332 0.0681 0.0311 0.1007 -0.0369 0.0912 0.0243 0.0931 -0.0391 0.0931 0.0241 0.0842 -0.0369 0.0855 0.0180 0.1185 -0.0165 0.1210 0.0073 0.3046 -0.0129 0.3052 0.0170 0.4782 -0.0012 0.4692 0.0244 0.5061 0.0075 0.4925 -0.0093 0.5239 -0.0263 0.5127
15: -0.0264 -0.2097 -0.0192 -0.2239 -0.0156 -0.2239 -0.0116 -0.2241 -0.0254 -0.2250 -0.0267 -0.2253 -0.0281 -0.2258 0.0018 -0.2155 -0.0210 -0.2183 -0.0198 -0.1891 -0.0277 -0.1907 0.0294 -0.1185 -0.0314 -0.1210 0.0526 -0.0071 -0.0207 -0.0089 0.0342 0.0728 -0.0358 0.0690 0.0307 0.0993 -0.0390 0.0905 0.0239 0.0913 -0.0425 0.0943 0.0236 0.0827 -0.0405 0.0853 0.0186 0.1185 -0.0167 0.1211 0.0069 0.3049 -0.0133 0.3057 0.0165 0.4783 -0.0017 0.4696 0.0234 0.5062 0.0069 0.4931 -0.0096 0.5239 -0.0268 0.5129
16: -0.0266 -0.2100 -0.0194 -0.2243 -0.0158 -0.2243 -0.0117 -0.2246 -0.0256 -0.2254 -0.0269 -0.2257 -0.0283 -0.2262 0.0016 -0.2159 -0.0212 -0.2186 -0.0200 -0.1894 -0.0279 -0.1910 0.0293 -0.1184 -0.0315 -0.1211 0.0524 -0.0069 -0.0209 -0.0090 0.0342 0.0724 -0.0359 0.0701 0.0306 0.0985 -0.0392 0.0906 0.0238 0.0904 -0.0418 0.0922 0.0236 0.0819 -0.0401 0.0876 0.0188 0.1185 -0.0168 0.1211 0.0068 0.3050 -0.0134 0.3058 0.0161 0.4785 -0.0019 0.4699 0.0228 0.5062 0.0066 0.4933 -0.0098 0.5240 -0.0269 0.5130
17: -0.0267 -0.2100 -0.0195 -0.2243 -0.0159 -0.2243 -0.0118 -0.2246 -0.0257 -0.2254 -0.0269 -0.2257 -0.0283 -0.2262 0.0016 -0.2159 -0.0211 -0.2187 -0.0200 -0.1895 -0.0279 -0.1911 0.0293 -0.1183 -0.0313 -0.1212 0.0524 -0.0067 -0.0207 -0.0091 0.0342 0.0718 -0.0347 0.0668 0.0305 0.0973 -0.0386 0.0903 0.0237 0.0891 -0.0398 0.0895 0.0236 0.0808 -0.0370 0.0816 0.0187 0.1185 -0.0168 0.1212 0.0066 0.3052 -0.0133 0.3059 0.0155 0.4786 -0.0020 0.4700 0.0218 0.5063 0.0065 0.4934 -0.0100 0.5241 -0.0270 0.5132
18: -0.0268 -0.2102 -0.0195 -0.2246 -0.0159 -0.2246 -0.0119 -0.2248 -0.0257 -0.2258 -0.0269 -0.2261 -0.0282 -0.2266 0.0016 -0.2161 -0.0210 -0.2189 -0.0201 -0.1898 -0.0280 -0.1914 0.0292 -0.1183 -0.0311 -0.1214 0.0522 -0.0065 -0.0207 -0.0092 0.0341 0.0717 -0.0337 0.0667 0.0304 0.0971 -0.0381 0.0911 0.0236 0.0889 -0.0383 0.0895 0.0235 0.0806 -0.0348 0.0811 0.0186 0.1186 -0.0168 0.1212 0.0051 0.3054 -0.0128 0.3056 0.0138 0.4793 -0.0019 0.4700 0.0206 0.5064 0.0066 0.4934 -0.0137 0.5241 -0.0270 0.5129
19: -0.0267 -0.2104 -0.0195 -0.2247 -0.0159 -0.2247 -0.0118 -0.2249 -0.0256 -0.2259 -0.0268 -0.2262 -0.0280 -0.2267 0.0017 -0.2163 -0.0208 -0.2189 -0.0201 -0.1899 -0.0279 -0.1916 0.0292 -0.1183 -0.0310 -0.1214 0.0522 -0.0065 -0.0206 -0.0094 0.0340 0.0716 -0.0304 0.0662 0.0302 0.0965 -0.0343 0.0911 0.0236 0.0884 -0.0339 0.0893 0.0235 0.0802 -0.0307 0.0800 0.0186 0.1185 -0.0168 0.1212 0.0051 0.3054 -0.0129 0.3054 0.0138 0.4793 -0.0019 0.4699 0.0206 0.5063 0.0066 0.4930 -0.0141 0.5244 -0.0270 0.5129
20: -0.0268 -0.2108 -0.0195 -0.2250 -0.0159 -0.2249 -0.0118 -0.2251 -0.0256 -0.2262 -0.0267 -0.2265 -0.0279 -0.2270 0.0017 -0.2162 -0.0205 -0.2191 -0.0202 -0.1901 -0.0279 -0.1920 0.0292 -0.1182 -0.0309 -0.1213 0.0520 -0.0064 -0.0206 -0.0096 0.0340 0.0712 -0.0304 0.0633 0.0301 0.0956 -0.0343 0.0890 0.0236 0.0876 -0.0340 0.0857 0.0236 0.0796 -0.0308 0.0758 0.0187 0.1183 -0.0168 0.1211 0.0051 0.3052 -0.0131 0.3052 0.0139 0.4792 -0.0020 0.4697 0.0206 0.5055 0.0065 0.4925 -0.0139 0.5245 -0.0270 0.5130
21: -0.0269 -0.2111 -0.0195 -0.2253 -0.0159 -0.2251 -0.0119 -0.2252 -0.0257 -0.2265 -0.0268 -0.2269 -0.0279 -0.2273 0.0016 -0.2160 -0.0205 -0.2191 -0.0204 -0.1904 -0.0280 -0.1924 0.0291 -0.1180 -0.0310 -0.1210 0.0518 -0.0062 -0.0209 -0.0094 0.0339 0.0704 -0.0332 0.0625 0.0300 0.0944 -0.0360 0.0857 0.0236 0.0861 -0.0357 0.0809 0.0236 0.0781 -0.0322 0.0712 0.0188 0.1181 -0.0169 0.1210 0.0050 0.3053 -0.0131 0.3053 0.0137 0.4786 -0.0020 0.4693 0.0205 0.5048 0.0067 0.4921 -0.0138 0.5246 -0.0268 0.5134
22: -0.0269 -0.2120 -0.0195 -0.2262 -0.0159 -0.2259 -0.0118 -0.2259 -0.0256 -0.2274 -0.0267 -0.2278 -0.0278 -0.2283 0.0016 -0.2161 -0.0203 -0.2197 -0.0204 -0.1913 -0.0280 -0.1934 0.0290 -0.1182 -0.0310 -0.1210 0.0515 -0.0060 -0.0211 -0.0093 0.0339 0.0704 -0.0348 0.0614 0.0301 0.0945 -0.0373 0.0826 0.0236 0.0861 -0.0371 0.0770 0.0237 0.0781 -0.0335 0.0676 0.0188 0.1182 -0.0168 0.1211 0.0051 0.3054 -0.0129 0.3053 0.0131 0.4785 -0.0015 0.4691 0.0201 0.5048 0.0072 0.4920 -0.0140 0.5246 -0.0264 0.5131
23: -0.0271 -0.2127 -0.0197 -0.2268 -0.0160 -0.2264 -0.0120 -0.2263 -0.0257 -0.2280 -0.0268 -0.2284 -0.0278 -0.2289 0.0014 -0.2162 -0.0201 -0.2200 -0.0206 -0.1918 -0.0282 -0.1941 0.0285 -0.1183 -0.0305 -0.1209 0.0510 -0.0057 -0.0208 -0.0089 0.0336 0.0699 -0.0333 0.0594 0.0298 0.0934 -0.0368 0.0821 0.0234 0.0851 -0.0366 0.0765 0.0234 0.0771 -0.0330 0.0671 0.0186 0.1182 -0.0166 0.1211 0.0049 0.3057 -0.0126 0.3053 0.0122 0.4791 -0.0013 0.4696 0.0192 0.5053 0.0075 0.4926 -0.0152 0.5250 -0.0264 0.5129
24: -0.0272 -0.2141 -0.0197 -0.2279 -0.0161 -0.2274 -0.0120 -0.2272 -0.0257 -0.2291 -0.0267 -0.2294 -0.0277 -0.2298 0.0014 -0.2167 -0.0195 -0.2205 -0.0208 -0.1928 -0.0283 -0.1953 0.0284 -0.1182 -0.0300 -0.1205 0.0507 -0.0053 -0.0208 -0.0085 0.0336 0.0688 -0.0355 0.0583 0.0298 0.0915 -0.0387 0.0760 0.0233 0.0833 -0.0386 0.0690 0.0234 0.0756 -0.0349 0.0607 0.0183 0.1181 -0.0165 0.1207 0.0045 0.3057 -0.0111 0.3055 0.0111 0.4796 -0.0008 0.4703 0.0183 0.5056 0.0080 0.4934 -0.0158 0.5251 -0.0261 0.5129
25: -0.0274 -0.2156 -0.0198 -0.2289 -0.0162 -0.2283 -0.0121 -0.2280 -0.0258 -0.2301 -0.0267 -0.2304 -0.0277 -0.2307 0.0012 -0.2170 -0.0194 -0.2209 -0.0211 -0.1940 -0.0284 -0.1965 0.0282 -0.1181 -0.0301 -0.1201 0.0506 -0.0052 -0.0214 -0.0078 0.0336 0.0675 -0.0378 0.0568 0.0304 0.0890 -0.0424 0.0771 0.0233 0.0824 -0.0419 0.0704 0.0233 0.0751 -0.0382 0.0619 0.0184 0.1178 -0.0166 0.1206 0.0061 0.3058 -0.0120 0.3059 0.0120 0.4793 -0.0017 0.4709 0.0183 0.5049 0.0065 0.4941 -0.0090 0.5248 -0.0262 0.5139
26: -0.0272 -0.2173 -0.0195 -0.2299 -0.0160 -0.2293 -0.0119 -0.2287 -0.0254 -0.2313 -0.0263 -0.2316 -0.0272 -0.2319 0.0013 -0.2173 -0.0188 -0.2218 -0.0210 -0.1954 -0.0282 -0.1981 0.0283 -0.1182 -0.0301 -0.1202 0.0506 -0.0053 -0.0229 -0.0077 0.0338 0.0676 -0.0378 0.0608 0.0306 0.0894 -0.0419 0.0799 0.0235 0.0826 -0.0414 0.0738 0.0235 0.0752 -0.0378 0.0649 0.0185 0.1178 -0.0165 0.1205 0.0072 0.3058 -0.0122 0.3058 0.0124 0.4792 -0.0016 0.4711 0.0188 0.5049 0.0065 0.4945 -0.0086 0.5248 -0.0260 0.5142
27: -0.0270 -0.2178 -0.0193 -0.2302 -0.0157 -0.2295 -0.0117 -0.2289 -0.0250 -0.2317 -0.0259 -0.2320 -0.0268 -0.2323 0.0015 -0.2172 -0.0183 -0.2220 -0.0208 -0.1959 -0.0280 -0.1987 0.0284 -0.1181 -0.0305 -0.1198 0.0507 -0.0057 -0.0263 -0.0066 0.0345 0.0679 -0.0456 0.0616 0.0323 0.0901 -0.0525 0.0822 0.0249 0.0846 -0.0520 0.0769 0.0243 0.0768 -0.0475 0.0682 0.0185 0.1176 -0.0164 0.1203 0.0080 0.3059 -0.0120 0.3060 0.0130 0.4791 -0.0013 0.4714 0.0197 0.5050 0.0067 0.4949 -0.0081 0.5250 -0.0258 0.5147
28: -0.0268 -0.2179 -0.0191 -0.2303 -0.0155 -0.2296 -0.0115 -0.2290 -0.0248 -0.2319 -0.0256 -0.2323 -0.0265 -0.2326 0.0017 -0.2173 -0.0180 -0.2223 -0.0207 -0.1960 -0.0278 -0.1989 0.0285 -0.1181 -0.0312 -0.1194 0.0509 -0.0057 -0.0290 -0.0055 0.0349 0.0708 -0.0550 0.0605 0.0333 0.0951 -0.0636 0.0804 0.0258 0.0908 -0.0670 0.0747 0.0248 0.0827 -0.0628 0.0680 0.0187 0.1174 -0.0162 0.1201 0.0098 0.3058 -0.0120 0.3059 0.0141 0.4789 -0.0012 0.4713 0.0209 0.5049 0.0069 0.4950 -0.0068 0.5250 -0.0259 0.5159
29: -0.0264 -0.2185 -0.0186 -0.2307 -0.0150 -0.2300 -0.0111 -0.2292 -0.0242 -0.2324 -0.0251 -0.2327 -0.0259 -0.2330 0.0021 -0.2173 -0.0173 -0.2228 -0.0204 -0.1965 -0.0274 -0.1996 0.0289 -0.1180 -0.0318 -0.1192 0.0513 -0.0056 -0.0302 -0.0042 0.0365 0.0725 -0.0578 0.0626 0.0358 0.0985 -0.0660 0.0843 0.0281 0.0946 -0.0697 0.0780 0.0266 0.0861 -0.0661 0.0713 0.0189 0.1173 -0.0160 0.1199 0.0101 0.3062 -0.0116 0.3061 0.0143 0.4791 -0.0008 0.4717 0.0208 0.5049 0.0072 0.4954 -0.0064 0.5250 -0.0255 0.5161
30: -0.0263 -0.2188 -0.0184 -0.2310 -0.0149 -0.2302 -0.0110 -0.2294 -0.0241 -0.2326 -0.0249 -0.2329 -0.0257 -0.2333 0.0022 -0.2173 -0.0170 -0.2230 -0.0203 -0.1968 -0.0273 -0.1999 0.0291 -0.1179 -0.0321 -0.1185 0.0514 -0.0056 -0.0300 -0.0009 0.0377 0.0754 -0.0566 0.0675 0.0377 0.1037 -0.0640 0.0932 0.0298 0.1015 -0.0679 0.0851 0.0277 0.0925 -0.0645 0.0790 0.0190 0.1169 -0.0160 0.1195 0.0102 0.3064 -0.0119 0.3064 0.0145 0.4792 -0.0014 0.4718 0.0207 0.5044 0.0064 0.4955 -0.0041 0.5251 -0.0254 0.5169
31: -0.0263 -0.2186 -0.0184 -0.2309 -0.0149 -0.2302 -0.0110 -0.2295 -0.0240 -0.2325 -0.0248 -0.2328 -0.0256 -0.2331 0.0022 -0.2173 -0.0169 -0.2229 -0.0203 -0.1969 -0.0273 -0.1999 0.0293 -0.1176 -0.0323 -0.1179 0.0515 -0.0052 -0.0302 0.0006 0.0400 0.0792 -0.0558 0.0711 0.0400 0.1091 -0.0643 0.0962 0.0320 0.1068 -0.0686 0.0903 0.0295 0.0979 -0.0648 0.0841 0.0190 0.1166 -0.0160 0.1190 0.0102 0.3068 -0.0119 0.3067 0.0150 0.4794 -0.0016 0.4721 0.0209 0.5044 0.0063 0.4959 -0.0038 0.5253 -0.0253 0.5174
32: -0.0264 -0.2182 -0.0186 -0.2309 -0.0151 -0.2302 -0.0112 -0.2297 -0.0242 -0.2322 -0.0250 -0.2325 -0.0258 -0.2328 0.0019 -0.2177 -0.0171 -0.2228 -0.0205 -0.1969 -0.0274 -0.1997 0.0294 -0.1172 -0.0325 -0.1174 0.0515 -0.0046 -0.0314 0.0013 0.0427 0.0808 -0.0553 0.0760 0.0427 0.1117 -0.0638 0.1017 0.0351 0.1096 -0.0674 0.0971 0.0324 0.1003 -0.0635 0.0905 0.0191 0.1160 -0.0161 0.1186 0.0111 0.3068 -0.0121 0.3070 0.0157 0.4796 -0.0019 0.4724 0.0213 0.5044 0.0062 0.4961 -0.0040 0.5257 -0.0255 0.5178
33: -0.0264 -0.2173 -0.0186 -0.2302 -0.0151 -0.2296 -0.0112 -0.2291 -0.0242 -0.2316 -0.0250 -0.2318 -0.0258 -0.2321 0.0019 -0.2172 -0.0172 -0.2221 -0.0205 -0.1963 -0.0274 -0.1990 0.0296 -0.1166 -0.0324 -0.1167 0.0516 -0.0028 -0.0314 0.0019 0.0444 0.0841 -0.0540 0.0790 0.0452 0.1160 -0.0620 0.1068 0.0382 0.1139 -0.0651 0.1034 0.0352 0.1045 -0.0613 0.0958 0.0192 0.1153 -0.0162 0.1180 0.0111 0.3074 -0.0124 0.3075 0.0159 0.4798 -0.0020 0.4728 0.0213 0.5046 0.0062 0.4967 -0.0042 0.5258 -0.0257 0.5184
34: -0.0264 -0.2154 -0.0186 -0.2290 -0.0152 -0.2286 -0.0113 -0.2283 -0.0241 -0.2303 -0.0249 -0.2306 -0.0257 -0.2310 0.0018 -0.2168 -0.0173 -0.2216 -0.0205 -0.1951 -0.0274 -0.1975 0.0296 -0.1161 -0.0326 -0.1164 0.0516 -0.0013 -0.0314 0.0020 0.0466 0.0915 -0.0527 0.0824 0.0478 0.1239 -0.0602 0.1123 0.0416 0.1221 -0.0629 0.1092 0.0388 0.1128 -0.0596 0.1007 0.0192 0.1150 -0.0165 0.1174 0.0110 0.3073 -0.0125 0.3068 0.0160 0.4797 -0.0019 0.4717 0.0213 0.5047 0.0066 0.4959 -0.0057 0.5261 -0.0258 0.5185
35: -0.0261 -0.2133 -0.0183 -0.2273 -0.0149 -0.2271 -0.0111 -0.2270 -0.0238 -0.2285 -0.0246 -0.2289 -0.0254 -0.2293 0.0021 -0.2161 -0.0170 -0.2207 -0.0202 -0.1936 -0.0271 -0.1955 0.0300 -0.1157 -0.0323 -0.1162 0.0517 -0.0008 -0.0308 0.0018 0.0483 0.0966 -0.0431 0.0830 0.0506 0.1304 -0.0494 0.1147 0.0450 0.1299 -0.0507 0.1117 0.0421 0.1206 -0.0477 0.1027 0.0195 0.1150 -0.0171 0.1167 0.0112 0.3074 -0.0125 0.3066 0.0167 0.4799 -0.0009 0.4711 0.0219 0.5050 0.0081 0.4952 -0.0053 0.5264 -0.0260 0.5187
36: -0.0264 -0.2120 -0.0188 -0.2259 -0.0156 -0.2258 -0.0119 -0.2258 -0.0240 -0.2272 -0.0247 -0.2275 -0.0255 -0.2279 0.0016 -0.2155 -0.0170 -0.2197 -0.0206 -0.1925 -0.0272 -0.1942 0.0300 -0.1154 -0.0325 -0.1161 0.0515 -0.0006 -0.0292 0.0020 0.0500 0.0982 -0.0365 0.0836 0.0536 0.1333 -0.0417 0.1154 0.0478 0.1332 -0.0424 0.1129 0.0444 0.1234 -0.0389 0.1035 0.0196 0.1148 -0.0173 0.1167 0.0113 0.3066 -0.0131 0.3050 0.0176 0.4798 -0.0009 0.4691 0.0221 0.5049 0.0077 0.4925 -0.0037 0.5262 -0.0264 0.5188
37: -0.0270 -0.2114 -0.0196 -0.2253 -0.0167 -0.2252 -0.0133 -0.2253 -0.0244 -0.2265 -0.0250 -0.2268 -0.0256 -0.2272 0.0007 -0.2153 -0.0171 -0.2192 -0.0213 -0.1920 -0.0276 -0.1936 0.0301 -0.1152 -0.0326 -0.1168 0.0515 -0.0002 -0.0255 0.0022 0.0519 0.1008 -0.0304 0.0835 0.0559 0.1354 -0.0341 0.1154 0.0507 0.1355 -0.0349 0.1127 0.0474 0.1262 -0.0322 0.1031 0.0197 0.1150 -0.0173 0.1170 0.0121 0.3068 -0.0134 0.3050 0.0190 0.4803 -0.0008 0.4695 0.0233 0.5054 0.0077 0.4928 -0.0025 0.5278 -0.0272 0.5194
38: -0.0272 -0.2111 -0.0198 -0.2250 -0.0169 -0.2249 -0.0135 -0.2250 -0.0246 -0.2262 -0.0252 -0.2265 -0.0258 -0.2269 0.0005 -0.2152 -0.0173 -0.2191 -0.0215 -0.1918 -0.0277 -0.1933 0.0302 -0.1151 -0.0328 -0.1175 0.0515 -0.0001 -0.0237 0.0025 0.0549 0.1016 -0.0298 0.0881 0.0593 0.1360 -0.0337 0.1215 0.0543 0.1356 -0.0352 0.1206 0.0507 0.1264 -0.0323 0.1104 0.0198 0.1152 -0.0174 0.1174 0.0122 0.3069 -0.0136 0.3048 0.0196 0.4804 -0.0009 0.4697 0.0237 0.5053 0.0073 0.4930 0.0006 0.5271 -0.0279 0.5195
39: -0.0271 -0.2107 -0.0197 -0.2245 -0.0169 -0.2244 -0.0134 -0.2245 -0.0246 -0.2257 -0.0252 -0.2260 -0.0258 -0.2263 0.0005 -0.2148 -0.0175 -0.2187 -0.0214 -0.1912 -0.0277 -0.1927 0.0301 -0.1147 -0.0327 -0.1184 0.0514 0.0002 -0.0217 0.0027 0.0573 0.1032 -0.0283 0.0907 0.0619 0.1382 -0.0318 0.1234 0.0576 0.1383 -0.0332 0.1225 0.0538 0.1290 -0.0290 0.1124 0.0199 0.1155 -0.0173 0.1177 0.0122 0.3072 -0.0135 0.3051 0.0200 0.4806 -0.0008 0.4700 0.0251 0.5054 0.0074 0.4934 -0.0031 0.5273 -0.0281 0.5200
40: -0.0269 -0.2108 -0.0195 -0.2246 -0.0166 -0.2245 -0.0132 -0.2246 -0.0244 -0.2258 -0.0250 -0.2260 -0.0257 -0.2264 0.0007 -0.2149 -0.0176 -0.2187 -0.0212 -0.1912 -0.0276 -0.1928 0.0300 -0.1144 -0.0327 -0.1190 0.0511 0.0006 -0.0188 0.0027 0.0584 0.1044 -0.0248 0.0955 0.0638 0.1392 -0.0301 0.1261 0.0597 0.1391 -0.0317 0.1252 0.0555 0.1301 -0.0271 0.1150 0.0200 0.1156 -0.0171 0.1180 0.0124 0.3071 -0.0136 0.3050 0.0204 0.4801 -0.0006 0.4698 0.0256 0.5050 0.0076 0.4931 -0.0056 0.5270 -0.0282 0.5198
