1: 0.0013 -0.1983 0.0039 -0.2151 0.0059 -0.2155 0.0085 -0.2158 -0.0051 -0.2162 -0.0088 -0.2169 -0.0124 -0.2177 0.0108 -0.2118 -0.0202 -0.2134 0.0054 -0.1812 -0.0059 -0.1823 0.0362 -0.1097 -0.0496 -0.1201 0.0493 0.0038 -0.0628 0.0091 0.0929 0.0507 -0.1091 0.0425 0.1111 0.0631 -0.1270 0.0545 0.1130 0.0565 -0.1297 0.0421 0.1064 0.0529 -0.1229 0.0377 0.0296 0.1123 -0.0162 0.1174 0.0325 0.2920 -0.0036 0.2977 0.0045 0.4257 -0.0222 0.4811 -0.0078 0.4395 -0.0289 0.5074 0.0225 0.4882 -0.0078 0.5549
2: 0.0020 -0.1982 0.0046 -0.2146 0.0068 -0.2149 0.0092 -0.2152 -0.0042 -0.2159 -0.0080 -0.2170 -0.0116 -0.2182 0.0112 -0.2133 -0.0196 -0.2144 0.0060 -0.1823 -0.0052 -0.1833 0.0357 -0.1136 -0.0498 -0.1207 0.0511 0.0011 -0.0629 0.0107 0.1001 0.0473 -0.1085 0.0370 0.1160 0.0602 -0.1277 0.0438 0.1180 0.0535 -0.1303 0.0316 0.1127 0.0499 -0.1232 0.0284 0.0298 0.1148 -0.0156 0.1196 0.0327 0.2920 -0.0037 0.3035 0.0061 0.4230 -0.0206 0.4927 -0.0052 0.4385 -0.0272 0.5172 0.0229 0.4869 -0.0072 0.5642
3: 0.0026 -0.2019 0.0054 -0.2182 0.0077 -0.2181 0.0101 -0.2180 -0.0033 -0.2200 -0.0071 -0.2210 -0.0108 -0.2218 0.0116 -0.2160 -0.0192 -0.2180 0.0062 -0.1854 -0.0047 -0.1867 0.0353 -0.1176 -0.0508 -0.1224 0.0530 -0.0011 -0.0626 0.0112 0.1040 0.0404 -0.1060 0.0274 0.1201 0.0521 -0.1261 0.0313 0.1221 0.0447 -0.1289 0.0183 0.1167 0.0415 -0.1215 0.0161 0.0305 0.1177 -0.0151 0.1224 0.0335 0.2958 -0.0039 0.3065 0.0071 0.4348 -0.0198 0.5052 -0.0041 0.4527 -0.0263 0.5312 0.0265 0.4924 -0.0039 0.5699
4: 0.0028 -0.2025 0.0053 -0.2181 0.0078 -0.2180 0.0102 -0.2182 -0.0031 -0.2202 -0.0069 -0.2215 -0.0106 -0.2225 0.0107 -0.2165 -0.0192 -0.2183 0.0059 -0.1854 -0.0047 -0.1863 0.0348 -0.1191 -0.0513 -0.1220 0.0538 -0.0041 -0.0627 0.0109 0.1056 0.0328 -0.1045 0.0163 0.1222 0.0419 -0.1243 0.0184 0.1240 0.0336 -0.1272 0.0047 0.1182 0.0312 -0.1195 0.0034 0.0312 0.1188 -0.0147 0.1223 0.0339 0.2960 -0.0049 0.3042 0.0078 0.4499 -0.0199 0.5059 -0.0030 0.4702 -0.0268 0.5319 0.0289 0.5034 -0.0029 0.5637
5: 0.0025 -0.2036 0.0046 -0.2198 0.0070 -0.2199 0.0095 -0.2199 -0.0033 -0.2212 -0.0070 -0.2217 -0.0109 -0.2220 0.0097 -0.2165 -0.0192 -0.2188 0.0055 -0.1851 -0.0050 -0.1854 0.0351 -0.1174 -0.0519 -0.1213 0.0561 -0.0039 -0.0630 0.0094 0.1112 0.0253 -0.1012 0.0104 0.1277 0.0313 -0.1181 0.0067 0.1290 0.0214 -0.1208 -0.0088 0.1235 0.0199 -0.1141 -0.0096 0.0317 0.1173 -0.0149 0.1214 0.0346 0.2886 -0.0065 0.3034 0.0094 0.4515 -0.0210 0.4982 -0.0009 0.4756 -0.0268 0.5256 0.0336 0.5027 -0.0026 0.5510
6: 0.0024 -0.2042 0.0045 -0.2202 0.0069 -0.2203 0.0094 -0.2203 -0.0033 -0.2212 -0.0069 -0.2216 -0.0108 -0.2218 0.0096 -0.2163 -0.0188 -0.2184 0.0053 -0.1860 -0.0052 -0.1862 0.0355 -0.1174 -0.0522 -0.1192 0.0587 -0.0046 -0.0639 0.0120 0.1146 0.0237 -0.0986 0.0103 0.1310 0.0289 -0.1143 0.0036 0.1322 0.0179 -0.1166 -0.0143 0.1266 0.0168 -0.1100 -0.0129 0.0318 0.1168 -0.0149 0.1198 0.0351 0.2866 -0.0079 0.2999 0.0125 0.4508 -0.0214 0.4912 0.0027 0.4757 -0.0270 0.5188 0.0370 0.4999 -0.0023 0.5390
7: 0.0026 -0.2031 0.0048 -0.2187 0.0073 -0.2188 0.0099 -0.2191 -0.0032 -0.2205 -0.0067 -0.2215 -0.0107 -0.2219 0.0100 -0.2163 -0.0186 -0.2178 0.0056 -0.1858 -0.0051 -0.1861 0.0360 -0.1157 -0.0518 -0.1182 0.0604 -0.0026 -0.0650 0.0122 0.1165 0.0246 -0.0940 0.0152 0.1333 0.0315 -0.1103 0.0090 0.1343 0.0202 -0.1123 -0.0074 0.1287 0.0181 -0.1052 -0.0063 0.0313 0.1160 -0.0156 0.1180 0.0359 0.2819 -0.0085 0.2959 0.0149 0.4495 -0.0215 0.4834 0.0048 0.4780 -0.0268 0.5120 0.0392 0.4942 -0.0039 0.5287
8: 0.0031 -0.2022 0.0052 -0.2184 0.0078 -0.2186 0.0103 -0.2188 -0.0027 -0.2196 -0.0062 -0.2204 -0.0103 -0.2213 0.0104 -0.2164 -0.0184 -0.2167 0.0063 -0.1856 -0.0045 -0.1865 0.0366 -0.1152 -0.0514 -0.1174 0.0622 -0.0004 -0.0652 0.0090 0.1188 0.0366 -0.0923 0.0259 0.1345 0.0440 -0.1071 0.0243 0.1360 0.0332 -0.1092 0.0086 0.1308 0.0310 -0.1025 0.0086 0.0303 0.1152 -0.0158 0.1172 0.0367 0.2781 -0.0085 0.2932 0.0155 0.4485 -0.0210 0.4824 0.0052 0.4782 -0.0265 0.5130 0.0412 0.4912 -0.0035 0.5270
9: 0.0034 -0.1994 0.0059 -0.2158 0.0083 -0.2158 0.0106 -0.2161 -0.0020 -0.2176 -0.0055 -0.2187 -0.0094 -0.2196 0.0107 -0.2135 -0.0180 -0.2157 0.0067 -0.1835 -0.0037 -0.1843 0.0366 -0.1130 -0.0511 -0.1185 0.0626 0.0029 -0.0650 0.0051 0.1174 0.0496 -0.0917 0.0432 0.1342 0.0606 -0.1034 0.0504 0.1353 0.0512 -0.1047 0.0370 0.1297 0.0477 -0.0995 0.0350 0.0301 0.1139 -0.0157 0.1175 0.0369 0.2778 -0.0092 0.2952 0.0157 0.4426 -0.0215 0.4831 0.0051 0.4702 -0.0263 0.5131 0.0404 0.4887 -0.0045 0.5295
10: 0.0037 -0.2005 0.0065 -0.2167 0.0088 -0.2170 0.0112 -0.2173 -0.0018 -0.2183 -0.0052 -0.2193 -0.0092 -0.2203 0.0121 -0.2147 -0.0174 -0.2162 0.0074 -0.1839 -0.0032 -0.1849 0.0366 -0.1134 -0.0501 -0.1186 0.0622 0.0019 -0.0649 0.0046 0.1137 0.0590 -0.0914 0.0517 0.1291 0.0731 -0.1031 0.0678 0.1303 0.0650 -0.1042 0.0578 0.1248 0.0598 -0.0991 0.0531 0.0296 0.1137 -0.0162 0.1181 0.0377 0.2741 -0.0103 0.2964 0.0147 0.4417 -0.0219 0.4848 0.0033 0.4691 -0.0269 0.5151 0.0400 0.4845 -0.0055 0.5337
11: 0.0044 -0.2064 0.0073 -0.2212 0.0099 -0.2212 0.0126 -0.2214 -0.0014 -0.2242 -0.0050 -0.2260 -0.0089 -0.2272 0.0134 -0.2173 -0.0168 -0.2246 0.0081 -0.1887 -0.0022 -0.1904 0.0365 -0.1100 -0.0487 -0.1271 0.0597 0.0055 -0.0654 -0.0048 0.1053 0.0616 -0.0925 0.0576 0.1205 0.0774 -0.1048 0.0752 0.1220 0.0714 -0.1058 0.0676 0.1166 0.0658 -0.1007 0.0630 0.0291 0.1152 -0.0169 0.1218 0.0387 0.2658 -0.0114 0.3000 0.0140 0.4099 -0.0235 0.4898 0.0022 0.4305 -0.0281 0.5177 0.0372 0.4682 -0.0080 0.5395
12: 0.0062 -0.2090 0.0091 -0.2244 0.0118 -0.2243 0.0141 -0.2243 0.0002 -0.2265 -0.0035 -0.2282 -0.0071 -0.2295 0.0143 -0.2200 -0.0146 -0.2251 0.0091 -0.1922 -0.0004 -0.1937 0.0369 -0.1109 -0.0477 -0.1297 0.0567 0.0093 -0.0659 -0.0038 0.0946 0.0705 -0.0946 0.0688 0.1107 0.0868 -0.1062 0.0890 0.1126 0.0828 -0.1077 0.0827 0.1061 0.0769 -0.1020 0.0768 0.0282 0.1155 -0.0174 0.1252 0.0409 0.2509 -0.0130 0.3105 0.0134 0.3923 -0.0249 0.4996 0.0021 0.3948 -0.0299 0.5231 0.0350 0.4615 -0.0089 0.5536
13: 0.0086 -0.2082 0.0112 -0.2242 0.0135 -0.2240 0.0156 -0.2238 0.0026 -0.2269 -0.0010 -0.2282 -0.0046 -0.2293 0.0152 -0.2192 -0.0123 -0.2245 0.0108 -0.1910 0.0020 -0.1924 0.0374 -0.1128 -0.0470 -0.1263 0.0541 0.0143 -0.0663 0.0033 0.0892 0.0866 -0.0985 0.0819 0.1046 0.1003 -0.1113 0.0971 0.1062 0.0962 -0.1124 0.0888 0.1001 0.0898 -0.1062 0.0835 0.0275 0.1141 -0.0181 0.1248 0.0409 0.2532 -0.0133 0.3080 0.0125 0.3892 -0.0262 0.5058 0.0002 0.3935 -0.0319 0.5269 0.0313 0.4619 -0.0095 0.5710
14: 0.0103 -0.2039 0.0129 -0.2198 0.0151 -0.2196 0.0173 -0.2195 0.0042 -0.2230 0.0006 -0.2244 -0.0031 -0.2254 0.0166 -0.2155 -0.0105 -0.2208 0.0123 -0.1871 0.0035 -0.1884 0.0381 -0.1116 -0.0463 -0.1236 0.0509 0.0147 -0.0668 0.0052 0.0860 0.0840 -0.1032 0.0844 0.1017 0.1066 -0.1170 0.1091 0.1032 0.1069 -0.1189 0.0993 0.0971 0.0963 -0.1131 0.0914 0.0270 0.1137 -0.0186 0.1217 0.0402 0.2648 -0.0127 0.2924 0.0121 0.3972 -0.0268 0.4867 -0.0022 0.4172 -0.0326 0.5083 0.0305 0.4670 -0.0101 0.5617
15: 0.0111 -0.2008 0.0137 -0.2169 0.0159 -0.2168 0.0181 -0.2166 0.0049 -0.2201 0.0012 -0.2217 -0.0025 -0.2229 0.0175 -0.2125 -0.0096 -0.2180 0.0135 -0.1841 0.0043 -0.1859 0.0383 -0.1082 -0.0454 -0.1208 0.0492 0.0169 -0.0670 0.0055 0.0866 0.0811 -0.1064 0.0696 0.1025 0.1045 -0.1210 0.0896 0.1047 0.1033 -0.1227 0.0788 0.0984 0.0935 -0.1168 0.0725 0.0263 0.1123 -0.0191 0.1165 0.0386 0.2728 -0.0096 0.2834 0.0104 0.4099 -0.0275 0.4730 -0.0058 0.4307 -0.0334 0.4945 0.0291 0.4771 -0.0113 0.5520
16: 0.0115 -0.1988 0.0144 -0.2147 0.0166 -0.2142 0.0189 -0.2139 0.0055 -0.2174 0.0018 -0.2186 -0.0020 -0.2196 0.0184 -0.2095 -0.0092 -0.2166 0.0141 -0.1811 0.0047 -0.1836 0.0386 -0.1024 -0.0451 -0.1203 0.0487 0.0193 -0.0669 0.0057 0.0879 0.0794 -0.1085 0.0544 0.1039 0.1016 -0.1248 0.0675 0.1062 0.0985 -0.1265 0.0582 0.1000 0.0912 -0.1205 0.0535 0.0260 0.1106 -0.0194 0.1119 0.0354 0.2810 -0.0054 0.2819 0.0088 0.4226 -0.0276 0.4642 -0.0071 0.4434 -0.0336 0.4848 0.0287 0.4871 -0.0119 0.5405
17: 0.0120 -0.1982 0.0148 -0.2142 0.0170 -0.2137 0.0193 -0.2133 0.0061 -0.2173 0.0024 -0.2188 -0.0014 -0.2200 0.0191 -0.2081 -0.0088 -0.2178 0.0150 -0.1800 0.0056 -0.1824 0.0388 -0.0994 -0.0451 -0.1203 0.0481 0.0186 -0.0668 0.0082 0.0886 0.0730 -0.1118 0.0415 0.1044 0.0926 -0.1293 0.0513 0.1070 0.0867 -0.1315 0.0400 0.1009 0.0809 -0.1253 0.0358 0.0257 0.1102 -0.0194 0.1095 0.0341 0.2855 -0.0014 0.2828 0.0084 0.4334 -0.0258 0.4650 -0.0071 0.4591 -0.0328 0.4881 0.0282 0.4928 -0.0121 0.5358
18: 0.0129 -0.1954 0.0156 -0.2120 0.0178 -0.2114 0.0201 -0.2109 0.0072 -0.2151 0.0039 -0.2165 0.0001 -0.2178 0.0199 -0.2061 -0.0077 -0.2161 0.0159 -0.1786 0.0066 -0.1806 0.0385 -0.1003 -0.0446 -0.1204 0.0478 0.0187 -0.0662 0.0105 0.0922 0.0706 -0.1126 0.0292 0.1072 0.0877 -0.1313 0.0370 0.1102 0.0788 -0.1331 0.0244 0.1048 0.0740 -0.1266 0.0207 0.0252 0.1110 -0.0191 0.1098 0.0316 0.2887 -0.0004 0.2908 0.0079 0.4635 -0.0250 0.4786 -0.0071 0.4893 -0.0314 0.5016 0.0271 0.5200 -0.0124 0.5435
19: 0.0138 -0.1970 0.0162 -0.2134 0.0182 -0.2129 0.0203 -0.2126 0.0081 -0.2163 0.0049 -0.2178 0.0012 -0.2193 0.0196 -0.2079 -0.0074 -0.2171 0.0159 -0.1806 0.0072 -0.1821 0.0382 -0.1016 -0.0442 -0.1221 0.0480 0.0173 -0.0664 0.0087 0.0963 0.0666 -0.1124 0.0211 0.1108 0.0815 -0.1317 0.0266 0.1135 0.0704 -0.1330 0.0127 0.1084 0.0665 -0.1260 0.0093 0.0248 0.1123 -0.0187 0.1116 0.0294 0.2995 -0.0010 0.2930 0.0077 0.4814 -0.0230 0.4810 -0.0057 0.5075 -0.0291 0.5038 0.0258 0.5516 -0.0098 0.5499
20: 0.0141 -0.1996 0.0167 -0.2155 0.0187 -0.2152 0.0207 -0.2150 0.0087 -0.2188 0.0054 -0.2204 0.0015 -0.2211 0.0197 -0.2098 -0.0075 -0.2186 0.0158 -0.1834 0.0073 -0.1847 0.0388 -0.1041 -0.0449 -0.1222 0.0505 0.0199 -0.0670 0.0067 0.1011 0.0666 -0.1121 0.0187 0.1152 0.0811 -0.1310 0.0184 0.1180 0.0688 -0.1324 0.0034 0.1127 0.0654 -0.1256 0.0018 0.0250 0.1154 -0.0190 0.1108 0.0258 0.3160 -0.0026 0.3036 0.0070 0.5049 -0.0221 0.5034 -0.0059 0.5348 -0.0281 0.5321 0.0247 0.5718 -0.0059 0.5735
21: 0.0136 -0.2034 0.0165 -0.2183 0.0185 -0.2180 0.0205 -0.2178 0.0082 -0.2226 0.0047 -0.2245 0.0008 -0.2256 0.0190 -0.2141 -0.0083 -0.2228 0.0149 -0.1864 0.0063 -0.1888 0.0385 -0.1077 -0.0456 -0.1265 0.0516 0.0171 -0.0674 0.0025 0.1024 0.0540 -0.1050 0.0134 0.1170 0.0703 -0.1249 0.0090 0.1197 0.0586 -0.1251 -0.0044 0.1141 0.0552 -0.1179 -0.0041 0.0258 0.1191 -0.0186 0.1152 0.0221 0.3197 -0.0039 0.3118 0.0058 0.5169 -0.0216 0.5157 -0.0065 0.5437 -0.0279 0.5421 0.0239 0.5854 -0.0047 0.5798
22: 0.0124 -0.2082 0.0154 -0.2235 0.0177 -0.2229 0.0198 -0.2224 0.0069 -0.2264 0.0034 -0.2280 -0.0005 -0.2293 0.0188 -0.2182 -0.0094 -0.2266 0.0140 -0.1894 0.0051 -0.1932 0.0388 -0.1072 -0.0464 -0.1294 0.0534 0.0143 -0.0680 -0.0021 0.1044 0.0410 -0.0985 -0.0051 0.1199 0.0522 -0.1165 -0.0017 0.1223 0.0405 -0.1169 -0.0149 0.1160 0.0362 -0.1098 -0.0152 0.0262 0.1182 -0.0186 0.1185 0.0207 0.3161 -0.0049 0.3108 0.0049 0.5116 -0.0227 0.5148 -0.0070 0.5388 -0.0290 0.5406 0.0232 0.5786 -0.0044 0.5711
23: 0.0118 -0.2075 0.0150 -0.2231 0.0174 -0.2226 0.0196 -0.2222 0.0063 -0.2266 0.0026 -0.2284 -0.0012 -0.2300 0.0191 -0.2173 -0.0100 -0.2283 0.0139 -0.1888 0.0045 -0.1922 0.0387 -0.1067 -0.0468 -0.1310 0.0539 0.0142 -0.0681 -0.0040 0.1063 0.0432 -0.0941 0.0032 0.1215 0.0507 -0.1093 -0.0050 0.1235 0.0346 -0.1098 -0.0168 0.1173 0.0328 -0.1033 -0.0130 0.0264 0.1189 -0.0185 0.1188 0.0202 0.3126 -0.0054 0.3095 0.0025 0.5033 -0.0234 0.5044 -0.0082 0.5295 -0.0296 0.5327 0.0225 0.5671 -0.0055 0.5568
24: 0.0126 -0.2071 0.0157 -0.2232 0.0182 -0.2227 0.0204 -0.2226 0.0070 -0.2263 0.0031 -0.2279 -0.0007 -0.2296 0.0196 -0.2177 -0.0096 -0.2278 0.0152 -0.1885 0.0056 -0.1908 0.0387 -0.1062 -0.0466 -0.1310 0.0547 0.0136 -0.0676 -0.0044 0.1086 0.0487 -0.0918 0.0108 0.1237 0.0544 -0.1054 0.0020 0.1259 0.0401 -0.1063 -0.0103 0.1200 0.0397 -0.1000 -0.0060 0.0264 0.1194 -0.0186 0.1179 0.0205 0.3086 -0.0056 0.3047 -0.0009 0.4951 -0.0254 0.4911 -0.0114 0.5202 -0.0322 0.5210 0.0221 0.5543 -0.0060 0.5531
25: 0.0136 -0.2038 0.0165 -0.2205 0.0189 -0.2201 0.0210 -0.2198 0.0078 -0.2225 0.0038 -0.2236 0.0000 -0.2248 0.0199 -0.2151 -0.0088 -0.2222 0.0162 -0.1851 0.0068 -0.1878 0.0390 -0.1033 -0.0452 -0.1281 0.0549 0.0163 -0.0672 -0.0065 0.1076 0.0572 -0.0885 0.0179 0.1229 0.0669 -0.0986 0.0204 0.1249 0.0534 -0.0988 0.0082 0.1192 0.0510 -0.0943 0.0087 0.0250 0.1172 -0.0186 0.1140 0.0196 0.3032 -0.0054 0.2980 -0.0022 0.4937 -0.0263 0.4852 -0.0127 0.5196 -0.0334 0.5165 0.0224 0.5496 -0.0051 0.5465
26: 0.0148 -0.2027 0.0175 -0.2182 0.0196 -0.2179 0.0215 -0.2177 0.0092 -0.2211 0.0057 -0.2226 0.0019 -0.2237 0.0201 -0.2134 -0.0069 -0.2205 0.0168 -0.1852 0.0078 -0.1876 0.0385 -0.1017 -0.0433 -0.1294 0.0537 0.0147 -0.0653 -0.0092 0.1017 0.0730 -0.0899 0.0444 0.1187 0.0862 -0.0981 0.0613 0.1217 0.0741 -0.0973 0.0539 0.1152 0.0707 -0.0938 0.0491 0.0239 0.1177 -0.0191 0.1133 0.0184 0.3033 -0.0056 0.2966 -0.0021 0.4887 -0.0265 0.4898 -0.0128 0.5171 -0.0337 0.5208 0.0218 0.5463 -0.0048 0.5446
27: 0.0153 -0.2042 0.0180 -0.2198 0.0200 -0.2195 0.0219 -0.2193 0.0097 -0.2227 0.0066 -0.2242 0.0027 -0.2255 0.0204 -0.2150 -0.0056 -0.2223 0.0171 -0.1865 0.0082 -0.1890 0.0380 -0.1044 -0.0419 -0.1287 0.0509 0.0133 -0.0637 -0.0062 0.0938 0.0756 -0.0914 0.0556 0.1096 0.0929 -0.0998 0.0746 0.1128 0.0837 -0.0990 0.0685 0.1067 0.0789 -0.0955 0.0633 0.0234 0.1179 -0.0196 0.1151 0.0159 0.3014 -0.0062 0.2970 -0.0021 0.4900 -0.0269 0.4933 -0.0129 0.5175 -0.0341 0.5220 0.0199 0.5501 -0.0054 0.5473
28: 0.0149 -0.2047 0.0179 -0.2217 0.0200 -0.2210 0.0221 -0.2206 0.0095 -0.2245 0.0062 -0.2256 0.0024 -0.2263 0.0219 -0.2133 -0.0052 -0.2223 0.0175 -0.1873 0.0082 -0.1883 0.0393 -0.1037 -0.0410 -0.1329 0.0492 0.0172 -0.0631 -0.0117 0.0889 0.0777 -0.0912 0.0556 0.1037 0.0964 -0.1004 0.0746 0.1063 0.0889 -0.0997 0.0683 0.1004 0.0827 -0.0958 0.0634 0.0229 0.1210 -0.0211 0.1158 0.0151 0.3076 -0.0065 0.2946 -0.0009 0.4955 -0.0271 0.4985 -0.0126 0.5225 -0.0341 0.5265 0.0176 0.5588 -0.0058 0.5551
29: 0.0160 -0.2018 0.0188 -0.2177 0.0210 -0.2169 0.0232 -0.2161 0.0103 -0.2203 0.0069 -0.2213 0.0030 -0.2224 0.0230 -0.2079 -0.0047 -0.2190 0.0190 -0.1826 0.0092 -0.1839 0.0400 -0.0942 -0.0405 -0.1300 0.0460 0.0292 -0.0630 -0.0065 0.0858 0.0999 -0.0926 0.0735 0.0991 0.1148 -0.1018 0.0895 0.1020 0.1072 -0.1018 0.0841 0.0969 0.1012 -0.0975 0.0806 0.0222 0.1157 -0.0218 0.1084 0.0146 0.3113 -0.0073 0.2998 -0.0015 0.5169 -0.0266 0.5191 -0.0133 0.5457 -0.0342 0.5429 0.0152 0.5791 -0.0061 0.5782
30: 0.0168 -0.1995 0.0196 -0.2163 0.0217 -0.2156 0.0238 -0.2146 0.0112 -0.2187 0.0076 -0.2196 0.0037 -0.2205 0.0232 -0.2065 -0.0046 -0.2171 0.0198 -0.1808 0.0101 -0.1828 0.0405 -0.0967 -0.0400 -0.1264 0.0440 0.0311 -0.0633 -0.0037 0.0837 0.0989 -0.0957 0.0695 0.0972 0.1187 -0.1088 0.0838 0.0998 0.1146 -0.1097 0.0789 0.0948 0.1071 -0.1033 0.0764 0.0219 0.1153 -0.0222 0.1077 0.0143 0.3127 -0.0073 0.2958 -0.0062 0.5223 -0.0277 0.5133 -0.0181 0.5481 -0.0363 0.5358 0.0115 0.5864 -0.0084 0.5767
31: 0.0172 -0.1964 0.0201 -0.2132 0.0223 -0.2124 0.0243 -0.2117 0.0119 -0.2165 0.0083 -0.2180 0.0044 -0.2194 0.0234 -0.2056 -0.0043 -0.2167 0.0200 -0.1791 0.0103 -0.1811 0.0402 -0.0972 -0.0405 -0.1258 0.0433 0.0260 -0.0639 -0.0039 0.0834 0.0886 -0.0989 0.0557 0.0969 0.1087 -0.1143 0.0683 0.0998 0.1036 -0.1148 0.0594 0.0948 0.0967 -0.1078 0.0568 0.0222 0.1145 -0.0217 0.1085 0.0144 0.3075 -0.0070 0.2891 -0.0106 0.5106 -0.0295 0.4962 -0.0218 0.5335 -0.0384 0.5180 0.0055 0.5747 -0.0144 0.5618
32: 0.0182 -0.1932 0.0210 -0.2101 0.0230 -0.2094 0.0249 -0.2088 0.0130 -0.2138 0.0095 -0.2157 0.0057 -0.2175 0.0236 -0.2036 -0.0033 -0.2153 0.0203 -0.1766 0.0110 -0.1784 0.0402 -0.0952 -0.0404 -0.1247 0.0436 0.0260 -0.0653 -0.0005 0.0838 0.0804 -0.1050 0.0469 0.0972 0.0989 -0.1209 0.0569 0.1005 0.0931 -0.1216 0.0470 0.0958 0.0872 -0.1150 0.0445 0.0219 0.1140 -0.0216 0.1060 0.0148 0.3040 -0.0046 0.2863 -0.0125 0.5026 -0.0301 0.4887 -0.0234 0.5259 -0.0395 0.5113 0.0043 0.5673 -0.0155 0.5532
33: 0.0196 -0.1923 0.0224 -0.2084 0.0243 -0.2076 0.0262 -0.2070 0.0144 -0.2127 0.0111 -0.2145 0.0072 -0.2165 0.0242 -0.2032 -0.0021 -0.2148 0.0208 -0.1759 0.0120 -0.1781 0.0405 -0.0947 -0.0402 -0.1252 0.0435 0.0280 -0.0653 0.0017 0.0850 0.0733 -0.1078 0.0301 0.0984 0.0881 -0.1249 0.0339 0.1021 0.0812 -0.1266 0.0235 0.0963 0.0769 -0.1200 0.0224 0.0214 0.1142 -0.0219 0.1055 0.0153 0.3044 -0.0031 0.2841 -0.0121 0.5002 -0.0298 0.4856 -0.0233 0.5251 -0.0391 0.5089 0.0055 0.5650 -0.0165 0.5487
34: 0.0205 -0.1922 0.0234 -0.2074 0.0253 -0.2068 0.0271 -0.2064 0.0155 -0.2120 0.0123 -0.2145 0.0084 -0.2166 0.0250 -0.2039 -0.0011 -0.2147 0.0213 -0.1756 0.0127 -0.1785 0.0409 -0.0932 -0.0400 -0.1254 0.0443 0.0298 -0.0650 0.0017 0.0909 0.0705 -0.1074 0.0191 0.1062 0.0828 -0.1248 0.0196 0.1084 0.0750 -0.1261 0.0063 0.1027 0.0716 -0.1194 0.0065 0.0210 0.1145 -0.0217 0.1042 0.0151 0.3042 -0.0031 0.2863 -0.0110 0.5017 -0.0294 0.4929 -0.0222 0.5285 -0.0387 0.5165 0.0064 0.5675 -0.0159 0.5574
35: 0.0207 -0.1931 0.0239 -0.2085 0.0259 -0.2079 0.0278 -0.2073 0.0159 -0.2129 0.0126 -0.2151 0.0087 -0.2173 0.0260 -0.2046 -0.0008 -0.2150 0.0215 -0.1761 0.0129 -0.1794 0.0414 -0.0936 -0.0397 -0.1266 0.0457 0.0292 -0.0642 0.0008 0.0962 0.0685 -0.1065 0.0092 0.1121 0.0782 -0.1228 0.0093 0.1136 0.0698 -0.1239 -0.0054 0.1079 0.0669 -0.1174 -0.0056 0.0206 0.1154 -0.0222 0.1048 0.0135 0.3076 -0.0029 0.2876 -0.0104 0.5005 -0.0267 0.4968 -0.0215 0.5357 -0.0362 0.5213 0.0098 0.5687 -0.0089 0.5604
36: 0.0204 -0.1949 0.0236 -0.2103 0.0256 -0.2096 0.0275 -0.2090 0.0155 -0.2142 0.0121 -0.2167 0.0083 -0.2195 0.0258 -0.2052 -0.0011 -0.2154 0.0213 -0.1782 0.0126 -0.1803 0.0416 -0.0940 -0.0400 -0.1262 0.0480 0.0284 -0.0641 0.0006 0.1017 0.0665 -0.1050 0.0079 0.1171 0.0738 -0.1227 0.0031 0.1183 0.0653 -0.1238 -0.0117 0.1128 0.0629 -0.1168 -0.0105 0.0205 0.1144 -0.0221 0.1058 0.0112 0.3120 -0.0034 0.2893 -0.0104 0.5164 -0.0232 0.4946 -0.0216 0.5521 -0.0335 0.5284 0.0128 0.5756 -0.0059 0.5625
37: 0.0199 -0.1952 0.0232 -0.2098 0.0254 -0.2088 0.0273 -0.2080 0.0150 -0.2156 0.0115 -0.2181 0.0077 -0.2205 0.0258 -0.2056 -0.0016 -0.2194 0.0210 -0.1770 0.0122 -0.1812 0.0416 -0.0943 -0.0403 -0.1296 0.0516 0.0282 -0.0639 -0.0033 0.1039 0.0629 -0.0955 0.0075 0.1191 0.0689 -0.1114 0.0001 0.1202 0.0596 -0.1107 -0.0137 0.1143 0.0580 -0.1042 -0.0118 0.0207 0.1172 -0.0220 0.1065 0.0106 0.3181 -0.0055 0.2941 -0.0105 0.5220 -0.0219 0.4986 -0.0221 0.5560 -0.0325 0.5374 0.0125 0.5831 -0.0013 0.5698
38: 0.0194 -0.2016 0.0227 -0.2180 0.0250 -0.2172 0.0270 -0.2165 0.0145 -0.2215 0.0110 -0.2232 0.0072 -0.2251 0.0258 -0.2125 -0.0020 -0.2262 0.0210 -0.1839 0.0119 -0.1868 0.0417 -0.0994 -0.0406 -0.1339 0.0529 0.0223 -0.0618 -0.0093 0.1042 0.0477 -0.0821 -0.0066 0.1197 0.0527 -0.0949 -0.0083 0.1216 0.0449 -0.0941 -0.0213 0.1154 0.0420 -0.0876 -0.0205 0.0210 0.1201 -0.0222 0.1131 0.0106 0.3141 -0.0093 0.2988 -0.0107 0.5088 -0.0217 0.5052 -0.0221 0.5386 -0.0296 0.5350 0.0060 0.5802 -0.0096 0.5771
39: 0.0192 -0.2060 0.0225 -0.2226 0.0247 -0.2218 0.0267 -0.2212 0.0143 -0.2261 0.0107 -0.2275 0.0069 -0.2286 0.0259 -0.2151 -0.0022 -0.2284 0.0209 -0.1881 0.0116 -0.1902 0.0422 -0.1034 -0.0404 -0.1359 0.0553 0.0181 -0.0621 -0.0081 0.1052 0.0450 -0.0779 -0.0121 0.1214 0.0490 -0.0876 -0.0195 0.1230 0.0368 -0.0869 -0.0363 0.1167 0.0357 -0.0818 -0.0322 0.0208 0.1224 -0.0224 0.1168 0.0105 0.3065 -0.0104 0.2933 -0.0113 0.5079 -0.0226 0.5004 -0.0225 0.5355 -0.0308 0.5286 0.0062 0.5718 -0.0114 0.5664
40: 0.0190 -0.2038 0.0223 -0.2207 0.0246 -0.2201 0.0266 -0.2197 0.0141 -0.2232 0.0105 -0.2243 0.0067 -0.2254 0.0257 -0.2141 -0.0023 -0.2256 0.0209 -0.1864 0.0115 -0.1883 0.0421 -0.1026 -0.0405 -0.1359 0.0565 0.0170 -0.0621 -0.0115 0.1052 0.0519 -0.0735 -0.0060 0.1212 0.0571 -0.0788 -0.0039 0.1231 0.0435 -0.0761 -0.0174 0.1170 0.0428 -0.0726 -0.0170 0.0207 0.1212 -0.0224 0.1172 0.0112 0.3060 -0.0109 0.2937 -0.0113 0.5014 -0.0275 0.4980 -0.0235 0.5303 -0.0365 0.5272 0.0078 0.5619 -0.0114 0.5590
