1: 0.0253 -0.1477 0.0206 -0.1597 0.0196 -0.1600 0.0186 -0.1603 0.0211 -0.1594 0.0205 -0.1596 0.0199 -0.1597 0.0101 -0.1550 0.0129 -0.1548 0.0230 -0.1365 0.0234 -0.1367 -0.0146 -0.0801 0.0139 -0.0980 -0.0503 -0.0126 0.0226 -0.0147 -0.0121 0.0129 0.0603 -0.0453 -0.0068 0.0155 0.0641 -0.0554 -0.0016 0.0136 0.0605 -0.0599 -0.0030 0.0121 0.0584 -0.0567 -0.0020 0.0889 0.0026 0.0892 0.0633 0.1581 -0.0344 0.2021 0.0251 0.3072 -0.0927 0.2952 0.0150 0.3261 -0.1090 0.2980 0.0454 0.3320 -0.0825 0.3389
2: 0.0254 -0.1480 0.0207 -0.1597 0.0196 -0.1600 0.0185 -0.1602 0.0212 -0.1596 0.0206 -0.1598 0.0199 -0.1600 0.0096 -0.1553 0.0122 -0.1554 0.0228 -0.1369 0.0232 -0.1373 -0.0137 -0.0805 0.0141 -0.0983 -0.0494 -0.0142 0.0238 -0.0151 -0.0114 0.0107 0.0608 -0.0461 -0.0054 0.0139 0.0646 -0.0557 -0.0003 0.0084 0.0611 -0.0605 -0.0023 0.0075 0.0588 -0.0572 -0.0044 0.0889 0.0041 0.0897 -0.0404 0.1918 0.0584 0.1698 -0.1006 0.2851 0.0739 0.3017 -0.1155 0.2872 0.0698 0.3274 -0.1020 0.3343 0.1113 0.3095
3: 0.0256 -0.1472 0.0207 -0.1583 0.0196 -0.1586 0.0185 -0.1588 0.0214 -0.1583 0.0208 -0.1586 0.0202 -0.1589 0.0098 -0.1542 0.0124 -0.1544 0.0227 -0.1362 0.0232 -0.1367 -0.0119 -0.0806 0.0127 -0.0989 -0.0488 -0.0126 0.0229 -0.0118 -0.0107 0.0147 0.0594 -0.0425 -0.0041 0.0196 0.0631 -0.0520 -0.0004 0.0126 0.0594 -0.0568 -0.0018 0.0116 0.0569 -0.0535 -0.0025 0.0901 0.0019 0.0894 0.0236 0.1856 -0.0276 0.1767 0.0741 0.2984 -0.0971 0.2834 0.0729 0.3218 -0.1119 0.2782 0.1129 0.3097 -0.1058 0.3153
4: 0.0260 -0.1487 0.0208 -0.1597 0.0196 -0.1599 0.0184 -0.1600 0.0216 -0.1597 0.0211 -0.1600 0.0205 -0.1603 0.0101 -0.1555 0.0129 -0.1558 0.0227 -0.1378 0.0233 -0.1384 -0.0136 -0.0804 0.0128 -0.0993 -0.0489 -0.0111 0.0204 -0.0116 -0.0109 0.0160 0.0576 -0.0405 -0.0048 0.0214 0.0619 -0.0494 -0.0002 0.0144 0.0585 -0.0542 -0.0031 0.0136 0.0557 -0.0511 -0.0003 0.0897 0.0012 0.0901 0.0383 0.1859 -0.0363 0.1859 0.0827 0.3029 -0.1117 0.2605 0.0829 0.3296 -0.1245 0.2479 0.1184 0.3050 -0.1248 0.3092
5: 0.0256 -0.1495 0.0205 -0.1607 0.0193 -0.1610 0.0181 -0.1611 0.0213 -0.1606 0.0207 -0.1609 0.0201 -0.1611 0.0097 -0.1564 0.0128 -0.1565 0.0220 -0.1386 0.0226 -0.1391 -0.0159 -0.0797 0.0143 -0.0997 -0.0507 -0.0103 0.0198 -0.0109 -0.0117 0.0186 0.0580 -0.0338 -0.0045 0.0236 0.0624 -0.0388 -0.0000 0.0187 0.0594 -0.0456 -0.0035 0.0181 0.0568 -0.0437 -0.0004 0.0887 0.0021 0.0908 0.0453 0.1890 -0.0329 0.2001 0.0817 0.3065 -0.1110 0.2385 0.0815 0.3323 -0.1230 0.2244 0.1177 0.3058 -0.1311 0.2882
6: 0.0255 -0.1490 0.0207 -0.1603 0.0195 -0.1607 0.0184 -0.1609 0.0215 -0.1603 0.0209 -0.1606 0.0203 -0.1609 0.0102 -0.1562 0.0133 -0.1564 0.0221 -0.1381 0.0226 -0.1386 -0.0162 -0.0796 0.0142 -0.0999 -0.0473 -0.0082 0.0185 -0.0110 -0.0108 0.0230 0.0596 -0.0262 -0.0029 0.0305 0.0646 -0.0316 0.0020 0.0218 0.0620 -0.0392 -0.0022 0.0220 0.0597 -0.0377 -0.0012 0.0886 0.0031 0.0909 0.0494 0.1916 -0.0284 0.2115 0.0760 0.3170 -0.1075 0.2234 0.0737 0.3416 -0.1179 0.2085 0.1085 0.3105 -0.1319 0.2667
7: 0.0245 -0.1492 0.0198 -0.1606 0.0186 -0.1609 0.0176 -0.1611 0.0207 -0.1605 0.0202 -0.1609 0.0197 -0.1612 0.0092 -0.1566 0.0130 -0.1569 0.0211 -0.1383 0.0219 -0.1387 -0.0163 -0.0799 0.0142 -0.1003 -0.0446 -0.0056 0.0166 -0.0110 -0.0099 0.0252 0.0558 -0.0144 -0.0057 0.0372 0.0633 -0.0163 0.0037 0.0226 0.0614 -0.0259 -0.0022 0.0269 0.0585 -0.0257 -0.0024 0.0884 0.0044 0.0917 0.0466 0.1926 -0.0237 0.2212 0.0664 0.3157 -0.1010 0.2042 0.0621 0.3230 -0.1096 0.1903 0.1012 0.3113 -0.1295 0.2435
8: 0.0249 -0.1504 0.0202 -0.1616 0.0192 -0.1618 0.0183 -0.1620 0.0206 -0.1614 0.0199 -0.1616 0.0192 -0.1617 0.0096 -0.1569 0.0125 -0.1566 0.0219 -0.1395 0.0222 -0.1398 -0.0142 -0.0811 0.0135 -0.0981 -0.0396 -0.0012 0.0119 -0.0074 -0.0098 0.0524 0.0516 -0.0020 -0.0059 0.0666 0.0608 -0.0042 -0.0001 0.0618 0.0595 -0.0118 -0.0026 0.0571 0.0560 -0.0111 -0.0046 0.0877 0.0054 0.0915 0.0414 0.2014 -0.0169 0.2277 0.0573 0.3140 -0.0932 0.1927 0.0528 0.3233 -0.1011 0.1814 0.0656 0.3120 -0.1232 0.2297
9: 0.0249 -0.1513 0.0202 -0.1621 0.0194 -0.1623 0.0186 -0.1625 0.0199 -0.1618 0.0190 -0.1617 0.0180 -0.1617 0.0099 -0.1563 0.0112 -0.1553 0.0226 -0.1399 0.0220 -0.1398 -0.0106 -0.0825 0.0116 -0.0949 -0.0258 0.0139 0.0112 -0.0061 -0.0106 0.0735 0.0507 0.0091 -0.0113 0.0942 0.0599 0.0074 -0.0068 0.0927 0.0586 0.0008 -0.0074 0.0853 0.0553 0.0009 -0.0042 0.0877 0.0030 0.0899 0.0409 0.1988 -0.0100 0.2272 0.0464 0.3187 -0.0863 0.1841 0.0419 0.3357 -0.0963 0.1697 0.0699 0.3358 -0.1150 0.2159
10: 0.0247 -0.1532 0.0201 -0.1639 0.0194 -0.1641 0.0187 -0.1643 0.0196 -0.1634 0.0186 -0.1632 0.0176 -0.1629 0.0098 -0.1572 0.0103 -0.1559 0.0226 -0.1408 0.0217 -0.1407 -0.0067 -0.0828 0.0080 -0.0926 -0.0189 0.0108 0.0076 -0.0025 -0.0060 0.0608 0.0464 0.0202 -0.0044 0.0763 0.0573 0.0209 -0.0004 0.0729 0.0571 0.0125 -0.0013 0.0671 0.0523 0.0124 -0.0032 0.0880 0.0017 0.0875 0.0283 0.2009 0.0307 0.2216 -0.0074 0.2769 -0.0115 0.2856 -0.0169 0.2820 -0.0225 0.2893 0.0006 0.3071 -0.0060 0.3243
11: 0.0258 -0.1540 0.0214 -0.1648 0.0206 -0.1649 0.0199 -0.1650 0.0209 -0.1643 0.0199 -0.1641 0.0189 -0.1638 0.0112 -0.1578 0.0116 -0.1568 0.0237 -0.1411 0.0228 -0.1411 -0.0044 -0.0849 0.0084 -0.0933 -0.0168 0.0066 0.0031 -0.0031 -0.0021 0.0522 0.0388 0.0294 0.0008 0.0658 0.0482 0.0322 0.0049 0.0618 0.0506 0.0238 0.0035 0.0565 0.0463 0.0233 -0.0048 0.0896 0.0007 0.0887 0.0126 0.2028 0.0265 0.2235 -0.0565 0.1739 0.0174 0.3480 -0.0610 0.1556 0.0120 0.3578 -0.0783 0.2025 0.0385 0.3881
12: 0.0268 -0.1546 0.0228 -0.1653 0.0221 -0.1655 0.0214 -0.1657 0.0224 -0.1647 0.0215 -0.1644 0.0205 -0.1642 0.0123 -0.1587 0.0130 -0.1576 0.0246 -0.1420 0.0237 -0.1419 -0.0030 -0.0866 0.0088 -0.0913 -0.0145 0.0020 0.0001 -0.0007 0.0001 0.0461 0.0347 0.0278 0.0042 0.0585 0.0438 0.0323 0.0080 0.0540 0.0450 0.0230 0.0063 0.0492 0.0411 0.0213 -0.0066 0.0889 0.0008 0.0889 0.0173 0.2036 0.0280 0.2231 -0.0458 0.1682 0.0031 0.3413 -0.0518 0.1522 -0.0064 0.3517 -0.0677 0.2023 0.0160 0.3830
13: 0.0257 -0.1558 0.0215 -0.1662 0.0208 -0.1664 0.0201 -0.1665 0.0209 -0.1655 0.0199 -0.1652 0.0188 -0.1648 0.0113 -0.1593 0.0111 -0.1583 0.0240 -0.1428 0.0229 -0.1426 0.0008 -0.0879 0.0058 -0.0897 -0.0123 -0.0002 -0.0106 -0.0026 0.0121 0.0417 0.0294 0.0256 0.0197 0.0532 0.0388 0.0313 0.0220 0.0273 0.0407 0.0163 0.0211 0.0229 0.0372 0.0142 -0.0050 0.0884 -0.0014 0.0893 0.0210 0.2066 0.0320 0.2277 -0.0350 0.1794 -0.0114 0.3074 -0.0453 0.1613 -0.0226 0.3091 -0.0557 0.2154 -0.0069 0.3508
14: 0.0266 -0.1561 0.0225 -0.1664 0.0219 -0.1666 0.0212 -0.1667 0.0218 -0.1657 0.0208 -0.1653 0.0196 -0.1650 0.0122 -0.1595 0.0113 -0.1585 0.0248 -0.1432 0.0236 -0.1430 0.0032 -0.0879 0.0045 -0.0916 -0.0141 -0.0038 -0.0196 -0.0094 0.0153 0.0244 0.0205 0.0189 0.0234 0.0321 0.0305 0.0237 0.0296 0.0075 0.0328 0.0097 0.0259 0.0054 0.0293 0.0079 -0.0063 0.0906 -0.0016 0.0891 0.0166 0.2118 0.0436 0.1958 -0.0350 0.1820 -0.0150 0.2419 -0.0464 0.2018 -0.0221 0.2504 -0.0448 0.2316 -0.0166 0.2978
15: 0.0282 -0.1562 0.0243 -0.1671 0.0237 -0.1673 0.0231 -0.1674 0.0236 -0.1666 0.0226 -0.1665 0.0215 -0.1662 0.0134 -0.1602 0.0126 -0.1594 0.0262 -0.1436 0.0250 -0.1435 0.0045 -0.0886 0.0042 -0.0906 -0.0111 -0.0121 -0.0234 -0.0182 0.0255 -0.0063 0.0119 0.0154 0.0327 -0.0002 0.0247 0.0181 0.0377 -0.0130 0.0274 0.0062 0.0331 -0.0137 0.0259 0.0055 -0.0084 0.0918 -0.0005 0.0874 0.0003 0.2241 0.0542 0.1758 -0.0296 0.3110 -0.0125 0.2113 -0.0373 0.3246 -0.0225 0.2001 -0.0282 0.3474 -0.0204 0.2578
16: 0.0293 -0.1588 0.0248 -0.1692 0.0241 -0.1694 0.0233 -0.1695 0.0239 -0.1687 0.0228 -0.1686 0.0214 -0.1685 0.0130 -0.1620 0.0119 -0.1617 0.0276 -0.1465 0.0262 -0.1464 0.0080 -0.0882 0.0001 -0.0913 -0.0013 -0.0066 -0.0307 -0.0245 0.0342 -0.0112 0.0030 0.0191 0.0410 -0.0128 0.0116 0.0224 0.0449 -0.0254 0.0152 0.0123 0.0412 -0.0252 0.0127 0.0100 -0.0049 0.0934 -0.0031 0.0860 0.0133 0.2282 0.0575 0.1632 -0.0312 0.2919 -0.0063 0.2191 -0.0419 0.3001 -0.0189 0.2084 -0.0311 0.3273 -0.0097 0.2738
17: 0.0310 -0.1594 0.0263 -0.1700 0.0254 -0.1702 0.0243 -0.1704 0.0260 -0.1695 0.0249 -0.1694 0.0238 -0.1694 0.0141 -0.1631 0.0146 -0.1630 0.0288 -0.1475 0.0281 -0.1477 0.0083 -0.0884 -0.0006 -0.0940 0.0037 -0.0032 -0.0361 -0.0280 0.0398 -0.0206 -0.0035 0.0259 0.0467 -0.0239 0.0058 0.0290 0.0492 -0.0335 0.0094 0.0209 0.0460 -0.0329 0.0071 0.0172 -0.0071 0.0947 -0.0005 0.0875 -0.0188 0.2308 0.0650 0.1546 -0.0572 0.3358 0.0055 0.2350 -0.0651 0.3468 -0.0074 0.2339 -0.0422 0.3813 0.0135 0.2927
18: 0.0297 -0.1568 0.0252 -0.1682 0.0244 -0.1684 0.0236 -0.1687 0.0245 -0.1675 0.0234 -0.1674 0.0221 -0.1674 0.0135 -0.1618 0.0122 -0.1612 0.0277 -0.1445 0.0265 -0.1447 0.0093 -0.0896 -0.0034 -0.0950 0.0102 0.0015 -0.0413 -0.0300 0.0436 -0.0244 -0.0089 0.0304 0.0514 -0.0311 -0.0020 0.0369 0.0517 -0.0419 0.0028 0.0299 0.0487 -0.0406 0.0005 0.0258 -0.0046 0.0939 -0.0011 0.0906 -0.0295 0.2380 0.0646 0.1544 -0.0709 0.3414 0.0210 0.2533 -0.0819 0.3530 0.0070 0.2437 -0.0542 0.3767 0.0406 0.3070
19: 0.0273 -0.1560 0.0229 -0.1672 0.0222 -0.1675 0.0215 -0.1677 0.0221 -0.1665 0.0209 -0.1664 0.0195 -0.1663 0.0123 -0.1612 0.0096 -0.1606 0.0252 -0.1435 0.0238 -0.1434 0.0069 -0.0893 -0.0047 -0.0983 0.0060 -0.0040 -0.0455 -0.0330 0.0381 -0.0197 -0.0124 0.0337 0.0470 -0.0268 -0.0083 0.0442 0.0477 -0.0392 -0.0018 0.0370 0.0454 -0.0374 -0.0040 0.0332 -0.0034 0.0946 0.0012 0.0932 -0.0331 0.2348 0.0657 0.1552 -0.0790 0.3416 0.0290 0.2654 -0.0941 0.3507 0.0143 0.2902 -0.0679 0.3857 0.0463 0.3270
20: 0.0278 -0.1531 0.0237 -0.1651 0.0231 -0.1655 0.0224 -0.1657 0.0228 -0.1647 0.0215 -0.1648 0.0201 -0.1648 0.0128 -0.1606 0.0097 -0.1599 0.0255 -0.1408 0.0241 -0.1407 0.0060 -0.0884 -0.0056 -0.0974 0.0106 0.0050 -0.0498 -0.0343 0.0425 -0.0294 -0.0145 0.0307 0.0515 -0.0424 -0.0088 0.0432 0.0516 -0.0521 -0.0037 0.0378 0.0486 -0.0475 -0.0053 0.0321 -0.0044 0.0932 0.0041 0.0924 -0.0414 0.2267 0.0709 0.1546 -0.0868 0.3390 0.0418 0.2863 -0.1032 0.3456 0.0303 0.3156 -0.0806 0.3875 0.0786 0.3265
21: 0.0280 -0.1519 0.0243 -0.1641 0.0237 -0.1645 0.0230 -0.1647 0.0234 -0.1638 0.0222 -0.1640 0.0208 -0.1640 0.0134 -0.1598 0.0104 -0.1589 0.0254 -0.1397 0.0239 -0.1398 0.0056 -0.0867 -0.0071 -0.0951 0.0137 0.0024 -0.0531 -0.0365 0.0439 -0.0315 -0.0163 0.0271 0.0526 -0.0475 -0.0094 0.0387 0.0525 -0.0550 -0.0045 0.0322 0.0498 -0.0514 -0.0068 0.0276 -0.0031 0.0916 0.0046 0.0902 -0.0477 0.2207 0.0738 0.1620 -0.0971 0.3407 0.0578 0.3009 -0.1125 0.3443 0.0494 0.3271 -0.0859 0.3880 0.0945 0.3289
22: 0.0274 -0.1551 0.0233 -0.1669 0.0226 -0.1672 0.0220 -0.1673 0.0223 -0.1666 0.0210 -0.1666 0.0197 -0.1665 0.0127 -0.1612 0.0096 -0.1601 0.0250 -0.1427 0.0234 -0.1425 0.0072 -0.0874 -0.0088 -0.0961 0.0167 -0.0004 -0.0554 -0.0397 0.0438 -0.0353 -0.0198 0.0200 0.0519 -0.0506 -0.0128 0.0312 0.0512 -0.0573 -0.0081 0.0255 0.0485 -0.0539 -0.0104 0.0202 -0.0014 0.0929 0.0031 0.0907 -0.0474 0.2182 0.0697 0.1639 -0.1047 0.3208 0.0657 0.3069 -0.1230 0.3211 0.0620 0.3388 -0.1007 0.3847 0.1072 0.3187
23: 0.0272 -0.1591 0.0226 -0.1703 0.0220 -0.1706 0.0214 -0.1707 0.0216 -0.1699 0.0203 -0.1700 0.0189 -0.1698 0.0125 -0.1645 0.0091 -0.1633 0.0253 -0.1467 0.0238 -0.1466 0.0072 -0.0884 -0.0085 -0.0963 0.0184 -0.0023 -0.0549 -0.0374 0.0448 -0.0355 -0.0187 0.0221 0.0527 -0.0499 -0.0121 0.0313 0.0519 -0.0569 -0.0080 0.0264 0.0493 -0.0539 -0.0102 0.0220 0.0001 0.0930 0.0015 0.0916 -0.0452 0.2191 0.0656 0.1731 -0.1124 0.3072 0.0780 0.3173 -0.1303 0.3033 0.0751 0.3453 -0.1115 0.3686 0.1138 0.3255
24: 0.0276 -0.1599 0.0231 -0.1712 0.0225 -0.1715 0.0218 -0.1716 0.0221 -0.1710 0.0208 -0.1711 0.0194 -0.1710 0.0132 -0.1651 0.0104 -0.1643 0.0256 -0.1474 0.0242 -0.1475 0.0071 -0.0891 -0.0079 -0.0964 0.0148 0.0019 -0.0538 -0.0369 0.0445 -0.0335 -0.0179 0.0239 0.0530 -0.0474 -0.0109 0.0326 0.0526 -0.0537 -0.0066 0.0282 0.0493 -0.0501 -0.0087 0.0243 -0.0008 0.0929 0.0016 0.0927 -0.0418 0.2206 0.0620 0.1806 -0.1155 0.2757 0.0826 0.3230 -0.1324 0.2607 0.0792 0.3490 -0.1239 0.3368 0.1099 0.3364
25: 0.0268 -0.1640 0.0219 -0.1750 0.0212 -0.1752 0.0204 -0.1752 0.0209 -0.1747 0.0196 -0.1748 0.0182 -0.1747 0.0114 -0.1671 0.0089 -0.1668 0.0249 -0.1514 0.0236 -0.1514 0.0068 -0.0904 -0.0076 -0.0983 0.0097 0.0032 -0.0531 -0.0371 0.0435 -0.0290 -0.0172 0.0228 0.0519 -0.0407 -0.0106 0.0313 0.0519 -0.0480 -0.0065 0.0270 0.0486 -0.0446 -0.0088 0.0232 -0.0003 0.0945 0.0010 0.0940 -0.0395 0.2232 0.0588 0.1818 -0.1184 0.2508 0.0813 0.3219 -0.1328 0.2338 0.0779 0.3461 -0.1294 0.3105 0.1174 0.3351
26: 0.0277 -0.1638 0.0231 -0.1753 0.0224 -0.1755 0.0216 -0.1757 0.0221 -0.1750 0.0208 -0.1751 0.0194 -0.1751 0.0118 -0.1682 0.0099 -0.1680 0.0260 -0.1511 0.0244 -0.1513 0.0061 -0.0926 -0.0063 -0.0981 0.0036 0.0004 -0.0508 -0.0359 0.0399 -0.0226 -0.0140 0.0219 0.0491 -0.0331 -0.0072 0.0308 0.0507 -0.0416 -0.0033 0.0262 0.0464 -0.0381 -0.0053 0.0226 -0.0009 0.0953 0.0010 0.0952 -0.0325 0.2228 0.0549 0.1878 -0.1111 0.2411 0.0838 0.3281 -0.1253 0.2231 0.0792 0.3526 -0.1303 0.2889 0.1146 0.3447
27: 0.0276 -0.1635 0.0234 -0.1752 0.0227 -0.1755 0.0219 -0.1757 0.0224 -0.1750 0.0211 -0.1751 0.0198 -0.1751 0.0123 -0.1683 0.0108 -0.1681 0.0257 -0.1509 0.0242 -0.1510 0.0058 -0.0925 -0.0051 -0.0986 0.0011 0.0014 -0.0463 -0.0334 0.0357 -0.0180 -0.0111 0.0217 0.0460 -0.0290 -0.0037 0.0316 0.0492 -0.0391 0.0008 0.0264 0.0445 -0.0341 -0.0013 0.0227 -0.0012 0.0958 0.0005 0.0953 -0.0275 0.2290 0.0538 0.1920 -0.1087 0.2242 0.0717 0.3404 -0.1211 0.2095 0.0673 0.3608 -0.1240 0.2649 0.1086 0.3587
28: 0.0266 -0.1633 0.0221 -0.1752 0.0214 -0.1755 0.0206 -0.1756 0.0214 -0.1749 0.0203 -0.1749 0.0192 -0.1749 0.0118 -0.1680 0.0109 -0.1677 0.0248 -0.1504 0.0236 -0.1505 0.0055 -0.0923 -0.0034 -0.0983 -0.0101 -0.0017 -0.0441 -0.0327 0.0296 -0.0028 -0.0085 0.0202 0.0413 -0.0102 -0.0004 0.0309 0.0415 -0.0159 0.0042 0.0259 0.0388 -0.0155 0.0016 0.0219 -0.0029 0.0958 0.0010 0.0950 -0.0224 0.2362 0.0502 0.2010 -0.0975 0.2159 0.0567 0.3426 -0.1072 0.1938 0.0498 0.3600 -0.1229 0.2449 0.0839 0.3776
29: 0.0273 -0.1626 0.0236 -0.1744 0.0230 -0.1746 0.0223 -0.1747 0.0230 -0.1740 0.0220 -0.1741 0.0209 -0.1740 0.0136 -0.1674 0.0126 -0.1670 0.0252 -0.1498 0.0242 -0.1499 0.0048 -0.0924 -0.0019 -0.0983 -0.0162 -0.0046 -0.0384 -0.0254 0.0303 0.0059 -0.0037 0.0192 0.0394 0.0064 0.0069 0.0302 0.0422 -0.0023 0.0117 0.0245 0.0382 -0.0028 0.0088 0.0205 -0.0028 0.0960 -0.0001 0.0946 -0.0136 0.2391 0.0478 0.2099 -0.0864 0.2018 0.0479 0.3483 -0.0961 0.1795 0.0389 0.3660 -0.1126 0.2317 0.0736 0.3831
30: 0.0275 -0.1620 0.0232 -0.1737 0.0225 -0.1740 0.0217 -0.1741 0.0228 -0.1733 0.0219 -0.1734 0.0209 -0.1733 0.0134 -0.1667 0.0126 -0.1664 0.0253 -0.1493 0.0245 -0.1494 0.0058 -0.0922 -0.0002 -0.0982 -0.0140 -0.0047 -0.0310 -0.0173 0.0265 0.0198 0.0053 0.0191 0.0350 0.0263 0.0159 0.0302 0.0391 0.0158 0.0204 0.0231 0.0349 0.0134 0.0178 0.0192 -0.0020 0.0958 -0.0037 0.0946 -0.0102 0.2379 0.0426 0.2093 -0.0769 0.1954 0.0323 0.3440 -0.0867 0.1762 0.0248 0.3592 -0.1028 0.2273 0.0469 0.4024
31: 0.0272 -0.1618 0.0225 -0.1735 0.0217 -0.1738 0.0208 -0.1739 0.0222 -0.1731 0.0213 -0.1732 0.0204 -0.1731 0.0120 -0.1669 0.0123 -0.1667 0.0253 -0.1492 0.0246 -0.1493 0.0035 -0.0922 0.0027 -0.0979 -0.0194 -0.0035 -0.0245 -0.0053 0.0096 0.0481 0.0141 0.0195 0.0165 0.0619 0.0296 0.0300 0.0204 0.0555 0.0325 0.0214 0.0172 0.0494 0.0269 0.0185 -0.0034 0.0957 -0.0027 0.0944 0.0083 0.2269 0.0334 0.2382 -0.0675 0.1899 0.0054 0.3400 -0.0730 0.1708 -0.0041 0.3493 -0.0974 0.2306 0.0175 0.3957
32: 0.0279 -0.1640 0.0225 -0.1758 0.0218 -0.1761 0.0210 -0.1761 0.0221 -0.1754 0.0212 -0.1753 0.0202 -0.1751 0.0124 -0.1682 0.0123 -0.1679 0.0266 -0.1511 0.0256 -0.1512 0.0036 -0.0930 0.0064 -0.0969 -0.0128 -0.0019 -0.0171 0.0011 0.0206 0.0412 0.0241 0.0201 0.0287 0.0431 0.0375 0.0297 0.0307 0.0350 0.0399 0.0198 0.0272 0.0316 0.0351 0.0171 -0.0061 0.0950 -0.0038 0.0948 0.0153 0.2196 0.0280 0.2422 -0.0588 0.1855 -0.0014 0.3425 -0.0682 0.1821 -0.0122 0.3487 -0.0767 0.2282 0.0184 0.3863
33: 0.0294 -0.1657 0.0244 -0.1775 0.0238 -0.1777 0.0231 -0.1777 0.0237 -0.1770 0.0227 -0.1769 0.0216 -0.1767 0.0142 -0.1700 0.0131 -0.1695 0.0280 -0.1530 0.0267 -0.1530 0.0065 -0.0928 0.0062 -0.0937 -0.0092 0.0005 -0.0116 0.0080 0.0200 0.0431 0.0289 0.0214 0.0259 0.0549 0.0410 0.0287 0.0282 0.0468 0.0434 0.0182 0.0244 0.0306 0.0393 0.0155 -0.0050 0.0933 -0.0079 0.0934 0.0221 0.2168 0.0262 0.2308 -0.0443 0.1906 -0.0183 0.3073 -0.0496 0.2126 -0.0291 0.3009 -0.0612 0.2319 -0.0153 0.3587
34: 0.0317 -0.1662 0.0264 -0.1781 0.0258 -0.1782 0.0251 -0.1782 0.0258 -0.1777 0.0248 -0.1775 0.0236 -0.1773 0.0159 -0.1699 0.0157 -0.1693 0.0307 -0.1536 0.0294 -0.1536 0.0017 -0.0923 0.0117 -0.0942 -0.0180 0.0036 0.0004 0.0037 -0.0052 0.0416 0.0460 0.0110 -0.0016 0.0529 0.0575 0.0091 0.0087 0.0397 0.0571 -0.0007 0.0047 0.0312 0.0521 0.0013 -0.0085 0.0932 -0.0048 0.0932 0.0293 0.2169 0.0366 0.2379 -0.0283 0.2846 -0.0323 0.2734 -0.0391 0.2878 -0.0462 0.2632 -0.0269 0.3237 -0.0423 0.3068
35: 0.0327 -0.1681 0.0275 -0.1792 0.0269 -0.1793 0.0262 -0.1792 0.0268 -0.1788 0.0258 -0.1787 0.0247 -0.1784 0.0162 -0.1705 0.0163 -0.1700 0.0317 -0.1557 0.0305 -0.1558 -0.0012 -0.0914 0.0144 -0.0957 -0.0211 0.0053 0.0101 0.0014 -0.0043 0.0357 0.0551 -0.0044 -0.0008 0.0455 0.0648 -0.0104 0.0043 0.0370 0.0632 -0.0205 0.0029 0.0311 0.0582 -0.0172 -0.0105 0.0938 -0.0027 0.0934 0.0043 0.2237 0.0453 0.2152 -0.0239 0.3403 -0.0311 0.2336 -0.0328 0.3577 -0.0376 0.1985 -0.0119 0.3863 -0.0437 0.2723
36: 0.0333 -0.1722 0.0278 -0.1828 0.0270 -0.1826 0.0261 -0.1824 0.0276 -0.1824 0.0267 -0.1821 0.0257 -0.1817 0.0164 -0.1732 0.0183 -0.1733 0.0323 -0.1597 0.0317 -0.1603 -0.0019 -0.0902 0.0157 -0.1006 -0.0293 0.0041 0.0158 0.0025 -0.0126 0.0202 0.0621 -0.0216 -0.0089 0.0329 0.0705 -0.0280 -0.0044 0.0244 0.0681 -0.0363 -0.0055 0.0189 0.0643 -0.0342 -0.0110 0.0958 -0.0029 0.0949 -0.0065 0.2341 0.0527 0.1845 -0.0340 0.3452 -0.0153 0.2238 -0.0403 0.3566 -0.0286 0.2049 -0.0252 0.3744 -0.0157 0.2637
37: 0.0321 -0.1690 0.0269 -0.1798 0.0262 -0.1797 0.0253 -0.1795 0.0266 -0.1793 0.0257 -0.1789 0.0246 -0.1786 0.0159 -0.1715 0.0174 -0.1713 0.0310 -0.1569 0.0302 -0.1574 -0.0022 -0.0906 0.0159 -0.0986 -0.0315 -0.0022 0.0189 0.0049 -0.0181 0.0281 0.0653 -0.0268 -0.0152 0.0398 0.0728 -0.0365 -0.0106 0.0315 0.0699 -0.0451 -0.0114 0.0263 0.0663 -0.0420 -0.0103 0.0935 -0.0031 0.0956 0.0319 0.1951 0.0026 0.2083 -0.0179 0.3282 -0.0530 0.3345 -0.0298 0.3519 -0.0628 0.3507 -0.0088 0.3448 -0.0306 0.3622
38: 0.0331 -0.1717 0.0277 -0.1830 0.0268 -0.1832 0.0257 -0.1833 0.0278 -0.1825 0.0271 -0.1824 0.0263 -0.1821 0.0161 -0.1752 0.0191 -0.1742 0.0315 -0.1589 0.0312 -0.1595 -0.0065 -0.0923 0.0192 -0.1010 -0.0368 -0.0071 0.0220 0.0044 -0.0146 0.0313 0.0665 -0.0362 -0.0144 0.0415 0.0741 -0.0475 -0.0097 0.0333 0.0722 -0.0535 -0.0115 0.0283 0.0686 -0.0503 -0.0125 0.0962 -0.0001 0.0971 -0.0236 0.2024 0.0349 0.1673 -0.0643 0.3527 -0.0117 0.2628 -0.0756 0.3702 -0.0228 0.2638 -0.0543 0.3873 -0.0029 0.3177
39: 0.0330 -0.1703 0.0278 -0.1822 0.0268 -0.1823 0.0258 -0.1823 0.0280 -0.1818 0.0273 -0.1817 0.0266 -0.1815 0.0161 -0.1745 0.0196 -0.1738 0.0312 -0.1578 0.0311 -0.1586 -0.0097 -0.0903 0.0206 -0.1019 -0.0440 -0.0143 0.0243 -0.0020 -0.0168 0.0321 0.0673 -0.0418 -0.0163 0.0384 0.0752 -0.0525 -0.0114 0.0329 0.0736 -0.0585 -0.0141 0.0290 0.0701 -0.0553 -0.0110 0.0949 0.0000 0.0975 0.0514 0.1557 -0.0101 0.2135 0.0062 0.2781 -0.0737 0.3397 -0.0075 0.2880 -0.0906 0.3512 0.0259 0.3377 -0.0510 0.3790
40: 0.0324 -0.1685 0.0272 -0.1809 0.0263 -0.1811 0.0252 -0.1810 0.0276 -0.1806 0.0270 -0.1806 0.0263 -0.1805 0.0157 -0.1731 0.0198 -0.1730 0.0304 -0.1562 0.0305 -0.1569 -0.0116 -0.0878 0.0206 -0.1043 -0.0470 -0.0162 0.0260 -0.0060 -0.0157 0.0296 0.0695 -0.0422 -0.0098 0.0359 0.0763 -0.0545 -0.0104 0.0330 0.0723 -0.0606 -0.0067 0.0294 0.0693 -0.0571 -0.0074 0.0954 -0.0017 0.0968 0.0629 0.1532 -0.0402 0.2307 0.0247 0.2846 -0.0943 0.3463 0.0112 0.3037 -0.1090 0.3549 0.0584 0.3406 -0.0656 0.3904
