1: 0.0120 -0.1967 0.0242 -0.2060 0.0324 -0.2050 0.0384 -0.2043 -0.0022 -0.2066 -0.0118 -0.2064 -0.0214 -0.2061 0.0479 -0.1935 -0.0416 -0.1951 0.0296 -0.1798 -0.0086 -0.1819 0.1128 -0.1062 -0.1142 -0.0992 0.1634 -0.0053 -0.1561 -0.0016 0.2915 0.0498 -0.2810 0.0343 0.3394 0.0627 -0.3270 0.0437 0.3454 0.0558 -0.3333 0.0397 0.3268 0.0528 -0.3182 0.0382 0.0707 0.1019 -0.0695 0.1035 0.0441 0.2930 -0.0649 0.2894 0.0352 0.4301 -0.0482 0.4295 0.0261 0.4402 -0.0390 0.4387 0.0234 0.5031 -0.0395 0.4999
2: 0.0125 -0.1978 0.0248 -0.2063 0.0325 -0.2054 0.0390 -0.2045 -0.0015 -0.2072 -0.0112 -0.2070 -0.0208 -0.2068 0.0482 -0.1944 -0.0411 -0.1962 0.0292 -0.1809 -0.0083 -0.1830 0.1132 -0.1062 -0.1149 -0.0997 0.1670 -0.0061 -0.1567 0.0005 0.2925 0.0471 -0.2867 0.0332 0.3407 0.0604 -0.3316 0.0414 0.3467 0.0536 -0.3389 0.0368 0.3279 0.0502 -0.3232 0.0355 0.0709 0.1024 -0.0691 0.1035 0.0445 0.2899 -0.0640 0.2882 0.0316 0.4299 -0.0478 0.4301 0.0228 0.4413 -0.0400 0.4412 0.0239 0.5027 -0.0387 0.5004
3: 0.0138 -0.1983 0.0258 -0.2067 0.0335 -0.2060 0.0402 -0.2050 -0.0003 -0.2077 -0.0100 -0.2076 -0.0198 -0.2074 0.0489 -0.1957 -0.0401 -0.1973 0.0302 -0.1816 -0.0070 -0.1843 0.1136 -0.1051 -0.1158 -0.1003 0.1710 -0.0051 -0.1578 0.0007 0.3007 0.0436 -0.2917 0.0298 0.3489 0.0558 -0.3361 0.0353 0.3532 0.0486 -0.3435 0.0298 0.3360 0.0456 -0.3280 0.0289 0.0712 0.1025 -0.0690 0.1030 0.0448 0.2865 -0.0630 0.2859 0.0290 0.4293 -0.0521 0.4338 0.0195 0.4416 -0.0446 0.4458 0.0243 0.5030 -0.0378 0.5033
4: 0.0156 -0.1962 0.0274 -0.2047 0.0349 -0.2037 0.0419 -0.2025 0.0014 -0.2067 -0.0082 -0.2068 -0.0181 -0.2068 0.0504 -0.1949 -0.0385 -0.1971 0.0314 -0.1802 -0.0053 -0.1834 0.1147 -0.1052 -0.1168 -0.1002 0.1743 -0.0053 -0.1632 0.0007 0.3077 0.0403 -0.2955 0.0259 0.3560 0.0520 -0.3384 0.0301 0.3598 0.0439 -0.3453 0.0240 0.3429 0.0412 -0.3303 0.0227 0.0711 0.1030 -0.0691 0.1023 0.0456 0.2862 -0.0640 0.2881 0.0306 0.4328 -0.0570 0.4402 0.0208 0.4463 -0.0473 0.4517 0.0265 0.5029 -0.0378 0.5076
5: 0.0162 -0.1960 0.0285 -0.2024 0.0357 -0.2015 0.0430 -0.2004 0.0027 -0.2046 -0.0069 -0.2048 -0.0169 -0.2048 0.0511 -0.1921 -0.0371 -0.1958 0.0312 -0.1789 -0.0044 -0.1820 0.1153 -0.1032 -0.1167 -0.0989 0.1755 -0.0049 -0.1669 0.0001 0.3089 0.0350 -0.2964 0.0206 0.3571 0.0462 -0.3386 0.0249 0.3614 0.0381 -0.3453 0.0186 0.3445 0.0358 -0.3303 0.0173 0.0710 0.1025 -0.0695 0.0997 0.0466 0.2898 -0.0639 0.2885 0.0313 0.4384 -0.0586 0.4407 0.0209 0.4509 -0.0495 0.4517 0.0278 0.5065 -0.0388 0.5078
6: 0.0169 -0.1912 0.0291 -0.1978 0.0362 -0.1964 0.0436 -0.1951 0.0035 -0.2004 -0.0061 -0.2005 -0.0162 -0.2004 0.0515 -0.1858 -0.0364 -0.1900 0.0316 -0.1737 -0.0038 -0.1763 0.1160 -0.1028 -0.1159 -0.0964 0.1761 -0.0048 -0.1732 -0.0003 0.3127 0.0283 -0.3037 0.0149 0.3604 0.0386 -0.3445 0.0180 0.3650 0.0304 -0.3504 0.0117 0.3487 0.0288 -0.3357 0.0106 0.0700 0.1011 -0.0699 0.0981 0.0462 0.2920 -0.0642 0.2904 0.0322 0.4353 -0.0605 0.4373 0.0217 0.4461 -0.0501 0.4476 0.0287 0.5039 -0.0432 0.5059
7: 0.0178 -0.1901 0.0298 -0.1977 0.0366 -0.1967 0.0438 -0.1955 0.0043 -0.1997 -0.0053 -0.1996 -0.0155 -0.1996 0.0509 -0.1852 -0.0355 -0.1891 0.0323 -0.1719 -0.0030 -0.1744 0.1164 -0.1019 -0.1150 -0.0994 0.1796 -0.0083 -0.1816 -0.0071 0.3200 0.0187 -0.3048 0.0095 0.3650 0.0273 -0.3472 0.0094 0.3698 0.0190 -0.3530 0.0035 0.3544 0.0181 -0.3382 0.0035 0.0689 0.1023 -0.0703 0.0991 0.0464 0.2923 -0.0662 0.2900 0.0334 0.4269 -0.0621 0.4302 0.0227 0.4361 -0.0505 0.4392 0.0297 0.4950 -0.0461 0.4985
8: 0.0202 -0.1901 0.0319 -0.1986 0.0383 -0.1972 0.0455 -0.1957 0.0065 -0.2010 -0.0031 -0.2009 -0.0135 -0.2008 0.0525 -0.1848 -0.0335 -0.1904 0.0343 -0.1721 -0.0010 -0.1744 0.1184 -0.1023 -0.1141 -0.1024 0.1867 -0.0107 -0.1827 -0.0108 0.3314 0.0080 -0.3097 0.0067 0.3754 0.0155 -0.3492 0.0036 0.3789 0.0065 -0.3553 -0.0011 0.3641 0.0062 -0.3424 0.0003 0.0686 0.1042 -0.0731 0.1005 0.0473 0.2904 -0.0686 0.2864 0.0324 0.4181 -0.0605 0.4200 0.0211 0.4269 -0.0481 0.4291 0.0318 0.4846 -0.0492 0.4868
9: 0.0212 -0.1925 0.0328 -0.1999 0.0390 -0.1990 0.0462 -0.1978 0.0075 -0.2018 -0.0021 -0.2021 -0.0126 -0.2022 0.0523 -0.1882 -0.0326 -0.1931 0.0351 -0.1742 0.0000 -0.1768 0.1185 -0.1051 -0.1139 -0.1046 0.1922 -0.0169 -0.1895 -0.0149 0.3430 -0.0060 -0.3087 -0.0027 0.3863 -0.0007 -0.3483 -0.0045 0.3908 -0.0097 -0.3542 -0.0101 0.3740 -0.0097 -0.3408 -0.0092 0.0690 0.1066 -0.0735 0.1032 0.0471 0.2876 -0.0721 0.2836 0.0253 0.4070 -0.0596 0.4080 0.0136 0.4154 -0.0473 0.4165 0.0321 0.4716 -0.0517 0.4733
10: 0.0252 -0.1979 0.0365 -0.2047 0.0427 -0.2036 0.0499 -0.2026 0.0113 -0.2072 0.0018 -0.2074 -0.0088 -0.2073 0.0546 -0.1954 -0.0289 -0.1990 0.0385 -0.1814 0.0041 -0.1842 0.1206 -0.1107 -0.1175 -0.1059 0.1987 -0.0234 -0.1920 -0.0126 0.3459 -0.0171 -0.3033 -0.0070 0.3915 -0.0134 -0.3437 -0.0090 0.3961 -0.0220 -0.3498 -0.0168 0.3767 -0.0218 -0.3359 -0.0159 0.0702 0.1101 -0.0733 0.1064 0.0490 0.2835 -0.0729 0.2801 0.0237 0.3974 -0.0552 0.3993 0.0122 0.4050 -0.0431 0.4077 0.0355 0.4604 -0.0510 0.4623
11: 0.0247 -0.1996 0.0359 -0.2087 0.0420 -0.2075 0.0489 -0.2062 0.0106 -0.2104 0.0011 -0.2101 -0.0086 -0.2099 0.0546 -0.1976 -0.0304 -0.1996 0.0385 -0.1837 0.0026 -0.1855 0.1222 -0.1142 -0.1202 -0.1048 0.2021 -0.0311 -0.1898 -0.0096 0.3463 -0.0246 -0.2982 -0.0044 0.3958 -0.0207 -0.3405 -0.0061 0.3998 -0.0294 -0.3447 -0.0135 0.3778 -0.0293 -0.3302 -0.0133 0.0715 0.1118 -0.0736 0.1071 0.0501 0.2841 -0.0730 0.2778 0.0246 0.3908 -0.0529 0.3927 0.0136 0.3983 -0.0408 0.4024 0.0366 0.4522 -0.0512 0.4538
12: 0.0247 -0.1982 0.0355 -0.2072 0.0413 -0.2059 0.0480 -0.2045 0.0107 -0.2093 0.0012 -0.2093 -0.0085 -0.2092 0.0536 -0.1955 -0.0302 -0.1991 0.0379 -0.1815 0.0022 -0.1831 0.1215 -0.1123 -0.1199 -0.1042 0.2028 -0.0277 -0.1883 -0.0141 0.3463 -0.0197 -0.2955 0.0024 0.3957 -0.0121 -0.3381 0.0052 0.4004 -0.0214 -0.3393 -0.0015 0.3780 -0.0227 -0.3229 -0.0023 0.0709 0.1100 -0.0724 0.1067 0.0492 0.2843 -0.0731 0.2794 0.0241 0.3923 -0.0531 0.3945 0.0130 0.4008 -0.0412 0.4043 0.0372 0.4549 -0.0502 0.4561
13: 0.0247 -0.1980 0.0356 -0.2063 0.0415 -0.2051 0.0484 -0.2039 0.0107 -0.2081 0.0011 -0.2081 -0.0087 -0.2079 0.0542 -0.1945 -0.0304 -0.1976 0.0381 -0.1811 0.0022 -0.1829 0.1217 -0.1103 -0.1186 -0.1037 0.2029 -0.0213 -0.1862 -0.0126 0.3469 -0.0074 -0.2983 0.0155 0.3957 0.0040 -0.3377 0.0259 0.4014 -0.0044 -0.3389 0.0204 0.3801 -0.0071 -0.3230 0.0176 0.0689 0.1084 -0.0721 0.1057 0.0492 0.2866 -0.0733 0.2832 0.0238 0.3986 -0.0528 0.4008 0.0130 0.4076 -0.0408 0.4110 0.0369 0.4601 -0.0505 0.4631
14: 0.0197 -0.1961 0.0327 -0.2044 0.0391 -0.2029 0.0459 -0.2011 0.0065 -0.2065 -0.0042 -0.2064 -0.0133 -0.2063 0.0531 -0.1917 -0.0326 -0.1941 0.0344 -0.1780 -0.0014 -0.1810 0.1195 -0.1083 -0.1158 -0.0999 0.1986 -0.0176 -0.1810 -0.0107 0.3451 0.0000 -0.2981 0.0212 0.3912 0.0125 -0.3371 0.0360 0.3979 0.0055 -0.3391 0.0315 0.3785 0.0022 -0.3234 0.0271 0.0684 0.1035 -0.0722 0.1046 0.0487 0.2894 -0.0733 0.2838 0.0232 0.4024 -0.0531 0.4043 0.0131 0.4112 -0.0413 0.4145 0.0351 0.4627 -0.0510 0.4670
15: 0.0201 -0.1920 0.0331 -0.2011 0.0395 -0.2003 0.0462 -0.1990 0.0071 -0.2024 -0.0036 -0.2024 -0.0128 -0.2022 0.0534 -0.1893 -0.0329 -0.1917 0.0348 -0.1756 -0.0012 -0.1788 0.1181 -0.1037 -0.1146 -0.0984 0.1942 -0.0085 -0.1758 -0.0050 0.3351 0.0211 -0.2939 0.0391 0.3791 0.0355 -0.3292 0.0573 0.3856 0.0297 -0.3314 0.0530 0.3689 0.0254 -0.3172 0.0473 0.0683 0.0999 -0.0717 0.1022 0.0501 0.2897 -0.0726 0.2894 0.0248 0.4177 -0.0528 0.4207 0.0145 0.4273 -0.0414 0.4304 0.0352 0.4776 -0.0506 0.4834
16: 0.0216 -0.1900 0.0343 -0.1986 0.0404 -0.1980 0.0471 -0.1973 0.0083 -0.1993 -0.0022 -0.1992 -0.0117 -0.1986 0.0542 -0.1887 -0.0327 -0.1896 0.0362 -0.1740 0.0002 -0.1760 0.1175 -0.1020 -0.1132 -0.0989 0.1912 -0.0056 -0.1720 -0.0005 0.3221 0.0383 -0.2914 0.0562 0.3660 0.0543 -0.3255 0.0754 0.3709 0.0492 -0.3278 0.0725 0.3547 0.0441 -0.3143 0.0669 0.0676 0.0999 -0.0721 0.1008 0.0518 0.2932 -0.0715 0.2925 0.0270 0.4338 -0.0524 0.4307 0.0172 0.4433 -0.0412 0.4407 0.0345 0.4935 -0.0524 0.4984
17: 0.0217 -0.1873 0.0340 -0.1974 0.0401 -0.1967 0.0466 -0.1958 0.0082 -0.1984 -0.0024 -0.1983 -0.0120 -0.1979 0.0538 -0.1876 -0.0331 -0.1881 0.0363 -0.1717 0.0005 -0.1737 0.1162 -0.1034 -0.1118 -0.0968 0.1869 -0.0028 -0.1636 0.0010 0.3131 0.0489 -0.2821 0.0644 0.3557 0.0649 -0.3196 0.0813 0.3602 0.0605 -0.3233 0.0779 0.3460 0.0556 -0.3091 0.0731 0.0676 0.1000 -0.0722 0.1002 0.0526 0.2906 -0.0710 0.2889 0.0344 0.4452 -0.0556 0.4401 0.0263 0.4546 -0.0435 0.4513 0.0338 0.5050 -0.0534 0.5096
18: 0.0205 -0.1876 0.0333 -0.1962 0.0396 -0.1957 0.0459 -0.1951 0.0067 -0.1974 -0.0044 -0.1974 -0.0140 -0.1970 0.0531 -0.1873 -0.0341 -0.1896 0.0351 -0.1709 -0.0013 -0.1717 0.1149 -0.1037 -0.1101 -0.0964 0.1811 -0.0030 -0.1526 0.0021 0.2941 0.0568 -0.2663 0.0667 0.3331 0.0719 -0.3042 0.0869 0.3380 0.0671 -0.3087 0.0827 0.3241 0.0625 -0.2946 0.0800 0.0673 0.1003 -0.0723 0.0999 0.0525 0.2870 -0.0691 0.2842 0.0400 0.4485 -0.0573 0.4409 0.0318 0.4607 -0.0456 0.4557 0.0367 0.5093 -0.0545 0.5100
19: 0.0206 -0.1887 0.0334 -0.1978 0.0395 -0.1970 0.0457 -0.1964 0.0068 -0.1984 -0.0042 -0.1980 -0.0139 -0.1975 0.0523 -0.1877 -0.0345 -0.1881 0.0352 -0.1715 -0.0011 -0.1722 0.1147 -0.1030 -0.1095 -0.0975 0.1758 -0.0030 -0.1453 0.0042 0.2820 0.0592 -0.2581 0.0613 0.3209 0.0775 -0.2962 0.0843 0.3267 0.0745 -0.3009 0.0808 0.3120 0.0686 -0.2876 0.0759 0.0670 0.1011 -0.0721 0.0993 0.0513 0.2882 -0.0654 0.2859 0.0412 0.4505 -0.0569 0.4408 0.0346 0.4645 -0.0453 0.4572 0.0379 0.5130 -0.0551 0.5117
20: 0.0203 -0.1873 0.0329 -0.1976 0.0390 -0.1966 0.0451 -0.1959 0.0064 -0.1990 -0.0045 -0.1987 -0.0143 -0.1983 0.0517 -0.1871 -0.0351 -0.1892 0.0349 -0.1707 -0.0014 -0.1718 0.1143 -0.1030 -0.1100 -0.1005 0.1717 -0.0028 -0.1444 0.0060 0.2763 0.0547 -0.2566 0.0567 0.3170 0.0731 -0.2960 0.0777 0.3241 0.0701 -0.3014 0.0746 0.3090 0.0644 -0.2879 0.0691 0.0667 0.1030 -0.0711 0.1004 0.0498 0.2882 -0.0627 0.2875 0.0408 0.4479 -0.0572 0.4413 0.0339 0.4638 -0.0456 0.4587 0.0375 0.5125 -0.0555 0.5114
21: 0.0198 -0.1888 0.0320 -0.1989 0.0384 -0.1980 0.0441 -0.1974 0.0056 -0.1997 -0.0049 -0.1995 -0.0146 -0.1992 0.0510 -0.1885 -0.0361 -0.1895 0.0345 -0.1722 -0.0016 -0.1736 0.1142 -0.1039 -0.1106 -0.1007 0.1674 -0.0033 -0.1452 0.0053 0.2688 0.0535 -0.2565 0.0547 0.3106 0.0716 -0.2967 0.0718 0.3197 0.0693 -0.3022 0.0688 0.3034 0.0641 -0.2885 0.0642 0.0666 0.1029 -0.0702 0.1019 0.0484 0.2879 -0.0612 0.2879 0.0388 0.4452 -0.0546 0.4378 0.0325 0.4598 -0.0447 0.4548 0.0348 0.5135 -0.0544 0.5085
22: 0.0191 -0.1890 0.0313 -0.2000 0.0376 -0.1992 0.0434 -0.1984 0.0048 -0.2009 -0.0058 -0.2008 -0.0154 -0.2007 0.0504 -0.1885 -0.0375 -0.1910 0.0339 -0.1721 -0.0023 -0.1740 0.1136 -0.1035 -0.1119 -0.1007 0.1625 -0.0037 -0.1446 0.0054 0.2718 0.0519 -0.2592 0.0498 0.3139 0.0679 -0.2990 0.0650 0.3227 0.0641 -0.3044 0.0615 0.3066 0.0598 -0.2907 0.0576 0.0665 0.1022 -0.0684 0.1020 0.0476 0.2890 -0.0593 0.2881 0.0340 0.4418 -0.0496 0.4367 0.0277 0.4574 -0.0433 0.4537 0.0304 0.5122 -0.0475 0.5058
23: 0.0187 -0.1913 0.0307 -0.2020 0.0370 -0.2011 0.0427 -0.2000 0.0041 -0.2028 -0.0063 -0.2024 -0.0159 -0.2020 0.0499 -0.1902 -0.0385 -0.1913 0.0336 -0.1742 -0.0026 -0.1759 0.1138 -0.1030 -0.1130 -0.0982 0.1624 -0.0031 -0.1454 0.0058 0.2728 0.0511 -0.2606 0.0459 0.3156 0.0674 -0.3000 0.0584 0.3247 0.0633 -0.3052 0.0549 0.3079 0.0585 -0.2912 0.0518 0.0666 0.0999 -0.0675 0.1011 0.0473 0.2884 -0.0584 0.2879 0.0315 0.4386 -0.0462 0.4349 0.0253 0.4546 -0.0418 0.4510 0.0272 0.5102 -0.0406 0.5042
24: 0.0176 -0.1946 0.0299 -0.2033 0.0367 -0.2023 0.0423 -0.2013 0.0027 -0.2041 -0.0075 -0.2037 -0.0173 -0.2031 0.0494 -0.1922 -0.0394 -0.1932 0.0335 -0.1776 -0.0035 -0.1789 0.1141 -0.1030 -0.1142 -0.0981 0.1619 -0.0047 -0.1456 0.0063 0.2746 0.0471 -0.2664 0.0439 0.3184 0.0616 -0.3043 0.0540 0.3277 0.0581 -0.3095 0.0499 0.3103 0.0537 -0.2955 0.0474 0.0670 0.0991 -0.0671 0.1019 0.0475 0.2892 -0.0572 0.2884 0.0308 0.4376 -0.0432 0.4355 0.0247 0.4526 -0.0404 0.4497 0.0269 0.5086 -0.0318 0.5037
25: 0.0178 -0.1937 0.0302 -0.2018 0.0368 -0.2011 0.0425 -0.2004 0.0030 -0.2027 -0.0072 -0.2026 -0.0170 -0.2022 0.0495 -0.1916 -0.0390 -0.1933 0.0337 -0.1771 -0.0033 -0.1790 0.1141 -0.1020 -0.1147 -0.0979 0.1621 -0.0054 -0.1460 0.0062 0.2771 0.0457 -0.2687 0.0415 0.3210 0.0600 -0.3087 0.0496 0.3299 0.0561 -0.3143 0.0461 0.3126 0.0516 -0.2994 0.0442 0.0674 0.0984 -0.0668 0.1013 0.0476 0.2864 -0.0566 0.2861 0.0309 0.4367 -0.0415 0.4355 0.0249 0.4510 -0.0393 0.4483 0.0267 0.5068 -0.0290 0.5027
26: 0.0174 -0.1933 0.0298 -0.2022 0.0364 -0.2014 0.0421 -0.2007 0.0030 -0.2029 -0.0072 -0.2027 -0.0171 -0.2023 0.0490 -0.1917 -0.0389 -0.1928 0.0336 -0.1770 -0.0032 -0.1789 0.1146 -0.1020 -0.1149 -0.0981 0.1625 -0.0054 -0.1480 0.0054 0.2786 0.0445 -0.2738 0.0386 0.3263 0.0584 -0.3154 0.0452 0.3340 0.0533 -0.3210 0.0411 0.3164 0.0492 -0.3052 0.0396 0.0675 0.0989 -0.0671 0.1011 0.0475 0.2870 -0.0554 0.2866 0.0311 0.4349 -0.0402 0.4350 0.0250 0.4480 -0.0385 0.4475 0.0269 0.5055 -0.0267 0.5025
27: 0.0135 -0.1925 0.0276 -0.2020 0.0351 -0.2012 0.0408 -0.2003 0.0009 -0.2026 -0.0101 -0.2023 -0.0194 -0.2019 0.0486 -0.1905 -0.0391 -0.1921 0.0311 -0.1761 -0.0064 -0.1779 0.1150 -0.1019 -0.1154 -0.0978 0.1628 -0.0023 -0.1535 0.0057 0.2802 0.0438 -0.2803 0.0374 0.3322 0.0572 -0.3213 0.0428 0.3389 0.0505 -0.3269 0.0376 0.3205 0.0468 -0.3114 0.0362 0.0676 0.0988 -0.0672 0.1009 0.0476 0.2882 -0.0542 0.2873 0.0325 0.4355 -0.0397 0.4355 0.0257 0.4487 -0.0379 0.4482 0.0284 0.5058 -0.0272 0.5029
28: 0.0136 -0.1940 0.0276 -0.2022 0.0351 -0.2015 0.0408 -0.2008 0.0010 -0.2032 -0.0101 -0.2031 -0.0193 -0.2028 0.0487 -0.1912 -0.0388 -0.1937 0.0311 -0.1763 -0.0063 -0.1780 0.1158 -0.1029 -0.1160 -0.0996 0.1687 -0.0056 -0.1557 0.0006 0.2934 0.0357 -0.2825 0.0309 0.3410 0.0495 -0.3231 0.0371 0.3474 0.0431 -0.3284 0.0315 0.3312 0.0394 -0.3134 0.0298 0.0676 0.1016 -0.0674 0.1007 0.0472 0.2866 -0.0542 0.2869 0.0333 0.4305 -0.0418 0.4305 0.0260 0.4429 -0.0387 0.4421 0.0284 0.5010 -0.0276 0.4995
29: 0.0138 -0.1943 0.0279 -0.2022 0.0352 -0.2011 0.0410 -0.2002 0.0012 -0.2036 -0.0098 -0.2034 -0.0192 -0.2032 0.0488 -0.1904 -0.0384 -0.1926 0.0312 -0.1757 -0.0062 -0.1773 0.1176 -0.1041 -0.1160 -0.1015 0.1732 -0.0071 -0.1607 -0.0038 0.2990 0.0267 -0.2820 0.0192 0.3468 0.0381 -0.3226 0.0273 0.3525 0.0320 -0.3280 0.0220 0.3359 0.0277 -0.3131 0.0202 0.0670 0.1040 -0.0688 0.1016 0.0465 0.2904 -0.0541 0.2882 0.0378 0.4270 -0.0449 0.4254 0.0297 0.4377 -0.0395 0.4360 0.0288 0.4950 -0.0319 0.4943
30: 0.0127 -0.1945 0.0274 -0.2012 0.0349 -0.2004 0.0407 -0.1996 -0.0000 -0.2027 -0.0110 -0.2025 -0.0204 -0.2022 0.0485 -0.1902 -0.0388 -0.1921 0.0306 -0.1759 -0.0078 -0.1777 0.1184 -0.1061 -0.1160 -0.0992 0.1793 -0.0094 -0.1670 -0.0045 0.3028 0.0195 -0.2865 0.0161 0.3529 0.0285 -0.3294 0.0197 0.3566 0.0216 -0.3344 0.0136 0.3390 0.0187 -0.3187 0.0136 0.0668 0.1039 -0.0693 0.1012 0.0461 0.2887 -0.0541 0.2853 0.0423 0.4226 -0.0484 0.4214 0.0333 0.4316 -0.0415 0.4315 0.0312 0.4878 -0.0352 0.4880
31: 0.0130 -0.1946 0.0276 -0.2007 0.0350 -0.1998 0.0408 -0.1990 0.0003 -0.2023 -0.0106 -0.2021 -0.0200 -0.2018 0.0481 -0.1894 -0.0385 -0.1913 0.0307 -0.1766 -0.0075 -0.1783 0.1187 -0.1056 -0.1158 -0.1005 0.1843 -0.0102 -0.1695 -0.0072 0.3132 0.0127 -0.2886 0.0180 0.3628 0.0201 -0.3322 0.0171 0.3654 0.0120 -0.3387 0.0122 0.3492 0.0103 -0.3232 0.0141 0.0670 0.1044 -0.0701 0.1017 0.0471 0.2874 -0.0539 0.2830 0.0442 0.4133 -0.0490 0.4134 0.0344 0.4208 -0.0420 0.4216 0.0345 0.4766 -0.0351 0.4780
32: 0.0132 -0.1942 0.0278 -0.2007 0.0351 -0.1996 0.0409 -0.1986 0.0005 -0.2026 -0.0105 -0.2027 -0.0199 -0.2026 0.0483 -0.1895 -0.0383 -0.1927 0.0308 -0.1766 -0.0074 -0.1786 0.1188 -0.1066 -0.1157 -0.1019 0.1904 -0.0148 -0.1772 -0.0107 0.3236 0.0041 -0.2988 0.0126 0.3690 0.0107 -0.3399 0.0133 0.3715 0.0019 -0.3468 0.0081 0.3563 0.0005 -0.3325 0.0089 0.0673 0.1058 -0.0703 0.1027 0.0474 0.2850 -0.0566 0.2831 0.0442 0.4008 -0.0489 0.4016 0.0342 0.4082 -0.0413 0.4085 0.0371 0.4634 -0.0352 0.4657
33: 0.0135 -0.1969 0.0281 -0.2039 0.0354 -0.2030 0.0414 -0.2020 0.0010 -0.2057 -0.0100 -0.2055 -0.0194 -0.2052 0.0488 -0.1940 -0.0377 -0.1963 0.0311 -0.1798 -0.0069 -0.1820 0.1191 -0.1111 -0.1154 -0.1039 0.1947 -0.0236 -0.1839 -0.0125 0.3249 -0.0002 -0.3031 0.0085 0.3705 0.0091 -0.3422 0.0114 0.3748 0.0022 -0.3485 0.0063 0.3578 -0.0008 -0.3345 0.0067 0.0678 0.1096 -0.0714 0.1054 0.0480 0.2801 -0.0576 0.2776 0.0436 0.3887 -0.0484 0.3896 0.0335 0.3965 -0.0395 0.3969 0.0392 0.4506 -0.0369 0.4527
34: 0.0129 -0.1991 0.0272 -0.2076 0.0348 -0.2066 0.0409 -0.2052 0.0002 -0.2085 -0.0101 -0.2081 -0.0192 -0.2075 0.0496 -0.1950 -0.0377 -0.1964 0.0309 -0.1826 -0.0072 -0.1844 0.1200 -0.1119 -0.1167 -0.1001 0.1986 -0.0266 -0.1885 -0.0081 0.3361 -0.0001 -0.3125 0.0123 0.3904 0.0084 -0.3482 0.0150 0.3958 0.0016 -0.3527 0.0094 0.3756 -0.0011 -0.3395 0.0097 0.0687 0.1078 -0.0722 0.1043 0.0488 0.2765 -0.0576 0.2733 0.0434 0.3846 -0.0441 0.3856 0.0335 0.3934 -0.0347 0.3937 0.0413 0.4444 -0.0361 0.4470
35: 0.0132 -0.1999 0.0274 -0.2078 0.0347 -0.2066 0.0409 -0.2053 0.0005 -0.2091 -0.0098 -0.2087 -0.0190 -0.2082 0.0499 -0.1946 -0.0375 -0.1965 0.0309 -0.1831 -0.0072 -0.1841 0.1202 -0.1107 -0.1169 -0.0992 0.1978 -0.0261 -0.1874 -0.0104 0.3325 0.0036 -0.3144 0.0193 0.3854 0.0129 -0.3520 0.0259 0.3902 0.0061 -0.3551 0.0207 0.3714 0.0031 -0.3407 0.0196 0.0686 0.1060 -0.0720 0.1040 0.0493 0.2762 -0.0580 0.2734 0.0428 0.3858 -0.0431 0.3872 0.0320 0.3948 -0.0339 0.3961 0.0434 0.4451 -0.0359 0.4487
36: 0.0149 -0.1987 0.0282 -0.2064 0.0355 -0.2053 0.0418 -0.2041 0.0016 -0.2077 -0.0087 -0.2074 -0.0180 -0.2069 0.0508 -0.1940 -0.0368 -0.1958 0.0318 -0.1818 -0.0060 -0.1828 0.1194 -0.1097 -0.1158 -0.1007 0.1977 -0.0221 -0.1854 -0.0094 0.3329 0.0112 -0.3156 0.0303 0.3838 0.0225 -0.3541 0.0428 0.3895 0.0161 -0.3580 0.0397 0.3699 0.0125 -0.3436 0.0367 0.0678 0.1058 -0.0714 0.1046 0.0514 0.2819 -0.0576 0.2779 0.0419 0.3922 -0.0418 0.3934 0.0313 0.4005 -0.0328 0.4026 0.0439 0.4503 -0.0352 0.4550
37: 0.0141 -0.1968 0.0271 -0.2051 0.0348 -0.2037 0.0412 -0.2023 0.0005 -0.2064 -0.0101 -0.2060 -0.0189 -0.2051 0.0505 -0.1932 -0.0377 -0.1939 0.0312 -0.1818 -0.0061 -0.1829 0.1181 -0.1082 -0.1142 -0.0982 0.1976 -0.0177 -0.1844 -0.0082 0.3318 0.0213 -0.3127 0.0368 0.3820 0.0366 -0.3522 0.0520 0.3880 0.0311 -0.3570 0.0498 0.3690 0.0257 -0.3423 0.0456 0.0675 0.1026 -0.0713 0.1038 0.0519 0.2848 -0.0589 0.2809 0.0405 0.3976 -0.0417 0.3983 0.0307 0.4060 -0.0331 0.4069 0.0431 0.4547 -0.0350 0.4602
38: 0.0145 -0.1932 0.0270 -0.2009 0.0348 -0.2000 0.0410 -0.1993 0.0004 -0.2016 -0.0099 -0.2010 -0.0189 -0.2000 0.0507 -0.1907 -0.0383 -0.1901 0.0317 -0.1781 -0.0056 -0.1790 0.1179 -0.1027 -0.1135 -0.0986 0.1968 -0.0070 -0.1825 -0.0044 0.3314 0.0401 -0.3080 0.0521 0.3807 0.0574 -0.3425 0.0695 0.3873 0.0526 -0.3444 0.0677 0.3687 0.0464 -0.3305 0.0626 0.0677 0.1004 -0.0719 0.1008 0.0528 0.2914 -0.0603 0.2867 0.0404 0.4138 -0.0435 0.4127 0.0312 0.4231 -0.0348 0.4214 0.0416 0.4721 -0.0347 0.4769
39: 0.0150 -0.1906 0.0270 -0.1989 0.0349 -0.1981 0.0407 -0.1973 0.0003 -0.1992 -0.0099 -0.1985 -0.0191 -0.1974 0.0502 -0.1889 -0.0390 -0.1881 0.0323 -0.1754 -0.0049 -0.1758 0.1172 -0.1025 -0.1129 -0.0971 0.1938 -0.0077 -0.1809 -0.0010 0.3193 0.0541 -0.3017 0.0647 0.3645 0.0695 -0.3338 0.0807 0.3665 0.0649 -0.3348 0.0787 0.3512 0.0590 -0.3217 0.0740 0.0676 0.0994 -0.0720 0.1003 0.0542 0.2890 -0.0627 0.2879 0.0414 0.4277 -0.0442 0.4252 0.0324 0.4376 -0.0350 0.4344 0.0416 0.4873 -0.0350 0.4912
40: 0.0141 -0.1930 0.0255 -0.2003 0.0340 -0.1996 0.0400 -0.1990 -0.0004 -0.2008 -0.0101 -0.2003 -0.0190 -0.1997 0.0490 -0.1900 -0.0389 -0.1900 0.0319 -0.1779 -0.0051 -0.1788 0.1156 -0.1029 -0.1119 -0.0972 0.1852 -0.0048 -0.1717 -0.0003 0.3023 0.0579 -0.2846 0.0691 0.3442 0.0773 -0.3216 0.0918 0.3467 0.0756 -0.3241 0.0880 0.3336 0.0688 -0.3096 0.0856 0.0680 0.1001 -0.0717 0.1002 0.0552 0.2857 -0.0619 0.2851 0.0458 0.4342 -0.0469 0.4319 0.0377 0.4446 -0.0379 0.4413 0.0425 0.4977 -0.0355 0.5007
