1: -0.0124 -0.1418 -0.0091 -0.1516 -0.0071 -0.1525 -0.0050 -0.1532 -0.0149 -0.1488 -0.0164 -0.1477 -0.0180 -0.1466 0.0001 -0.1486 -0.0177 -0.1399 -0.0066 -0.1328 -0.0140 -0.1302 0.0241 -0.0891 -0.0279 -0.0627 0.0372 -0.0080 -0.0391 0.0197 0.0513 -0.0358 -0.0747 0.0046 0.0578 -0.0430 -0.0871 0.0045 0.0557 -0.0502 -0.0871 -0.0045 0.0528 -0.0478 -0.0830 -0.0064 0.0178 0.0708 -0.0139 0.0809 0.0185 0.2121 -0.0094 0.2196 0.0268 0.3454 -0.0028 0.3479 0.0296 0.3691 0.0047 0.3700 0.0145 0.3773 -0.0325 0.3807
2: -0.0121 -0.1429 -0.0089 -0.1527 -0.0068 -0.1535 -0.0046 -0.1542 -0.0149 -0.1500 -0.0165 -0.1490 -0.0180 -0.1478 0.0005 -0.1495 -0.0178 -0.1409 -0.0059 -0.1340 -0.0139 -0.1312 0.0241 -0.0899 -0.0280 -0.0628 0.0370 -0.0089 -0.0392 0.0187 0.0516 -0.0316 -0.0746 0.0075 0.0584 -0.0363 -0.0870 0.0064 0.0566 -0.0438 -0.0868 -0.0028 0.0538 -0.0425 -0.0827 -0.0044 0.0178 0.0715 -0.0139 0.0810 0.0190 0.2116 -0.0094 0.2200 0.0275 0.3451 -0.0023 0.3474 0.0295 0.3685 0.0055 0.3696 0.0175 0.3757 -0.0295 0.3798
3: -0.0123 -0.1435 -0.0091 -0.1533 -0.0070 -0.1541 -0.0048 -0.1548 -0.0151 -0.1506 -0.0167 -0.1496 -0.0183 -0.1484 0.0005 -0.1500 -0.0179 -0.1415 -0.0059 -0.1347 -0.0140 -0.1317 0.0242 -0.0906 -0.0280 -0.0625 0.0368 -0.0161 -0.0392 0.0182 0.0521 -0.0238 -0.0746 0.0179 0.0604 -0.0229 -0.0870 0.0194 0.0590 -0.0294 -0.0870 0.0107 0.0557 -0.0300 -0.0829 0.0095 0.0177 0.0717 -0.0138 0.0813 0.0190 0.2111 -0.0095 0.2199 0.0279 0.3454 -0.0024 0.3472 0.0295 0.3689 0.0053 0.3695 0.0177 0.3752 -0.0299 0.3792
4: -0.0127 -0.1442 -0.0095 -0.1541 -0.0074 -0.1549 -0.0051 -0.1556 -0.0155 -0.1514 -0.0171 -0.1504 -0.0187 -0.1492 0.0001 -0.1508 -0.0183 -0.1423 -0.0063 -0.1354 -0.0144 -0.1325 0.0241 -0.0914 -0.0281 -0.0623 0.0375 -0.0218 -0.0390 0.0176 0.0552 -0.0091 -0.0736 0.0282 0.0652 -0.0028 -0.0867 0.0362 0.0644 -0.0060 -0.0866 0.0295 0.0606 -0.0076 -0.0822 0.0267 0.0175 0.0723 -0.0138 0.0813 0.0187 0.2103 -0.0099 0.2190 0.0276 0.3454 -0.0026 0.3463 0.0291 0.3688 0.0052 0.3686 0.0174 0.3741 -0.0294 0.3782
5: -0.0133 -0.1452 -0.0101 -0.1556 -0.0079 -0.1565 -0.0057 -0.1573 -0.0160 -0.1529 -0.0177 -0.1519 -0.0192 -0.1508 -0.0003 -0.1526 -0.0185 -0.1442 -0.0068 -0.1364 -0.0149 -0.1337 0.0239 -0.0935 -0.0278 -0.0629 0.0404 -0.0267 -0.0391 0.0180 0.0622 0.0055 -0.0736 0.0499 0.0733 0.0171 -0.0849 0.0650 0.0727 0.0153 -0.0857 0.0595 0.0684 0.0122 -0.0819 0.0561 0.0172 0.0743 -0.0132 0.0822 0.0183 0.2086 -0.0101 0.2172 0.0275 0.3436 -0.0017 0.3446 0.0293 0.3670 0.0066 0.3669 0.0168 0.3721 -0.0268 0.3768
6: -0.0139 -0.1460 -0.0108 -0.1568 -0.0086 -0.1577 -0.0063 -0.1586 -0.0166 -0.1540 -0.0183 -0.1530 -0.0198 -0.1520 -0.0008 -0.1539 -0.0187 -0.1455 -0.0074 -0.1373 -0.0155 -0.1345 0.0235 -0.0953 -0.0268 -0.0629 0.0447 -0.0280 -0.0385 0.0186 0.0736 0.0176 -0.0706 0.0613 0.0852 0.0334 -0.0803 0.0775 0.0845 0.0326 -0.0822 0.0735 0.0803 0.0280 -0.0785 0.0695 0.0165 0.0757 -0.0132 0.0826 0.0176 0.2077 -0.0096 0.2159 0.0279 0.3403 -0.0010 0.3433 0.0304 0.3631 0.0075 0.3655 0.0165 0.3708 -0.0256 0.3758
7: -0.0146 -0.1447 -0.0115 -0.1563 -0.0094 -0.1573 -0.0071 -0.1583 -0.0172 -0.1532 -0.0187 -0.1523 -0.0202 -0.1513 -0.0012 -0.1538 -0.0187 -0.1455 -0.0080 -0.1359 -0.0159 -0.1333 0.0229 -0.0954 -0.0254 -0.0631 0.0504 -0.0289 -0.0382 0.0174 0.0855 0.0197 -0.0661 0.0603 0.0968 0.0347 -0.0734 0.0768 0.0960 0.0346 -0.0748 0.0752 0.0918 0.0306 -0.0718 0.0711 0.0158 0.0760 -0.0133 0.0825 0.0171 0.2077 -0.0098 0.2158 0.0286 0.3397 -0.0012 0.3434 0.0311 0.3624 0.0073 0.3653 0.0161 0.3698 -0.0260 0.3766
8: -0.0161 -0.1441 -0.0129 -0.1560 -0.0108 -0.1571 -0.0086 -0.1582 -0.0177 -0.1530 -0.0190 -0.1521 -0.0203 -0.1512 -0.0019 -0.1537 -0.0183 -0.1455 -0.0095 -0.1352 -0.0164 -0.1330 0.0225 -0.0953 -0.0251 -0.0631 0.0560 -0.0364 -0.0382 0.0103 0.0936 0.0102 -0.0626 0.0498 0.1049 0.0215 -0.0673 0.0639 0.1041 0.0219 -0.0682 0.0626 0.1001 0.0194 -0.0660 0.0583 0.0156 0.0759 -0.0131 0.0824 0.0172 0.2079 -0.0097 0.2159 0.0285 0.3400 -0.0012 0.3436 0.0311 0.3625 0.0073 0.3652 0.0162 0.3699 -0.0260 0.3772
9: -0.0168 -0.1418 -0.0137 -0.1542 -0.0117 -0.1554 -0.0094 -0.1566 -0.0182 -0.1511 -0.0193 -0.1503 -0.0205 -0.1495 -0.0020 -0.1523 -0.0182 -0.1441 -0.0101 -0.1331 -0.0167 -0.1306 0.0226 -0.0951 -0.0242 -0.0650 0.0611 -0.0432 -0.0382 -0.0031 0.1022 -0.0069 -0.0590 0.0328 0.1147 0.0049 -0.0626 0.0434 0.1148 0.0078 -0.0622 0.0425 0.1113 0.0061 -0.0597 0.0395 0.0150 0.0770 -0.0133 0.0831 0.0174 0.2093 -0.0096 0.2172 0.0286 0.3415 -0.0012 0.3453 0.0310 0.3634 0.0074 0.3666 0.0162 0.3714 -0.0256 0.3796
10: -0.0172 -0.1394 -0.0142 -0.1518 -0.0120 -0.1531 -0.0097 -0.1543 -0.0183 -0.1488 -0.0194 -0.1480 -0.0206 -0.1472 -0.0016 -0.1502 -0.0175 -0.1426 -0.0108 -0.1307 -0.0167 -0.1283 0.0224 -0.0957 -0.0226 -0.0686 0.0638 -0.0567 -0.0352 -0.0182 0.1074 -0.0461 -0.0569 -0.0055 0.1205 -0.0436 -0.0626 -0.0033 0.1214 -0.0445 -0.0632 -0.0053 0.1169 -0.0445 -0.0610 -0.0041 0.0144 0.0793 -0.0142 0.0852 0.0180 0.2112 -0.0092 0.2194 0.0293 0.3430 -0.0006 0.3478 0.0316 0.3642 0.0081 0.3688 0.0168 0.3735 -0.0246 0.3822
11: -0.0168 -0.1382 -0.0137 -0.1505 -0.0115 -0.1519 -0.0092 -0.1532 -0.0180 -0.1475 -0.0192 -0.1467 -0.0205 -0.1459 -0.0011 -0.1491 -0.0170 -0.1417 -0.0105 -0.1295 -0.0164 -0.1271 0.0230 -0.0964 -0.0219 -0.0690 0.0684 -0.0724 -0.0334 -0.0227 0.1114 -0.0860 -0.0582 -0.0343 0.1243 -0.0888 -0.0651 -0.0397 0.1250 -0.0925 -0.0657 -0.0441 0.1204 -0.0912 -0.0629 -0.0411 0.0141 0.0799 -0.0154 0.0857 0.0185 0.2118 -0.0091 0.2206 0.0299 0.3440 0.0002 0.3492 0.0323 0.3654 0.0089 0.3701 0.0173 0.3748 -0.0234 0.3839
12: -0.0165 -0.1371 -0.0134 -0.1495 -0.0112 -0.1509 -0.0090 -0.1523 -0.0180 -0.1462 -0.0193 -0.1454 -0.0205 -0.1445 -0.0013 -0.1485 -0.0169 -0.1406 -0.0099 -0.1288 -0.0161 -0.1261 0.0234 -0.0961 -0.0213 -0.0686 0.0713 -0.0937 -0.0386 -0.0376 0.1135 -0.1269 -0.0614 -0.0647 0.1248 -0.1323 -0.0647 -0.0732 0.1243 -0.1367 -0.0663 -0.0771 0.1204 -0.1348 -0.0623 -0.0741 0.0141 0.0799 -0.0163 0.0849 0.0186 0.2124 -0.0090 0.2210 0.0305 0.3454 0.0012 0.3503 0.0326 0.3670 0.0099 0.3712 0.0181 0.3760 -0.0217 0.3850
13: -0.0169 -0.1367 -0.0140 -0.1490 -0.0118 -0.1506 -0.0095 -0.1521 -0.0184 -0.1456 -0.0196 -0.1447 -0.0207 -0.1438 -0.0016 -0.1484 -0.0170 -0.1402 -0.0103 -0.1290 -0.0163 -0.1262 0.0236 -0.0954 -0.0220 -0.0703 0.0716 -0.1027 -0.0465 -0.0466 0.1107 -0.1477 -0.0719 -0.0914 0.1210 -0.1614 -0.0781 -0.1003 0.1201 -0.1664 -0.0780 -0.1062 0.1166 -0.1620 -0.0750 -0.1031 0.0144 0.0805 -0.0161 0.0853 0.0170 0.2131 -0.0097 0.2212 0.0313 0.3464 0.0016 0.3510 0.0335 0.3677 0.0106 0.3716 0.0188 0.3766 -0.0207 0.3857
14: -0.0169 -0.1384 -0.0141 -0.1503 -0.0121 -0.1519 -0.0098 -0.1535 -0.0186 -0.1467 -0.0198 -0.1457 -0.0210 -0.1447 -0.0020 -0.1494 -0.0177 -0.1410 -0.0103 -0.1311 -0.0163 -0.1281 0.0241 -0.0958 -0.0238 -0.0712 0.0712 -0.1079 -0.0531 -0.0532 0.1079 -0.1551 -0.0815 -0.0987 0.1177 -0.1697 -0.0900 -0.1053 0.1169 -0.1752 -0.0894 -0.1125 0.1135 -0.1702 -0.0859 -0.1104 0.0151 0.0812 -0.0156 0.0859 0.0129 0.2129 -0.0113 0.2206 0.0314 0.3459 0.0018 0.3503 0.0343 0.3669 0.0109 0.3704 0.0185 0.3760 -0.0191 0.3851
15: -0.0159 -0.1423 -0.0131 -0.1539 -0.0111 -0.1554 -0.0088 -0.1570 -0.0177 -0.1503 -0.0191 -0.1492 -0.0203 -0.1482 -0.0016 -0.1520 -0.0177 -0.1437 -0.0092 -0.1347 -0.0155 -0.1317 0.0249 -0.0962 -0.0263 -0.0743 0.0719 -0.1112 -0.0600 -0.0565 0.1076 -0.1583 -0.0891 -0.0958 0.1172 -0.1732 -0.1000 -0.1035 0.1164 -0.1782 -0.0992 -0.1103 0.1131 -0.1732 -0.0949 -0.1076 0.0160 0.0824 -0.0146 0.0880 0.0073 0.2094 -0.0125 0.2169 0.0322 0.3422 0.0017 0.3468 0.0371 0.3634 0.0112 0.3668 0.0176 0.3725 -0.0182 0.3818
16: -0.0154 -0.1469 -0.0126 -0.1576 -0.0105 -0.1588 -0.0083 -0.1599 -0.0173 -0.1541 -0.0187 -0.1527 -0.0200 -0.1514 -0.0013 -0.1541 -0.0176 -0.1456 -0.0086 -0.1384 -0.0149 -0.1354 0.0259 -0.0979 -0.0281 -0.0734 0.0730 -0.1122 -0.0655 -0.0597 0.1073 -0.1548 -0.0972 -0.0933 0.1171 -0.1711 -0.1084 -0.1004 0.1161 -0.1759 -0.1075 -0.1079 0.1129 -0.1704 -0.1035 -0.1057 0.0165 0.0829 -0.0143 0.0884 0.0026 0.2050 -0.0159 0.2109 0.0324 0.3348 0.0005 0.3399 0.0380 0.3556 0.0106 0.3597 0.0164 0.3652 -0.0178 0.3754
17: -0.0173 -0.1485 -0.0145 -0.1591 -0.0124 -0.1603 -0.0102 -0.1615 -0.0191 -0.1553 -0.0204 -0.1540 -0.0217 -0.1528 -0.0017 -0.1564 -0.0183 -0.1477 -0.0109 -0.1393 -0.0163 -0.1367 0.0265 -0.0980 -0.0297 -0.0746 0.0731 -0.1142 -0.0674 -0.0628 0.1070 -0.1476 -0.1037 -0.0893 0.1167 -0.1615 -0.1134 -0.0944 0.1158 -0.1662 -0.1133 -0.1024 0.1127 -0.1618 -0.1102 -0.1005 0.0171 0.0840 -0.0138 0.0888 0.0008 0.1997 -0.0184 0.2060 0.0314 0.3256 0.0008 0.3315 0.0384 0.3462 0.0107 0.3505 0.0158 0.3568 -0.0175 0.3674
18: -0.0184 -0.1499 -0.0155 -0.1599 -0.0137 -0.1612 -0.0116 -0.1625 -0.0196 -0.1569 -0.0208 -0.1559 -0.0219 -0.1549 -0.0027 -0.1577 -0.0180 -0.1497 -0.0124 -0.1415 -0.0171 -0.1393 0.0268 -0.0966 -0.0304 -0.0724 0.0677 -0.0984 -0.0674 -0.0548 0.1023 -0.1275 -0.1034 -0.0754 0.1128 -0.1411 -0.1156 -0.0789 0.1121 -0.1472 -0.1153 -0.0852 0.1086 -0.1420 -0.1116 -0.0831 0.0175 0.0816 -0.0138 0.0874 0.0002 0.1953 -0.0190 0.2028 0.0310 0.3186 0.0010 0.3255 0.0386 0.3376 0.0108 0.3438 0.0165 0.3516 -0.0173 0.3619
19: -0.0177 -0.1513 -0.0147 -0.1610 -0.0128 -0.1620 -0.0108 -0.1631 -0.0188 -0.1582 -0.0200 -0.1572 -0.0211 -0.1561 -0.0022 -0.1562 -0.0174 -0.1498 -0.0119 -0.1427 -0.0169 -0.1408 0.0271 -0.0951 -0.0307 -0.0713 0.0649 -0.0838 -0.0657 -0.0358 0.1009 -0.0988 -0.1037 -0.0541 0.1115 -0.1094 -0.1169 -0.0520 0.1107 -0.1155 -0.1162 -0.0567 0.1075 -0.1114 -0.1126 -0.0566 0.0178 0.0798 -0.0142 0.0864 0.0004 0.1948 -0.0198 0.2028 0.0309 0.3163 0.0013 0.3238 0.0390 0.3350 0.0110 0.3416 0.0171 0.3505 -0.0169 0.3603
20: -0.0157 -0.1505 -0.0127 -0.1584 -0.0110 -0.1602 -0.0089 -0.1618 -0.0167 -0.1559 -0.0179 -0.1550 -0.0190 -0.1540 -0.0015 -0.1551 -0.0169 -0.1486 -0.0106 -0.1398 -0.0161 -0.1386 0.0267 -0.0955 -0.0309 -0.0700 0.0629 -0.0726 -0.0636 -0.0274 0.0995 -0.0751 -0.1015 -0.0312 0.1107 -0.0811 -0.1145 -0.0279 0.1100 -0.0855 -0.1141 -0.0330 0.1065 -0.0825 -0.1102 -0.0333 0.0182 0.0795 -0.0140 0.0861 0.0023 0.1986 -0.0177 0.2053 0.0311 0.3198 0.0019 0.3274 0.0390 0.3384 0.0114 0.3452 0.0176 0.3540 -0.0161 0.3637
21: -0.0141 -0.1584 -0.0105 -0.1655 -0.0085 -0.1656 -0.0064 -0.1655 -0.0150 -0.1640 -0.0163 -0.1629 -0.0175 -0.1618 -0.0003 -0.1561 -0.0157 -0.1513 -0.0092 -0.1450 -0.0149 -0.1453 0.0263 -0.0914 -0.0295 -0.0695 0.0605 -0.0606 -0.0608 -0.0189 0.0974 -0.0507 -0.0985 -0.0068 0.1099 -0.0497 -0.1107 0.0021 0.1094 -0.0530 -0.1100 -0.0020 0.1056 -0.0523 -0.1059 -0.0043 0.0174 0.0764 -0.0144 0.0845 0.0043 0.2053 -0.0158 0.2122 0.0321 0.3315 0.0029 0.3372 0.0398 0.3506 0.0124 0.3560 0.0176 0.3679 -0.0149 0.3768
22: -0.0117 -0.1628 -0.0081 -0.1680 -0.0062 -0.1676 -0.0042 -0.1672 -0.0128 -0.1666 -0.0141 -0.1653 -0.0154 -0.1641 0.0015 -0.1562 -0.0141 -0.1505 -0.0070 -0.1498 -0.0130 -0.1488 0.0270 -0.0927 -0.0288 -0.0684 0.0576 -0.0410 -0.0583 0.0018 0.0936 -0.0193 -0.0942 0.0260 0.1073 -0.0095 -0.1058 0.0403 0.1068 -0.0110 -0.1053 0.0343 0.1018 -0.0132 -0.1013 0.0306 0.0173 0.0769 -0.0156 0.0841 0.0069 0.2080 -0.0138 0.2184 0.0327 0.3448 0.0046 0.3491 0.0378 0.3631 0.0140 0.3652 0.0191 0.3920 -0.0116 0.3987
23: -0.0101 -0.1641 -0.0073 -0.1698 -0.0055 -0.1695 -0.0038 -0.1694 -0.0118 -0.1687 -0.0131 -0.1676 -0.0144 -0.1666 0.0013 -0.1598 -0.0139 -0.1546 -0.0053 -0.1513 -0.0125 -0.1507 0.0269 -0.0952 -0.0294 -0.0694 0.0566 -0.0260 -0.0572 0.0045 0.0932 0.0098 -0.0896 0.0488 0.1068 0.0241 -0.0994 0.0663 0.1067 0.0228 -0.0991 0.0628 0.1019 0.0200 -0.0952 0.0577 0.0175 0.0777 -0.0151 0.0870 0.0076 0.2105 -0.0133 0.2198 0.0277 0.3468 0.0047 0.3455 0.0318 0.3607 0.0140 0.3598 0.0170 0.4003 -0.0053 0.4009
24: -0.0123 -0.1570 -0.0089 -0.1659 -0.0069 -0.1661 -0.0048 -0.1662 -0.0135 -0.1638 -0.0150 -0.1627 -0.0165 -0.1616 0.0014 -0.1579 -0.0151 -0.1528 -0.0075 -0.1452 -0.0141 -0.1439 0.0263 -0.0947 -0.0290 -0.0693 0.0555 -0.0222 -0.0535 0.0038 0.0939 0.0235 -0.0816 0.0549 0.1077 0.0390 -0.0899 0.0718 0.1072 0.0385 -0.0891 0.0692 0.1025 0.0349 -0.0858 0.0643 0.0174 0.0777 -0.0148 0.0864 0.0021 0.2042 -0.0130 0.2155 0.0270 0.3294 0.0071 0.3386 0.0332 0.3406 0.0167 0.3512 0.0176 0.3870 0.0006 0.3938
25: -0.0127 -0.1565 -0.0099 -0.1666 -0.0080 -0.1672 -0.0059 -0.1677 -0.0147 -0.1637 -0.0162 -0.1624 -0.0179 -0.1610 0.0002 -0.1608 -0.0166 -0.1516 -0.0073 -0.1451 -0.0139 -0.1423 0.0269 -0.0923 -0.0299 -0.0678 0.0566 -0.0224 -0.0517 0.0026 0.0957 0.0219 -0.0772 0.0521 0.1089 0.0342 -0.0861 0.0655 0.1084 0.0327 -0.0857 0.0636 0.1039 0.0299 -0.0823 0.0600 0.0175 0.0757 -0.0144 0.0846 0.0013 0.2017 -0.0161 0.2126 0.0279 0.3182 0.0084 0.3280 0.0346 0.3281 0.0196 0.3385 0.0180 0.3766 0.0026 0.3810
26: -0.0135 -0.1615 -0.0110 -0.1713 -0.0091 -0.1718 -0.0070 -0.1723 -0.0159 -0.1686 -0.0175 -0.1673 -0.0192 -0.1660 -0.0010 -0.1644 -0.0179 -0.1554 -0.0077 -0.1495 -0.0145 -0.1471 0.0270 -0.0920 -0.0303 -0.0684 0.0576 -0.0245 -0.0474 -0.0014 0.0963 0.0106 -0.0761 0.0492 0.1107 0.0195 -0.0860 0.0614 0.1107 0.0165 -0.0861 0.0578 0.1058 0.0147 -0.0826 0.0546 0.0174 0.0760 -0.0142 0.0845 0.0023 0.2028 -0.0150 0.2107 0.0268 0.3283 0.0076 0.3334 0.0338 0.3397 0.0179 0.3454 0.0146 0.3847 0.0006 0.3855
27: -0.0142 -0.1639 -0.0117 -0.1733 -0.0099 -0.1739 -0.0078 -0.1745 -0.0165 -0.1703 -0.0181 -0.1689 -0.0197 -0.1674 -0.0015 -0.1672 -0.0183 -0.1579 -0.0084 -0.1530 -0.0153 -0.1504 0.0272 -0.0934 -0.0299 -0.0699 0.0586 -0.0296 -0.0455 -0.0053 0.0969 0.0032 -0.0760 0.0313 0.1134 0.0098 -0.0866 0.0376 0.1137 0.0090 -0.0866 0.0331 0.1088 0.0083 -0.0829 0.0319 0.0171 0.0780 -0.0142 0.0854 0.0036 0.2090 -0.0136 0.2161 0.0219 0.3303 0.0053 0.3410 0.0284 0.3387 0.0139 0.3548 0.0077 0.3939 -0.0027 0.3860
28: -0.0145 -0.1636 -0.0115 -0.1732 -0.0095 -0.1737 -0.0073 -0.1743 -0.0166 -0.1708 -0.0181 -0.1696 -0.0197 -0.1685 -0.0013 -0.1668 -0.0182 -0.1590 -0.0082 -0.1524 -0.0157 -0.1499 0.0273 -0.0942 -0.0305 -0.0699 0.0595 -0.0346 -0.0458 -0.0075 0.0996 -0.0053 -0.0795 0.0220 0.1166 -0.0027 -0.0894 0.0207 0.1171 -0.0085 -0.0897 0.0146 0.1119 -0.0083 -0.0864 0.0152 0.0171 0.0781 -0.0140 0.0861 0.0047 0.2160 -0.0130 0.2169 0.0202 0.3491 0.0041 0.3436 0.0256 0.3607 0.0122 0.3583 0.0073 0.4127 -0.0044 0.4060
29: -0.0128 -0.1664 -0.0112 -0.1767 -0.0091 -0.1769 -0.0068 -0.1774 -0.0161 -0.1749 -0.0177 -0.1736 -0.0193 -0.1726 -0.0014 -0.1704 -0.0176 -0.1610 -0.0064 -0.1543 -0.0143 -0.1503 0.0276 -0.1020 -0.0304 -0.0723 0.0613 -0.0418 -0.0479 -0.0009 0.1037 -0.0177 -0.0850 0.0106 0.1200 -0.0177 -0.0961 0.0058 0.1203 -0.0252 -0.0968 -0.0011 0.1152 -0.0245 -0.0933 0.0002 0.0170 0.0851 -0.0142 0.0891 0.0038 0.2189 -0.0125 0.2224 0.0185 0.3549 0.0045 0.3506 0.0248 0.3721 0.0126 0.3716 0.0063 0.4063 -0.0073 0.4073
30: -0.0141 -0.1571 -0.0119 -0.1694 -0.0099 -0.1704 -0.0078 -0.1714 -0.0161 -0.1666 -0.0174 -0.1656 -0.0189 -0.1649 -0.0014 -0.1656 -0.0174 -0.1576 -0.0079 -0.1478 -0.0146 -0.1454 0.0280 -0.1000 -0.0301 -0.0738 0.0632 -0.0510 -0.0508 -0.0086 0.1067 -0.0380 -0.0922 -0.0091 0.1226 -0.0383 -0.1041 -0.0125 0.1230 -0.0452 -0.1051 -0.0189 0.1181 -0.0443 -0.1010 -0.0182 0.0166 0.0843 -0.0146 0.0896 0.0029 0.2159 -0.0123 0.2191 0.0182 0.3433 0.0056 0.3436 0.0252 0.3639 0.0149 0.3654 0.0046 0.3912 -0.0095 0.3950
31: -0.0144 -0.1611 -0.0120 -0.1721 -0.0101 -0.1729 -0.0081 -0.1737 -0.0163 -0.1692 -0.0176 -0.1682 -0.0191 -0.1671 -0.0013 -0.1664 -0.0176 -0.1593 -0.0081 -0.1512 -0.0149 -0.1483 0.0291 -0.0978 -0.0304 -0.0749 0.0648 -0.0589 -0.0544 -0.0150 0.1061 -0.0466 -0.0963 -0.0183 0.1214 -0.0467 -0.1086 -0.0206 0.1215 -0.0526 -0.1099 -0.0273 0.1167 -0.0516 -0.1052 -0.0265 0.0163 0.0834 -0.0149 0.0895 0.0027 0.2054 -0.0111 0.2146 0.0182 0.3297 0.0077 0.3335 0.0255 0.3501 0.0177 0.3542 0.0048 0.3731 -0.0105 0.3793
32: -0.0137 -0.1629 -0.0111 -0.1723 -0.0093 -0.1728 -0.0076 -0.1733 -0.0150 -0.1700 -0.0161 -0.1690 -0.0172 -0.1680 -0.0012 -0.1652 -0.0156 -0.1592 -0.0078 -0.1526 -0.0145 -0.1500 0.0290 -0.0980 -0.0303 -0.0729 0.0647 -0.0546 -0.0542 -0.0133 0.1042 -0.0364 -0.0961 -0.0074 0.1195 -0.0333 -0.1077 -0.0032 0.1195 -0.0383 -0.1090 -0.0097 0.1140 -0.0378 -0.1044 -0.0106 0.0162 0.0825 -0.0150 0.0883 0.0028 0.2072 -0.0089 0.2152 0.0191 0.3353 0.0076 0.3375 0.0261 0.3554 0.0177 0.3575 0.0044 0.3795 -0.0104 0.3836
33: -0.0110 -0.1634 -0.0085 -0.1683 -0.0067 -0.1678 -0.0048 -0.1670 -0.0126 -0.1678 -0.0139 -0.1669 -0.0151 -0.1660 -0.0007 -0.1578 -0.0152 -0.1537 -0.0060 -0.1526 -0.0129 -0.1523 0.0280 -0.0981 -0.0294 -0.0716 0.0625 -0.0503 -0.0549 -0.0058 0.0970 -0.0261 -0.0951 0.0072 0.1134 -0.0167 -0.1065 0.0189 0.1112 -0.0190 -0.1074 0.0144 0.1044 -0.0210 -0.1031 0.0112 0.0161 0.0804 -0.0146 0.0892 0.0073 0.2134 -0.0090 0.2183 0.0187 0.3441 0.0058 0.3470 0.0247 0.3641 0.0147 0.3615 0.0045 0.3910 -0.0096 0.3934
34: -0.0116 -0.1605 -0.0083 -0.1669 -0.0063 -0.1667 -0.0040 -0.1662 -0.0132 -0.1657 -0.0146 -0.1646 -0.0160 -0.1632 0.0007 -0.1563 -0.0159 -0.1508 -0.0064 -0.1491 -0.0136 -0.1482 0.0262 -0.0958 -0.0279 -0.0677 0.0596 -0.0386 -0.0542 0.0028 0.0949 -0.0025 -0.0925 0.0338 0.1109 0.0113 -0.1036 0.0510 0.1097 0.0102 -0.1034 0.0471 0.1035 0.0071 -0.0995 0.0421 0.0158 0.0760 -0.0140 0.0873 0.0076 0.2162 -0.0098 0.2218 0.0180 0.3559 0.0047 0.3524 0.0244 0.3711 0.0134 0.3653 0.0051 0.4137 -0.0088 0.4081
35: -0.0122 -0.1556 -0.0091 -0.1638 -0.0070 -0.1641 -0.0048 -0.1643 -0.0140 -0.1621 -0.0154 -0.1610 -0.0168 -0.1598 0.0003 -0.1568 -0.0166 -0.1483 -0.0068 -0.1442 -0.0141 -0.1425 0.0257 -0.0960 -0.0281 -0.0659 0.0590 -0.0324 -0.0545 0.0051 0.0974 0.0094 -0.0889 0.0476 0.1119 0.0222 -0.0987 0.0664 0.1110 0.0211 -0.0984 0.0630 0.1059 0.0184 -0.0952 0.0575 0.0166 0.0756 -0.0142 0.0865 0.0058 0.2095 -0.0107 0.2171 0.0202 0.3368 0.0054 0.3357 0.0271 0.3498 0.0141 0.3491 0.0099 0.3929 -0.0044 0.3874
36: -0.0118 -0.1562 -0.0096 -0.1655 -0.0077 -0.1659 -0.0055 -0.1664 -0.0146 -0.1628 -0.0161 -0.1614 -0.0175 -0.1599 -0.0004 -0.1595 -0.0173 -0.1481 -0.0059 -0.1448 -0.0130 -0.1416 0.0264 -0.0933 -0.0286 -0.0660 0.0600 -0.0303 -0.0547 0.0026 0.1033 0.0136 -0.0872 0.0527 0.1165 0.0258 -0.0966 0.0672 0.1162 0.0236 -0.0959 0.0636 0.1127 0.0217 -0.0926 0.0590 0.0167 0.0745 -0.0146 0.0848 0.0049 0.2061 -0.0138 0.2134 0.0221 0.3310 0.0068 0.3300 0.0286 0.3442 0.0156 0.3448 0.0111 0.3811 -0.0029 0.3772
37: -0.0096 -0.1598 -0.0086 -0.1682 -0.0068 -0.1685 -0.0047 -0.1688 -0.0135 -0.1657 -0.0151 -0.1643 -0.0167 -0.1627 -0.0004 -0.1615 -0.0173 -0.1515 -0.0038 -0.1474 -0.0112 -0.1446 0.0270 -0.0911 -0.0288 -0.0668 0.0631 -0.0311 -0.0514 -0.0002 0.1062 0.0080 -0.0833 0.0446 0.1195 0.0166 -0.0933 0.0607 0.1197 0.0144 -0.0932 0.0589 0.1160 0.0134 -0.0898 0.0544 0.0165 0.0750 -0.0148 0.0829 0.0066 0.2089 -0.0139 0.2139 0.0245 0.3382 0.0069 0.3354 0.0299 0.3515 0.0154 0.3487 0.0150 0.3906 -0.0026 0.3856
38: -0.0108 -0.1607 -0.0094 -0.1699 -0.0076 -0.1705 -0.0056 -0.1712 -0.0143 -0.1670 -0.0160 -0.1657 -0.0175 -0.1643 -0.0009 -0.1649 -0.0177 -0.1546 -0.0049 -0.1497 -0.0123 -0.1471 0.0278 -0.0921 -0.0284 -0.0688 0.0666 -0.0344 -0.0498 -0.0065 0.1079 -0.0013 -0.0820 0.0306 0.1214 0.0036 -0.0930 0.0436 0.1218 0.0005 -0.0926 0.0412 0.1180 0.0003 -0.0888 0.0381 0.0158 0.0769 -0.0151 0.0841 0.0084 0.2104 -0.0124 0.2160 0.0250 0.3414 0.0060 0.3316 0.0299 0.3589 0.0146 0.3460 0.0148 0.3963 -0.0041 0.3852
39: -0.0116 -0.1587 -0.0099 -0.1676 -0.0079 -0.1682 -0.0057 -0.1688 -0.0150 -0.1649 -0.0166 -0.1637 -0.0180 -0.1624 -0.0005 -0.1621 -0.0175 -0.1525 -0.0048 -0.1476 -0.0125 -0.1452 0.0289 -0.0931 -0.0282 -0.0694 0.0687 -0.0360 -0.0509 -0.0047 0.1101 -0.0050 -0.0841 0.0271 0.1240 -0.0010 -0.0952 0.0354 0.1244 -0.0043 -0.0949 0.0314 0.1202 -0.0045 -0.0912 0.0301 0.0149 0.0770 -0.0157 0.0855 0.0098 0.2250 -0.0121 0.2289 0.0249 0.3631 0.0048 0.3544 0.0289 0.3798 0.0132 0.3697 0.0156 0.4195 -0.0044 0.4120
40: -0.0117 -0.1600 -0.0094 -0.1708 -0.0072 -0.1715 -0.0049 -0.1722 -0.0147 -0.1684 -0.0162 -0.1672 -0.0176 -0.1662 0.0007 -0.1661 -0.0163 -0.1567 -0.0047 -0.1488 -0.0123 -0.1462 0.0301 -0.0962 -0.0282 -0.0724 0.0706 -0.0415 -0.0520 -0.0166 0.1137 -0.0209 -0.0882 0.0086 0.1274 -0.0195 -0.0990 0.0174 0.1283 -0.0219 -0.0991 0.0134 0.1233 -0.0224 -0.0955 0.0126 0.0146 0.0820 -0.0167 0.0865 0.0092 0.2232 -0.0124 0.2293 0.0254 0.3586 0.0056 0.3597 0.0296 0.3776 0.0134 0.3792 0.0172 0.4147 -0.0032 0.4182
