1: 0.0016 -0.2280 0.0070 -0.2431 0.0092 -0.2425 0.0121 -0.2418 -0.0030 -0.2443 -0.0071 -0.2446 -0.0107 -0.2446 0.0163 -0.2338 -0.0160 -0.2362 0.0070 -0.2097 -0.0062 -0.2102 0.0395 -0.1194 -0.0422 -0.1390 0.0398 0.0041 -0.0670 -0.0119 0.0452 0.1145 -0.1155 0.0814 0.0462 0.1489 -0.1315 0.1011 0.0432 0.1587 -0.1324 0.1022 0.0416 0.1417 -0.1254 0.0973 0.0260 0.1303 -0.0233 0.1279 0.0134 0.3538 -0.0258 0.3642 0.0001 0.5353 -0.0262 0.5471 -0.0079 0.5613 -0.0266 0.5724 0.0154 0.6053 -0.0182 0.6026
2: 0.0021 -0.2238 0.0071 -0.2385 0.0094 -0.2380 0.0123 -0.2374 -0.0028 -0.2397 -0.0067 -0.2398 -0.0105 -0.2398 0.0165 -0.2296 -0.0159 -0.2317 0.0075 -0.2055 -0.0057 -0.2060 0.0397 -0.1158 -0.0420 -0.1348 0.0415 0.0087 -0.0673 -0.0074 0.0469 0.1187 -0.1154 0.0834 0.0484 0.1542 -0.1314 0.1046 0.0452 0.1624 -0.1322 0.1057 0.0431 0.1463 -0.1253 0.0995 0.0255 0.1270 -0.0232 0.1237 0.0119 0.3566 -0.0257 0.3629 0.0001 0.5406 -0.0260 0.5513 -0.0083 0.5651 -0.0264 0.5754 0.0156 0.6099 -0.0139 0.6070
3: 0.0029 -0.2208 0.0074 -0.2353 0.0099 -0.2348 0.0131 -0.2342 -0.0023 -0.2364 -0.0062 -0.2366 -0.0103 -0.2365 0.0167 -0.2266 -0.0160 -0.2288 0.0081 -0.2025 -0.0051 -0.2031 0.0395 -0.1141 -0.0417 -0.1318 0.0424 0.0104 -0.0678 -0.0045 0.0475 0.1181 -0.1156 0.0810 0.0492 0.1549 -0.1315 0.1015 0.0458 0.1584 -0.1324 0.1002 0.0433 0.1449 -0.1255 0.0945 0.0253 0.1244 -0.0230 0.1216 0.0117 0.3542 -0.0258 0.3613 -0.0001 0.5435 -0.0262 0.5542 -0.0089 0.5672 -0.0266 0.5776 0.0155 0.6129 -0.0118 0.6099
4: 0.0034 -0.2214 0.0076 -0.2358 0.0102 -0.2353 0.0135 -0.2347 -0.0018 -0.2369 -0.0057 -0.2370 -0.0098 -0.2369 0.0168 -0.2272 -0.0159 -0.2292 0.0084 -0.2031 -0.0046 -0.2036 0.0394 -0.1147 -0.0413 -0.1320 0.0429 0.0098 -0.0685 -0.0053 0.0481 0.1176 -0.1170 0.0749 0.0500 0.1542 -0.1334 0.0922 0.0464 0.1570 -0.1350 0.0891 0.0437 0.1445 -0.1279 0.0849 0.0251 0.1246 -0.0231 0.1221 0.0112 0.3538 -0.0260 0.3609 -0.0002 0.5430 -0.0265 0.5537 -0.0091 0.5664 -0.0269 0.5770 0.0162 0.6124 -0.0118 0.6098
5: 0.0036 -0.2212 0.0076 -0.2356 0.0104 -0.2351 0.0137 -0.2346 -0.0015 -0.2367 -0.0054 -0.2368 -0.0095 -0.2367 0.0167 -0.2270 -0.0161 -0.2291 0.0085 -0.2030 -0.0042 -0.2035 0.0388 -0.1149 -0.0411 -0.1317 0.0426 0.0062 -0.0697 -0.0064 0.0505 0.1061 -0.1182 0.0665 0.0528 0.1383 -0.1353 0.0823 0.0500 0.1390 -0.1371 0.0784 0.0471 0.1317 -0.1298 0.0752 0.0249 0.1245 -0.0227 0.1222 0.0105 0.3543 -0.0266 0.3611 -0.0009 0.5431 -0.0272 0.5538 -0.0098 0.5665 -0.0276 0.5771 0.0159 0.6127 -0.0124 0.6102
6: 0.0034 -0.2208 0.0074 -0.2353 0.0104 -0.2348 0.0137 -0.2342 -0.0017 -0.2363 -0.0056 -0.2365 -0.0097 -0.2364 0.0167 -0.2265 -0.0166 -0.2289 0.0082 -0.2023 -0.0045 -0.2031 0.0380 -0.1154 -0.0408 -0.1313 0.0421 -0.0012 -0.0713 -0.0136 0.0558 0.0830 -0.1193 0.0532 0.0606 0.1100 -0.1376 0.0680 0.0587 0.1112 -0.1391 0.0655 0.0545 0.1050 -0.1316 0.0631 0.0248 0.1244 -0.0221 0.1221 0.0107 0.3552 -0.0268 0.3618 -0.0015 0.5436 -0.0279 0.5537 -0.0105 0.5669 -0.0284 0.5766 0.0152 0.6135 -0.0129 0.6105
7: 0.0034 -0.2220 0.0076 -0.2365 0.0109 -0.2360 0.0142 -0.2354 -0.0014 -0.2376 -0.0054 -0.2378 -0.0095 -0.2377 0.0174 -0.2277 -0.0164 -0.2303 0.0082 -0.2030 -0.0046 -0.2044 0.0376 -0.1173 -0.0407 -0.1321 0.0420 -0.0114 -0.0753 -0.0158 0.0606 0.0636 -0.1313 0.0466 0.0676 0.0873 -0.1482 0.0607 0.0667 0.0879 -0.1503 0.0579 0.0613 0.0812 -0.1437 0.0556 0.0253 0.1259 -0.0221 0.1237 0.0109 0.3610 -0.0272 0.3616 -0.0014 0.5423 -0.0281 0.5521 -0.0102 0.5655 -0.0283 0.5746 0.0152 0.6126 -0.0135 0.6092
8: 0.0033 -0.2223 0.0077 -0.2369 0.0111 -0.2363 0.0144 -0.2357 -0.0013 -0.2380 -0.0052 -0.2381 -0.0092 -0.2380 0.0177 -0.2279 -0.0160 -0.2306 0.0083 -0.2033 -0.0045 -0.2049 0.0375 -0.1191 -0.0407 -0.1317 0.0433 -0.0204 -0.0778 -0.0175 0.0642 0.0369 -0.1391 0.0368 0.0726 0.0615 -0.1581 0.0529 0.0728 0.0613 -0.1606 0.0498 0.0674 0.0527 -0.1525 0.0465 0.0256 0.1265 -0.0222 0.1243 0.0108 0.3627 -0.0275 0.3618 -0.0015 0.5420 -0.0282 0.5518 -0.0103 0.5648 -0.0285 0.5743 0.0153 0.6124 -0.0134 0.6090
9: 0.0032 -0.2237 0.0076 -0.2377 0.0110 -0.2371 0.0142 -0.2364 -0.0013 -0.2388 -0.0053 -0.2390 -0.0092 -0.2389 0.0176 -0.2286 -0.0160 -0.2315 0.0082 -0.2046 -0.0045 -0.2067 0.0378 -0.1220 -0.0412 -0.1319 0.0471 -0.0234 -0.0799 -0.0194 0.0656 0.0081 -0.1438 0.0203 0.0757 0.0264 -0.1631 0.0383 0.0760 0.0225 -0.1661 0.0356 0.0705 0.0162 -0.1582 0.0300 0.0260 0.1281 -0.0227 0.1256 0.0105 0.3651 -0.0281 0.3626 -0.0019 0.5414 -0.0288 0.5511 -0.0106 0.5640 -0.0291 0.5734 0.0150 0.6120 -0.0141 0.6085
10: 0.0031 -0.2239 0.0074 -0.2378 0.0108 -0.2373 0.0140 -0.2366 -0.0014 -0.2389 -0.0054 -0.2390 -0.0092 -0.2390 0.0173 -0.2287 -0.0160 -0.2316 0.0081 -0.2048 -0.0043 -0.2069 0.0380 -0.1233 -0.0416 -0.1318 0.0557 -0.0232 -0.0812 -0.0221 0.0672 -0.0174 -0.1460 0.0015 0.0762 -0.0115 -0.1625 0.0133 0.0759 -0.0171 -0.1654 0.0107 0.0708 -0.0194 -0.1581 0.0066 0.0266 0.1287 -0.0230 0.1264 0.0107 0.3654 -0.0282 0.3632 -0.0020 0.5416 -0.0289 0.5508 -0.0106 0.5644 -0.0288 0.5732 0.0149 0.6127 -0.0145 0.6083
11: 0.0026 -0.2241 0.0068 -0.2380 0.0102 -0.2375 0.0134 -0.2368 -0.0020 -0.2391 -0.0059 -0.2392 -0.0097 -0.2391 0.0167 -0.2289 -0.0164 -0.2318 0.0075 -0.2050 -0.0047 -0.2072 0.0396 -0.1237 -0.0422 -0.1320 0.0667 -0.0220 -0.0825 -0.0270 0.0769 -0.0364 -0.1463 -0.0158 0.0836 -0.0406 -0.1628 -0.0056 0.0806 -0.0501 -0.1660 -0.0155 0.0761 -0.0496 -0.1588 -0.0179 0.0266 0.1293 -0.0237 0.1262 0.0106 0.3652 -0.0285 0.3631 -0.0027 0.5421 -0.0291 0.5502 -0.0112 0.5652 -0.0288 0.5728 0.0143 0.6133 -0.0159 0.6081
12: 0.0022 -0.2239 0.0064 -0.2378 0.0097 -0.2372 0.0129 -0.2365 -0.0023 -0.2388 -0.0062 -0.2388 -0.0099 -0.2388 0.0163 -0.2289 -0.0166 -0.2315 0.0072 -0.2051 -0.0048 -0.2072 0.0409 -0.1243 -0.0427 -0.1317 0.0708 -0.0285 -0.0851 -0.0311 0.0906 -0.0495 -0.1517 -0.0425 0.0989 -0.0552 -0.1680 -0.0409 0.0964 -0.0634 -0.1718 -0.0514 0.0907 -0.0617 -0.1647 -0.0508 0.0264 0.1296 -0.0244 0.1263 0.0104 0.3653 -0.0287 0.3632 -0.0033 0.5427 -0.0294 0.5503 -0.0116 0.5657 -0.0289 0.5729 0.0137 0.6142 -0.0170 0.6086
13: 0.0020 -0.2237 0.0061 -0.2373 0.0094 -0.2368 0.0125 -0.2361 -0.0025 -0.2383 -0.0063 -0.2384 -0.0100 -0.2383 0.0159 -0.2286 -0.0167 -0.2311 0.0069 -0.2051 -0.0049 -0.2072 0.0420 -0.1257 -0.0433 -0.1312 0.0731 -0.0383 -0.0894 -0.0385 0.1011 -0.0663 -0.1557 -0.0646 0.1059 -0.0737 -0.1722 -0.0717 0.1023 -0.0817 -0.1751 -0.0805 0.0995 -0.0788 -0.1680 -0.0767 0.0261 0.1301 -0.0249 0.1268 0.0100 0.3658 -0.0290 0.3637 -0.0037 0.5434 -0.0298 0.5507 -0.0119 0.5662 -0.0292 0.5732 0.0132 0.6153 -0.0177 0.6097
14: 0.0021 -0.2246 0.0061 -0.2373 0.0093 -0.2368 0.0124 -0.2361 -0.0024 -0.2382 -0.0061 -0.2382 -0.0098 -0.2380 0.0158 -0.2288 -0.0167 -0.2308 0.0070 -0.2063 -0.0046 -0.2083 0.0422 -0.1272 -0.0437 -0.1309 0.0731 -0.0472 -0.0931 -0.0443 0.1083 -0.0798 -0.1589 -0.0867 0.1183 -0.0869 -0.1769 -0.0986 0.1141 -0.0946 -0.1777 -0.1083 0.1095 -0.0909 -0.1704 -0.1037 0.0265 0.1306 -0.0249 0.1274 0.0097 0.3666 -0.0289 0.3644 -0.0038 0.5441 -0.0300 0.5513 -0.0120 0.5667 -0.0294 0.5738 0.0131 0.6165 -0.0181 0.6113
15: 0.0022 -0.2262 0.0062 -0.2381 0.0092 -0.2375 0.0122 -0.2368 -0.0022 -0.2389 -0.0058 -0.2388 -0.0095 -0.2385 0.0155 -0.2296 -0.0166 -0.2310 0.0071 -0.2079 -0.0043 -0.2098 0.0419 -0.1278 -0.0441 -0.1309 0.0776 -0.0539 -0.0965 -0.0496 0.1156 -0.0955 -0.1602 -0.1033 0.1254 -0.1087 -0.1783 -0.1159 0.1209 -0.1162 -0.1783 -0.1244 0.1161 -0.1103 -0.1708 -0.1202 0.0269 0.1308 -0.0247 0.1279 0.0095 0.3667 -0.0286 0.3645 -0.0041 0.5442 -0.0303 0.5510 -0.0124 0.5665 -0.0298 0.5730 0.0130 0.6167 -0.0182 0.6115
16: 0.0021 -0.2274 0.0060 -0.2388 0.0090 -0.2382 0.0119 -0.2375 -0.0022 -0.2395 -0.0057 -0.2394 -0.0093 -0.2391 0.0152 -0.2301 -0.0165 -0.2310 0.0070 -0.2092 -0.0041 -0.2111 0.0422 -0.1288 -0.0445 -0.1308 0.0820 -0.0627 -0.0999 -0.0585 0.1216 -0.1141 -0.1602 -0.1171 0.1314 -0.1287 -0.1781 -0.1321 0.1280 -0.1351 -0.1772 -0.1393 0.1229 -0.1288 -0.1700 -0.1348 0.0267 0.1313 -0.0247 0.1285 0.0097 0.3672 -0.0284 0.3644 -0.0042 0.5449 -0.0306 0.5509 -0.0127 0.5672 -0.0302 0.5722 0.0129 0.6175 -0.0185 0.6115
17: 0.0024 -0.2287 0.0061 -0.2401 0.0090 -0.2394 0.0118 -0.2386 -0.0019 -0.2409 -0.0051 -0.2409 -0.0087 -0.2405 0.0151 -0.2309 -0.0162 -0.2317 0.0073 -0.2107 -0.0037 -0.2125 0.0428 -0.1297 -0.0447 -0.1310 0.0862 -0.0747 -0.1027 -0.0653 0.1285 -0.1297 -0.1597 -0.1249 0.1408 -0.1475 -0.1782 -0.1427 0.1382 -0.1555 -0.1764 -0.1519 0.1325 -0.1491 -0.1693 -0.1465 0.0266 0.1317 -0.0248 0.1289 0.0101 0.3675 -0.0285 0.3648 -0.0036 0.5453 -0.0307 0.5505 -0.0123 0.5673 -0.0304 0.5703 0.0130 0.6180 -0.0186 0.6119
18: 0.0029 -0.2301 0.0064 -0.2416 0.0092 -0.2408 0.0119 -0.2400 -0.0015 -0.2426 -0.0046 -0.2426 -0.0080 -0.2422 0.0152 -0.2316 -0.0158 -0.2327 0.0076 -0.2118 -0.0032 -0.2137 0.0435 -0.1302 -0.0449 -0.1313 0.0933 -0.0872 -0.1044 -0.0740 0.1350 -0.1451 -0.1597 -0.1336 0.1485 -0.1657 -0.1776 -0.1533 0.1447 -0.1743 -0.1759 -0.1649 0.1398 -0.1673 -0.1689 -0.1583 0.0263 0.1323 -0.0250 0.1291 0.0098 0.3687 -0.0286 0.3653 -0.0036 0.5455 -0.0309 0.5504 -0.0121 0.5673 -0.0307 0.5695 0.0128 0.6181 -0.0188 0.6120
19: 0.0038 -0.2309 0.0073 -0.2425 0.0099 -0.2416 0.0125 -0.2406 -0.0005 -0.2439 -0.0037 -0.2439 -0.0070 -0.2437 0.0158 -0.2318 -0.0151 -0.2336 0.0084 -0.2126 -0.0024 -0.2146 0.0439 -0.1311 -0.0450 -0.1320 0.1010 -0.0979 -0.1063 -0.0809 0.1443 -0.1663 -0.1595 -0.1487 0.1577 -0.1842 -0.1769 -0.1694 0.1537 -0.1917 -0.1759 -0.1818 0.1483 -0.1864 -0.1686 -0.1744 0.0262 0.1333 -0.0251 0.1297 0.0097 0.3698 -0.0287 0.3659 -0.0035 0.5460 -0.0310 0.5509 -0.0119 0.5676 -0.0308 0.5700 0.0128 0.6187 -0.0188 0.6127
20: 0.0047 -0.2331 0.0080 -0.2451 0.0105 -0.2441 0.0130 -0.2429 0.0005 -0.2469 -0.0026 -0.2470 -0.0059 -0.2469 0.0160 -0.2334 -0.0145 -0.2360 0.0089 -0.2149 -0.0017 -0.2170 0.0443 -0.1325 -0.0450 -0.1339 0.1069 -0.1050 -0.1078 -0.0861 0.1516 -0.1797 -0.1591 -0.1614 0.1637 -0.1999 -0.1768 -0.1835 0.1603 -0.2069 -0.1748 -0.1962 0.1551 -0.2009 -0.1681 -0.1886 0.0259 0.1356 -0.0253 0.1308 0.0096 0.3718 -0.0287 0.3662 -0.0037 0.5457 -0.0312 0.5505 -0.0122 0.5672 -0.0310 0.5697 0.0126 0.6184 -0.0189 0.6124
21: 0.0055 -0.2336 0.0087 -0.2459 0.0111 -0.2449 0.0135 -0.2437 0.0014 -0.2479 -0.0017 -0.2480 -0.0051 -0.2479 0.0164 -0.2334 -0.0139 -0.2367 0.0095 -0.2156 -0.0009 -0.2175 0.0448 -0.1329 -0.0449 -0.1348 0.1109 -0.1081 -0.1092 -0.0872 0.1561 -0.1875 -0.1592 -0.1683 0.1685 -0.2095 -0.1757 -0.1948 0.1655 -0.2156 -0.1719 -0.2053 0.1603 -0.2101 -0.1659 -0.1976 0.0257 0.1364 -0.0255 0.1315 0.0097 0.3711 -0.0282 0.3659 -0.0038 0.5462 -0.0310 0.5511 -0.0124 0.5677 -0.0311 0.5704 0.0124 0.6191 -0.0189 0.6126
22: 0.0062 -0.2342 0.0093 -0.2469 0.0116 -0.2460 0.0139 -0.2448 0.0020 -0.2488 -0.0011 -0.2487 -0.0045 -0.2486 0.0166 -0.2338 -0.0135 -0.2371 0.0101 -0.2161 -0.0004 -0.2178 0.0453 -0.1336 -0.0446 -0.1355 0.1135 -0.1104 -0.1093 -0.0880 0.1599 -0.1928 -0.1579 -0.1745 0.1726 -0.2139 -0.1733 -0.2024 0.1699 -0.2198 -0.1689 -0.2114 0.1649 -0.2149 -0.1629 -0.2038 0.0253 0.1370 -0.0261 0.1321 0.0098 0.3703 -0.0277 0.3648 -0.0040 0.5457 -0.0306 0.5510 -0.0127 0.5671 -0.0308 0.5705 0.0122 0.6196 -0.0186 0.6128
23: 0.0068 -0.2343 0.0097 -0.2471 0.0120 -0.2462 0.0143 -0.2450 0.0025 -0.2490 -0.0007 -0.2489 -0.0040 -0.2488 0.0167 -0.2339 -0.0132 -0.2371 0.0106 -0.2162 0.0000 -0.2179 0.0458 -0.1343 -0.0442 -0.1359 0.1161 -0.1122 -0.1090 -0.0873 0.1631 -0.1957 -0.1553 -0.1766 0.1760 -0.2163 -0.1699 -0.2053 0.1736 -0.2218 -0.1655 -0.2141 0.1687 -0.2169 -0.1598 -0.2065 0.0249 0.1376 -0.0266 0.1326 0.0097 0.3704 -0.0271 0.3639 -0.0036 0.5459 -0.0298 0.5511 -0.0124 0.5670 -0.0301 0.5706 0.0121 0.6201 -0.0185 0.6134
24: 0.0072 -0.2348 0.0098 -0.2477 0.0121 -0.2468 0.0144 -0.2457 0.0026 -0.2493 -0.0005 -0.2492 -0.0039 -0.2491 0.0166 -0.2346 -0.0132 -0.2373 0.0111 -0.2167 0.0004 -0.2182 0.0462 -0.1352 -0.0439 -0.1364 0.1177 -0.1124 -0.1084 -0.0851 0.1653 -0.1948 -0.1507 -0.1719 0.1782 -0.2154 -0.1640 -0.2020 0.1759 -0.2212 -0.1603 -0.2111 0.1710 -0.2163 -0.1546 -0.2027 0.0247 0.1385 -0.0270 0.1332 0.0098 0.3714 -0.0266 0.3640 -0.0033 0.5457 -0.0294 0.5509 -0.0118 0.5667 -0.0298 0.5703 0.0119 0.6202 -0.0187 0.6136
25: 0.0076 -0.2367 0.0099 -0.2496 0.0122 -0.2487 0.0144 -0.2478 0.0028 -0.2511 -0.0004 -0.2510 -0.0039 -0.2507 0.0164 -0.2367 -0.0132 -0.2390 0.0115 -0.2186 0.0006 -0.2199 0.0467 -0.1367 -0.0435 -0.1380 0.1186 -0.1134 -0.1082 -0.0846 0.1684 -0.1918 -0.1458 -0.1658 0.1813 -0.2121 -0.1582 -0.1958 0.1789 -0.2187 -0.1547 -0.2066 0.1743 -0.2138 -0.1490 -0.1972 0.0243 0.1399 -0.0273 0.1349 0.0106 0.3722 -0.0255 0.3660 -0.0031 0.5439 -0.0286 0.5486 -0.0119 0.5646 -0.0296 0.5677 0.0118 0.6186 -0.0183 0.6119
26: 0.0072 -0.2386 0.0096 -0.2514 0.0119 -0.2506 0.0142 -0.2496 0.0023 -0.2530 -0.0009 -0.2528 -0.0043 -0.2526 0.0163 -0.2384 -0.0135 -0.2408 0.0112 -0.2203 0.0002 -0.2216 0.0470 -0.1372 -0.0433 -0.1382 0.1187 -0.1129 -0.1069 -0.0847 0.1699 -0.1896 -0.1419 -0.1626 0.1832 -0.2094 -0.1546 -0.1898 0.1811 -0.2157 -0.1508 -0.2015 0.1769 -0.2109 -0.1453 -0.1926 0.0239 0.1399 -0.0277 0.1354 0.0111 0.3716 -0.0249 0.3661 -0.0025 0.5419 -0.0280 0.5461 -0.0112 0.5626 -0.0294 0.5653 0.0115 0.6168 -0.0187 0.6099
27: 0.0067 -0.2404 0.0093 -0.2531 0.0117 -0.2521 0.0140 -0.2511 0.0019 -0.2545 -0.0013 -0.2543 -0.0048 -0.2538 0.0161 -0.2401 -0.0138 -0.2423 0.0108 -0.2215 -0.0003 -0.2226 0.0470 -0.1372 -0.0424 -0.1378 0.1184 -0.1145 -0.1033 -0.0786 0.1706 -0.1860 -0.1366 -0.1652 0.1847 -0.2048 -0.1500 -0.1891 0.1827 -0.2116 -0.1460 -0.1991 0.1784 -0.2065 -0.1404 -0.1918 0.0235 0.1395 -0.0281 0.1355 0.0118 0.3691 -0.0238 0.3632 -0.0024 0.5385 -0.0279 0.5430 -0.0114 0.5593 -0.0296 0.5625 0.0111 0.6142 -0.0194 0.6070
28: 0.0061 -0.2395 0.0088 -0.2511 0.0112 -0.2504 0.0136 -0.2497 0.0014 -0.2523 -0.0019 -0.2519 -0.0055 -0.2515 0.0157 -0.2394 -0.0143 -0.2415 0.0103 -0.2203 -0.0011 -0.2215 0.0466 -0.1350 -0.0416 -0.1360 0.1170 -0.1111 -0.0980 -0.0705 0.1698 -0.1794 -0.1324 -0.1554 0.1844 -0.2022 -0.1462 -0.1804 0.1825 -0.2108 -0.1424 -0.1928 0.1782 -0.2028 -0.1367 -0.1831 0.0230 0.1375 -0.0280 0.1335 0.0125 0.3661 -0.0213 0.3594 -0.0026 0.5355 -0.0280 0.5396 -0.0118 0.5565 -0.0301 0.5599 0.0106 0.6114 -0.0207 0.6039
29: 0.0058 -0.2377 0.0088 -0.2496 0.0112 -0.2490 0.0137 -0.2484 0.0010 -0.2509 -0.0024 -0.2509 -0.0059 -0.2508 0.0155 -0.2393 -0.0147 -0.2424 0.0100 -0.2181 -0.0016 -0.2199 0.0462 -0.1327 -0.0412 -0.1363 0.1172 -0.1016 -0.0943 -0.0637 0.1701 -0.1672 -0.1291 -0.1484 0.1850 -0.1899 -0.1433 -0.1717 0.1831 -0.2007 -0.1396 -0.1824 0.1785 -0.1916 -0.1337 -0.1747 0.0227 0.1363 -0.0278 0.1327 0.0143 0.3613 -0.0185 0.3542 -0.0030 0.5302 -0.0284 0.5333 -0.0122 0.5520 -0.0306 0.5549 0.0102 0.6064 -0.0221 0.5984
30: 0.0055 -0.2369 0.0085 -0.2502 0.0109 -0.2496 0.0136 -0.2488 0.0007 -0.2513 -0.0028 -0.2515 -0.0065 -0.2514 0.0153 -0.2405 -0.0151 -0.2437 0.0096 -0.2168 -0.0026 -0.2184 0.0459 -0.1336 -0.0411 -0.1381 0.1157 -0.0957 -0.0913 -0.0614 0.1685 -0.1528 -0.1252 -0.1411 0.1837 -0.1746 -0.1405 -0.1633 0.1821 -0.1855 -0.1365 -0.1708 0.1776 -0.1766 -0.1301 -0.1651 0.0225 0.1381 -0.0274 0.1334 0.0165 0.3576 -0.0160 0.3491 -0.0031 0.5219 -0.0287 0.5241 -0.0125 0.5442 -0.0312 0.5468 0.0102 0.5988 -0.0229 0.5906
31: 0.0051 -0.2351 0.0082 -0.2486 0.0106 -0.2480 0.0133 -0.2473 0.0001 -0.2495 -0.0035 -0.2498 -0.0074 -0.2497 0.0150 -0.2393 -0.0154 -0.2425 0.0092 -0.2154 -0.0036 -0.2170 0.0455 -0.1333 -0.0414 -0.1372 0.1146 -0.0886 -0.0872 -0.0542 0.1670 -0.1375 -0.1223 -0.1315 0.1821 -0.1604 -0.1377 -0.1541 0.1804 -0.1698 -0.1340 -0.1607 0.1759 -0.1613 -0.1277 -0.1556 0.0225 0.1371 -0.0266 0.1333 0.0179 0.3524 -0.0147 0.3459 -0.0032 0.5153 -0.0290 0.5179 -0.0128 0.5378 -0.0317 0.5407 0.0105 0.5927 -0.0224 0.5848
32: 0.0046 -0.2363 0.0079 -0.2493 0.0103 -0.2487 0.0130 -0.2480 -0.0005 -0.2504 -0.0042 -0.2506 -0.0083 -0.2506 0.0148 -0.2398 -0.0159 -0.2433 0.0089 -0.2166 -0.0044 -0.2187 0.0452 -0.1331 -0.0421 -0.1373 0.1142 -0.0799 -0.0842 -0.0469 0.1655 -0.1258 -0.1180 -0.1195 0.1805 -0.1489 -0.1328 -0.1426 0.1787 -0.1572 -0.1293 -0.1510 0.1742 -0.1490 -0.1232 -0.1444 0.0231 0.1356 -0.0263 0.1346 0.0190 0.3467 -0.0128 0.3412 -0.0036 0.5073 -0.0291 0.5097 -0.0136 0.5305 -0.0320 0.5330 0.0103 0.5848 -0.0228 0.5766
33: 0.0042 -0.2384 0.0076 -0.2508 0.0099 -0.2502 0.0125 -0.2495 -0.0011 -0.2516 -0.0050 -0.2515 -0.0090 -0.2514 0.0145 -0.2405 -0.0163 -0.2431 0.0085 -0.2189 -0.0048 -0.2210 0.0449 -0.1322 -0.0425 -0.1372 0.1133 -0.0681 -0.0824 -0.0395 0.1646 -0.1127 -0.1153 -0.1125 0.1802 -0.1299 -0.1298 -0.1361 0.1785 -0.1381 -0.1261 -0.1460 0.1734 -0.1320 -0.1202 -0.1399 0.0237 0.1359 -0.0262 0.1336 0.0204 0.3454 -0.0116 0.3385 -0.0042 0.5030 -0.0294 0.5049 -0.0144 0.5264 -0.0323 0.5275 0.0100 0.5793 -0.0232 0.5709
34: 0.0040 -0.2370 0.0073 -0.2507 0.0096 -0.2502 0.0121 -0.2497 -0.0013 -0.2514 -0.0053 -0.2512 -0.0092 -0.2511 0.0139 -0.2408 -0.0165 -0.2421 0.0083 -0.2174 -0.0049 -0.2195 0.0448 -0.1318 -0.0430 -0.1385 0.1105 -0.0595 -0.0824 -0.0354 0.1640 -0.1029 -0.1159 -0.1131 0.1807 -0.1169 -0.1298 -0.1363 0.1788 -0.1257 -0.1263 -0.1466 0.1732 -0.1204 -0.1205 -0.1403 0.0241 0.1367 -0.0260 0.1336 0.0213 0.3446 -0.0103 0.3361 -0.0046 0.4980 -0.0296 0.4987 -0.0155 0.5202 -0.0325 0.5198 0.0097 0.5725 -0.0234 0.5644
35: 0.0041 -0.2361 0.0074 -0.2504 0.0096 -0.2498 0.0121 -0.2489 -0.0013 -0.2518 -0.0051 -0.2521 -0.0090 -0.2524 0.0139 -0.2391 -0.0163 -0.2431 0.0083 -0.2159 -0.0047 -0.2186 0.0448 -0.1318 -0.0431 -0.1398 0.1083 -0.0545 -0.0788 -0.0346 0.1638 -0.0936 -0.1135 -0.0951 0.1802 -0.1035 -0.1272 -0.1187 0.1784 -0.1133 -0.1242 -0.1290 0.1728 -0.1095 -0.1184 -0.1230 0.0243 0.1373 -0.0259 0.1342 0.0223 0.3444 -0.0101 0.3363 -0.0047 0.4958 -0.0295 0.4953 -0.0164 0.5174 -0.0326 0.5157 0.0096 0.5688 -0.0235 0.5612
36: 0.0041 -0.2343 0.0074 -0.2480 0.0096 -0.2474 0.0120 -0.2470 -0.0012 -0.2493 -0.0050 -0.2497 -0.0089 -0.2501 0.0137 -0.2381 -0.0161 -0.2412 0.0083 -0.2144 -0.0046 -0.2172 0.0448 -0.1284 -0.0431 -0.1385 0.1060 -0.0507 -0.0767 -0.0294 0.1638 -0.0849 -0.1127 -0.0774 0.1807 -0.0882 -0.1261 -0.1010 0.1795 -0.0997 -0.1230 -0.1119 0.1735 -0.0985 -0.1174 -0.1055 0.0243 0.1352 -0.0258 0.1317 0.0229 0.3434 -0.0088 0.3358 -0.0049 0.4940 -0.0295 0.4931 -0.0171 0.5152 -0.0330 0.5127 0.0094 0.5657 -0.0235 0.5580
37: 0.0047 -0.2337 0.0074 -0.2471 0.0096 -0.2465 0.0120 -0.2460 -0.0009 -0.2480 -0.0047 -0.2479 -0.0085 -0.2476 0.0135 -0.2373 -0.0159 -0.2384 0.0087 -0.2139 -0.0028 -0.2158 0.0447 -0.1277 -0.0432 -0.1386 0.1032 -0.0477 -0.0751 -0.0279 0.1636 -0.0735 -0.1109 -0.0641 0.1806 -0.0735 -0.1237 -0.0857 0.1792 -0.0843 -0.1202 -0.0969 0.1733 -0.0838 -0.1149 -0.0904 0.0244 0.1337 -0.0258 0.1328 0.0235 0.3416 -0.0087 0.3354 -0.0049 0.4926 -0.0295 0.4925 -0.0173 0.5135 -0.0331 0.5113 0.0094 0.5639 -0.0235 0.5563
38: 0.0048 -0.2331 0.0074 -0.2461 0.0096 -0.2455 0.0120 -0.2447 -0.0009 -0.2473 -0.0046 -0.2472 -0.0084 -0.2471 0.0136 -0.2352 -0.0159 -0.2382 0.0087 -0.2129 -0.0028 -0.2146 0.0446 -0.1271 -0.0432 -0.1375 0.0977 -0.0452 -0.0743 -0.0250 0.1615 -0.0534 -0.1086 -0.0498 0.1787 -0.0516 -0.1222 -0.0686 0.1786 -0.0609 -0.1192 -0.0799 0.1727 -0.0609 -0.1137 -0.0743 0.0245 0.1328 -0.0257 0.1319 0.0240 0.3426 -0.0087 0.3356 -0.0049 0.4940 -0.0295 0.4957 -0.0173 0.5147 -0.0331 0.5150 0.0094 0.5652 -0.0232 0.5583
39: 0.0049 -0.2333 0.0075 -0.2462 0.0097 -0.2455 0.0121 -0.2447 -0.0008 -0.2473 -0.0046 -0.2472 -0.0085 -0.2471 0.0137 -0.2354 -0.0162 -0.2379 0.0088 -0.2132 -0.0027 -0.2147 0.0444 -0.1284 -0.0435 -0.1373 0.0933 -0.0449 -0.0722 -0.0256 0.1601 -0.0421 -0.1054 -0.0382 0.1778 -0.0362 -0.1192 -0.0498 0.1782 -0.0467 -0.1173 -0.0623 0.1722 -0.0481 -0.1120 -0.0588 0.0246 0.1338 -0.0255 0.1320 0.0248 0.3446 -0.0086 0.3375 -0.0047 0.4966 -0.0291 0.4999 -0.0171 0.5173 -0.0329 0.5213 0.0095 0.5678 -0.0221 0.5615
40: 0.0049 -0.2324 0.0074 -0.2447 0.0096 -0.2438 0.0121 -0.2428 -0.0009 -0.2462 -0.0047 -0.2463 -0.0087 -0.2464 0.0136 -0.2344 -0.0166 -0.2377 0.0087 -0.2126 -0.0028 -0.2146 0.0442 -0.1275 -0.0437 -0.1362 0.0911 -0.0441 -0.0697 -0.0291 0.1561 -0.0265 -0.1022 -0.0270 0.1750 -0.0157 -0.1160 -0.0349 0.1762 -0.0263 -0.1158 -0.0465 0.1702 -0.0302 -0.1104 -0.0438 0.0246 0.1326 -0.0254 0.1310 0.0255 0.3438 -0.0084 0.3359 -0.0044 0.4975 -0.0287 0.5014 -0.0170 0.5169 -0.0329 0.5230 0.0093 0.5700 -0.0218 0.5637
