1: -0.0060 -0.2300 0.0002 -0.2459 0.0038 -0.2457 0.0066 -0.2453 -0.0109 -0.2443 -0.0147 -0.2429 -0.0180 -0.2416 0.0133 -0.2355 -0.0209 -0.2315 0.0022 -0.2129 -0.0125 -0.2115 0.0483 -0.1264 -0.0459 -0.1259 0.0644 0.0002 -0.0636 0.0057 0.1091 0.0863 -0.1038 0.0980 0.1243 0.1089 -0.1187 0.1251 0.1261 0.1033 -0.1203 0.1168 0.1206 0.0975 -0.1151 0.1094 0.0251 0.1246 -0.0275 0.1278 0.0245 0.3252 -0.0243 0.3218 0.0190 0.5048 -0.0161 0.5178 0.0163 0.5235 -0.0118 0.5346 0.0121 0.5595 -0.0155 0.5615
2: -0.0061 -0.2296 0.0001 -0.2452 0.0038 -0.2450 0.0066 -0.2446 -0.0110 -0.2441 -0.0148 -0.2430 -0.0180 -0.2419 0.0133 -0.2349 -0.0208 -0.2322 0.0020 -0.2124 -0.0126 -0.2112 0.0482 -0.1276 -0.0458 -0.1265 0.0625 -0.0013 -0.0631 0.0051 0.1060 0.0848 -0.1020 0.0986 0.1217 0.1078 -0.1168 0.1234 0.1242 0.1034 -0.1183 0.1175 0.1191 0.0973 -0.1127 0.1104 0.0251 0.1255 -0.0273 0.1287 0.0245 0.3259 -0.0242 0.3239 0.0191 0.5093 -0.0159 0.5190 0.0164 0.5285 -0.0116 0.5391 0.0122 0.5841 -0.0153 0.5870
3: -0.0062 -0.2304 -0.0000 -0.2452 0.0037 -0.2449 0.0065 -0.2445 -0.0111 -0.2443 -0.0148 -0.2434 -0.0181 -0.2425 0.0132 -0.2349 -0.0207 -0.2325 0.0019 -0.2127 -0.0126 -0.2118 0.0481 -0.1282 -0.0458 -0.1269 0.0620 -0.0030 -0.0627 0.0039 0.1036 0.0843 -0.1005 0.0988 0.1186 0.1081 -0.1145 0.1232 0.1206 0.1043 -0.1160 0.1181 0.1155 0.0975 -0.1104 0.1117 0.0250 0.1261 -0.0273 0.1289 0.0243 0.3265 -0.0241 0.3263 0.0187 0.5122 -0.0152 0.5221 0.0161 0.5299 -0.0109 0.5427 0.0128 0.5919 -0.0148 0.5952
4: -0.0061 -0.2311 -0.0000 -0.2453 0.0037 -0.2451 0.0066 -0.2447 -0.0111 -0.2446 -0.0148 -0.2438 -0.0181 -0.2427 0.0132 -0.2354 -0.0207 -0.2325 0.0020 -0.2127 -0.0126 -0.2119 0.0480 -0.1288 -0.0458 -0.1272 0.0613 -0.0052 -0.0627 0.0027 0.1015 0.0837 -0.0994 0.0999 0.1165 0.1085 -0.1124 0.1237 0.1183 0.1048 -0.1138 0.1195 0.1131 0.0978 -0.1086 0.1140 0.0250 0.1266 -0.0273 0.1294 0.0241 0.3271 -0.0239 0.3278 0.0187 0.5146 -0.0145 0.5230 0.0162 0.5321 -0.0102 0.5433 0.0137 0.5940 -0.0145 0.5961
5: -0.0060 -0.2312 -0.0000 -0.2450 0.0037 -0.2449 0.0068 -0.2444 -0.0110 -0.2445 -0.0148 -0.2437 -0.0181 -0.2427 0.0133 -0.2353 -0.0206 -0.2327 0.0022 -0.2124 -0.0124 -0.2118 0.0479 -0.1292 -0.0458 -0.1270 0.0609 -0.0076 -0.0626 0.0023 0.0995 0.0838 -0.0978 0.1002 0.1145 0.1088 -0.1101 0.1241 0.1160 0.1059 -0.1117 0.1209 0.1105 0.0983 -0.1068 0.1152 0.0250 0.1269 -0.0273 0.1292 0.0238 0.3273 -0.0235 0.3279 0.0187 0.5170 -0.0144 0.5234 0.0162 0.5345 -0.0103 0.5433 0.0140 0.5946 -0.0141 0.5946
6: -0.0058 -0.2309 0.0001 -0.2448 0.0039 -0.2446 0.0070 -0.2441 -0.0108 -0.2443 -0.0147 -0.2434 -0.0181 -0.2424 0.0136 -0.2350 -0.0206 -0.2326 0.0026 -0.2122 -0.0121 -0.2116 0.0480 -0.1293 -0.0457 -0.1270 0.0608 -0.0082 -0.0622 0.0015 0.0990 0.0841 -0.0965 0.1003 0.1137 0.1097 -0.1086 0.1250 0.1154 0.1078 -0.1097 0.1237 0.1099 0.0996 -0.1052 0.1171 0.0249 0.1272 -0.0273 0.1292 0.0234 0.3278 -0.0231 0.3285 0.0189 0.5190 -0.0138 0.5241 0.0167 0.5358 -0.0101 0.5435 0.0149 0.5959 -0.0134 0.5946
7: -0.0055 -0.2310 0.0003 -0.2448 0.0041 -0.2445 0.0074 -0.2440 -0.0106 -0.2444 -0.0145 -0.2435 -0.0179 -0.2425 0.0139 -0.2349 -0.0206 -0.2328 0.0029 -0.2121 -0.0119 -0.2118 0.0480 -0.1297 -0.0457 -0.1270 0.0608 -0.0092 -0.0620 0.0012 0.0986 0.0840 -0.0963 0.1004 0.1130 0.1097 -0.1082 0.1267 0.1147 0.1083 -0.1091 0.1267 0.1092 0.0997 -0.1046 0.1191 0.0249 0.1274 -0.0273 0.1292 0.0232 0.3289 -0.0228 0.3289 0.0186 0.5193 -0.0133 0.5241 0.0165 0.5356 -0.0098 0.5420 0.0154 0.5951 -0.0130 0.5937
8: -0.0052 -0.2310 0.0006 -0.2448 0.0043 -0.2445 0.0076 -0.2440 -0.0103 -0.2445 -0.0141 -0.2436 -0.0175 -0.2427 0.0140 -0.2350 -0.0205 -0.2329 0.0031 -0.2121 -0.0115 -0.2119 0.0480 -0.1299 -0.0458 -0.1271 0.0610 -0.0093 -0.0620 0.0011 0.0989 0.0841 -0.0964 0.1011 0.1132 0.1101 -0.1081 0.1299 0.1149 0.1096 -0.1088 0.1302 0.1094 0.1008 -0.1045 0.1220 0.0250 0.1276 -0.0273 0.1292 0.0229 0.3294 -0.0221 0.3300 0.0190 0.5189 -0.0121 0.5242 0.0170 0.5339 -0.0088 0.5415 0.0167 0.5963 -0.0117 0.5949
9: -0.0048 -0.2310 0.0010 -0.2449 0.0046 -0.2445 0.0079 -0.2440 -0.0097 -0.2446 -0.0135 -0.2437 -0.0169 -0.2428 0.0143 -0.2350 -0.0203 -0.2330 0.0034 -0.2122 -0.0111 -0.2120 0.0481 -0.1300 -0.0459 -0.1267 0.0613 -0.0091 -0.0621 0.0011 0.0992 0.0844 -0.0966 0.1014 0.1135 0.1107 -0.1084 0.1320 0.1152 0.1103 -0.1090 0.1322 0.1097 0.1015 -0.1047 0.1236 0.0250 0.1275 -0.0272 0.1292 0.0230 0.3293 -0.0215 0.3307 0.0194 0.5186 -0.0110 0.5242 0.0171 0.5331 -0.0081 0.5410 0.0183 0.5959 -0.0105 0.5950
10: -0.0046 -0.2302 0.0012 -0.2447 0.0049 -0.2445 0.0081 -0.2441 -0.0095 -0.2444 -0.0132 -0.2438 -0.0165 -0.2431 0.0143 -0.2352 -0.0202 -0.2331 0.0036 -0.2120 -0.0109 -0.2116 0.0481 -0.1296 -0.0460 -0.1264 0.0616 -0.0098 -0.0623 0.0007 0.0992 0.0839 -0.0968 0.1023 0.1136 0.1105 -0.1087 0.1335 0.1154 0.1101 -0.1094 0.1337 0.1098 0.1012 -0.1050 0.1253 0.0250 0.1273 -0.0272 0.1285 0.0231 0.3287 -0.0208 0.3304 0.0196 0.5176 -0.0103 0.5237 0.0171 0.5323 -0.0077 0.5402 0.0194 0.5948 -0.0090 0.5947
11: -0.0045 -0.2285 0.0013 -0.2437 0.0049 -0.2436 0.0081 -0.2433 -0.0093 -0.2434 -0.0130 -0.2431 -0.0163 -0.2426 0.0143 -0.2343 -0.0201 -0.2323 0.0035 -0.2106 -0.0109 -0.2101 0.0480 -0.1296 -0.0460 -0.1262 0.0624 -0.0098 -0.0626 0.0005 0.1014 0.0846 -0.0975 0.1026 0.1155 0.1118 -0.1091 0.1346 0.1165 0.1119 -0.1095 0.1346 0.1113 0.1024 -0.1053 0.1263 0.0249 0.1274 -0.0270 0.1283 0.0231 0.3286 -0.0205 0.3302 0.0197 0.5175 -0.0099 0.5237 0.0171 0.5320 -0.0074 0.5400 0.0202 0.5944 -0.0088 0.5945
12: -0.0040 -0.2272 0.0017 -0.2435 0.0054 -0.2434 0.0085 -0.2431 -0.0090 -0.2433 -0.0126 -0.2431 -0.0160 -0.2425 0.0147 -0.2341 -0.0200 -0.2319 0.0041 -0.2094 -0.0106 -0.2087 0.0481 -0.1300 -0.0462 -0.1261 0.0639 -0.0098 -0.0635 0.0007 0.1034 0.0846 -0.0997 0.1094 0.1172 0.1111 -0.1116 0.1396 0.1184 0.1114 -0.1113 0.1395 0.1133 0.1025 -0.1068 0.1330 0.0250 0.1280 -0.0269 0.1281 0.0233 0.3278 -0.0202 0.3302 0.0200 0.5161 -0.0092 0.5223 0.0174 0.5304 -0.0068 0.5384 0.0213 0.5928 -0.0087 0.5929
13: -0.0037 -0.2271 0.0022 -0.2438 0.0059 -0.2436 0.0089 -0.2433 -0.0088 -0.2439 -0.0124 -0.2436 -0.0159 -0.2430 0.0152 -0.2341 -0.0199 -0.2323 0.0045 -0.2093 -0.0104 -0.2089 0.0483 -0.1297 -0.0463 -0.1259 0.0662 -0.0093 -0.0647 0.0001 0.1068 0.0837 -0.1022 0.1087 0.1202 0.1099 -0.1147 0.1381 0.1214 0.1104 -0.1143 0.1375 0.1162 0.1019 -0.1092 0.1311 0.0250 0.1278 -0.0271 0.1278 0.0237 0.3272 -0.0201 0.3321 0.0205 0.5145 -0.0083 0.5218 0.0178 0.5292 -0.0061 0.5388 0.0221 0.5896 -0.0081 0.5912
14: -0.0033 -0.2254 0.0026 -0.2415 0.0062 -0.2413 0.0091 -0.2409 -0.0083 -0.2415 -0.0120 -0.2412 -0.0155 -0.2406 0.0153 -0.2321 -0.0197 -0.2306 0.0049 -0.2083 -0.0099 -0.2079 0.0483 -0.1291 -0.0463 -0.1239 0.0678 -0.0086 -0.0655 -0.0001 0.1095 0.0836 -0.1043 0.1064 0.1237 0.1097 -0.1174 0.1358 0.1249 0.1107 -0.1168 0.1349 0.1193 0.1024 -0.1114 0.1282 0.0250 0.1265 -0.0271 0.1267 0.0239 0.3261 -0.0201 0.3310 0.0207 0.5139 -0.0078 0.5210 0.0179 0.5281 -0.0059 0.5376 0.0222 0.5883 -0.0078 0.5895
15: -0.0032 -0.2241 0.0027 -0.2390 0.0063 -0.2388 0.0093 -0.2385 -0.0082 -0.2390 -0.0119 -0.2388 -0.0154 -0.2383 0.0154 -0.2301 -0.0196 -0.2287 0.0050 -0.2071 -0.0098 -0.2071 0.0484 -0.1272 -0.0463 -0.1229 0.0690 -0.0067 -0.0662 -0.0009 0.1138 0.0853 -0.1070 0.1040 0.1277 0.1102 -0.1203 0.1333 0.1290 0.1110 -0.1202 0.1326 0.1238 0.1035 -0.1146 0.1257 0.0251 0.1249 -0.0270 0.1250 0.0242 0.3243 -0.0199 0.3288 0.0209 0.5130 -0.0077 0.5200 0.0180 0.5269 -0.0058 0.5358 0.0224 0.5876 -0.0077 0.5886
16: -0.0031 -0.2199 0.0029 -0.2350 0.0066 -0.2350 0.0094 -0.2347 -0.0080 -0.2352 -0.0117 -0.2350 -0.0152 -0.2346 0.0155 -0.2278 -0.0195 -0.2259 0.0051 -0.2030 -0.0098 -0.2025 0.0483 -0.1253 -0.0463 -0.1209 0.0702 -0.0056 -0.0676 0.0010 0.1166 0.0855 -0.1093 0.1013 0.1302 0.1089 -0.1237 0.1300 0.1317 0.1092 -0.1241 0.1295 0.1266 0.1023 -0.1180 0.1229 0.0251 0.1228 -0.0271 0.1233 0.0245 0.3224 -0.0196 0.3270 0.0210 0.5116 -0.0076 0.5184 0.0182 0.5258 -0.0054 0.5343 0.0228 0.5874 -0.0083 0.5896
17: -0.0028 -0.2164 0.0032 -0.2304 0.0069 -0.2305 0.0096 -0.2303 -0.0079 -0.2302 -0.0116 -0.2298 -0.0149 -0.2291 0.0155 -0.2245 -0.0195 -0.2216 0.0054 -0.1988 -0.0097 -0.1984 0.0483 -0.1242 -0.0464 -0.1198 0.0707 -0.0045 -0.0681 0.0020 0.1180 0.0839 -0.1107 0.0998 0.1322 0.1079 -0.1261 0.1284 0.1337 0.1074 -0.1264 0.1278 0.1284 0.1001 -0.1197 0.1212 0.0252 0.1218 -0.0272 0.1220 0.0247 0.3231 -0.0197 0.3260 0.0210 0.5132 -0.0077 0.5186 0.0184 0.5278 -0.0054 0.5341 0.0227 0.5909 -0.0084 0.5890
18: -0.0028 -0.2160 0.0033 -0.2292 0.0070 -0.2292 0.0097 -0.2293 -0.0079 -0.2290 -0.0116 -0.2286 -0.0149 -0.2280 0.0155 -0.2248 -0.0194 -0.2224 0.0054 -0.1986 -0.0097 -0.1973 0.0482 -0.1263 -0.0464 -0.1198 0.0714 -0.0059 -0.0686 0.0057 0.1193 0.0796 -0.1132 0.0961 0.1340 0.1041 -0.1295 0.1249 0.1351 0.1027 -0.1299 0.1240 0.1298 0.0953 -0.1230 0.1173 0.0251 0.1231 -0.0272 0.1231 0.0250 0.3234 -0.0197 0.3267 0.0210 0.5139 -0.0077 0.5167 0.0184 0.5302 -0.0053 0.5340 0.0226 0.5910 -0.0092 0.5884
19: -0.0028 -0.2141 0.0033 -0.2286 0.0070 -0.2284 0.0097 -0.2285 -0.0079 -0.2286 -0.0116 -0.2286 -0.0149 -0.2284 0.0154 -0.2248 -0.0194 -0.2238 0.0053 -0.1971 -0.0097 -0.1963 0.0482 -0.1277 -0.0463 -0.1213 0.0719 -0.0057 -0.0688 0.0054 0.1207 0.0752 -0.1137 0.0913 0.1358 0.1004 -0.1297 0.1192 0.1368 0.0976 -0.1304 0.1177 0.1317 0.0900 -0.1237 0.1112 0.0251 0.1248 -0.0270 0.1243 0.0254 0.3218 -0.0197 0.3264 0.0220 0.5074 -0.0074 0.5166 0.0188 0.5230 -0.0047 0.5339 0.0226 0.5857 -0.0089 0.5896
20: -0.0029 -0.2132 0.0031 -0.2289 0.0069 -0.2287 0.0096 -0.2287 -0.0080 -0.2289 -0.0117 -0.2289 -0.0150 -0.2288 0.0153 -0.2240 -0.0194 -0.2237 0.0049 -0.1963 -0.0098 -0.1954 0.0480 -0.1272 -0.0462 -0.1201 0.0717 -0.0049 -0.0689 0.0057 0.1213 0.0732 -0.1139 0.0873 0.1367 0.0983 -0.1302 0.1146 0.1375 0.0948 -0.1309 0.1120 0.1325 0.0873 -0.1242 0.1054 0.0252 0.1238 -0.0269 0.1235 0.0256 0.3184 -0.0198 0.3220 0.0225 0.5037 -0.0072 0.5143 0.0194 0.5183 -0.0046 0.5315 0.0226 0.5798 -0.0088 0.5838
21: -0.0028 -0.2129 0.0031 -0.2289 0.0068 -0.2285 0.0094 -0.2280 -0.0079 -0.2296 -0.0117 -0.2296 -0.0150 -0.2293 0.0150 -0.2230 -0.0195 -0.2235 0.0047 -0.1957 -0.0098 -0.1946 0.0476 -0.1285 -0.0461 -0.1223 0.0713 -0.0059 -0.0682 0.0034 0.1205 0.0687 -0.1136 0.0820 0.1360 0.0935 -0.1298 0.1081 0.1369 0.0900 -0.1306 0.1040 0.1319 0.0827 -0.1240 0.0971 0.0252 0.1251 -0.0268 0.1256 0.0253 0.3202 -0.0201 0.3225 0.0224 0.5082 -0.0074 0.5124 0.0191 0.5242 -0.0045 0.5311 0.0220 0.5776 -0.0083 0.5816
22: -0.0029 -0.2139 0.0030 -0.2301 0.0067 -0.2297 0.0093 -0.2293 -0.0080 -0.2309 -0.0118 -0.2309 -0.0150 -0.2307 0.0148 -0.2241 -0.0196 -0.2250 0.0044 -0.1969 -0.0099 -0.1959 0.0471 -0.1285 -0.0462 -0.1220 0.0710 -0.0065 -0.0679 0.0055 0.1200 0.0671 -0.1140 0.0845 0.1354 0.0904 -0.1302 0.1070 0.1363 0.0866 -0.1314 0.1026 0.1316 0.0800 -0.1250 0.0962 0.0256 0.1247 -0.0264 0.1258 0.0250 0.3205 -0.0202 0.3224 0.0222 0.5118 -0.0073 0.5094 0.0189 0.5304 -0.0046 0.5291 0.0217 0.5765 -0.0059 0.5765
23: -0.0031 -0.2146 0.0028 -0.2309 0.0064 -0.2305 0.0090 -0.2301 -0.0081 -0.2318 -0.0120 -0.2318 -0.0152 -0.2317 0.0145 -0.2251 -0.0199 -0.2263 0.0040 -0.1978 -0.0102 -0.1968 0.0466 -0.1291 -0.0464 -0.1215 0.0705 -0.0059 -0.0674 0.0060 0.1196 0.0688 -0.1141 0.0816 0.1345 0.0930 -0.1305 0.1055 0.1355 0.0879 -0.1314 0.1006 0.1309 0.0813 -0.1250 0.0941 0.0258 0.1240 -0.0261 0.1267 0.0246 0.3182 -0.0204 0.3198 0.0219 0.5038 -0.0075 0.5041 0.0185 0.5234 -0.0048 0.5236 0.0215 0.5694 -0.0053 0.5695
24: -0.0031 -0.2148 0.0028 -0.2301 0.0064 -0.2298 0.0090 -0.2295 -0.0082 -0.2308 -0.0120 -0.2309 -0.0151 -0.2308 0.0146 -0.2245 -0.0196 -0.2255 0.0040 -0.1984 -0.0102 -0.1979 0.0465 -0.1283 -0.0461 -0.1189 0.0698 -0.0028 -0.0652 0.0098 0.1187 0.0700 -0.1115 0.0825 0.1336 0.0918 -0.1280 0.1029 0.1346 0.0861 -0.1295 0.0970 0.1299 0.0793 -0.1227 0.0915 0.0258 0.1222 -0.0261 0.1248 0.0244 0.3193 -0.0203 0.3202 0.0220 0.5088 -0.0075 0.5029 0.0186 0.5269 -0.0048 0.5207 0.0209 0.5742 -0.0056 0.5697
25: -0.0031 -0.2146 0.0027 -0.2304 0.0062 -0.2301 0.0088 -0.2298 -0.0082 -0.2312 -0.0121 -0.2313 -0.0151 -0.2312 0.0144 -0.2248 -0.0198 -0.2257 0.0040 -0.1978 -0.0101 -0.1970 0.0462 -0.1283 -0.0462 -0.1192 0.0681 -0.0029 -0.0634 0.0091 0.1153 0.0686 -0.1077 0.0793 0.1305 0.0891 -0.1247 0.0986 0.1322 0.0833 -0.1264 0.0922 0.1269 0.0768 -0.1196 0.0875 0.0258 0.1226 -0.0257 0.1248 0.0241 0.3177 -0.0202 0.3184 0.0217 0.5072 -0.0079 0.4975 0.0183 0.5256 -0.0053 0.5153 0.0206 0.5717 -0.0059 0.5624
26: -0.0035 -0.2153 0.0024 -0.2310 0.0059 -0.2307 0.0085 -0.2306 -0.0086 -0.2313 -0.0124 -0.2314 -0.0154 -0.2314 0.0141 -0.2258 -0.0200 -0.2267 0.0036 -0.1990 -0.0104 -0.1980 0.0458 -0.1294 -0.0464 -0.1200 0.0653 -0.0035 -0.0615 0.0096 0.1110 0.0690 -0.1045 0.0775 0.1268 0.0868 -0.1208 0.0947 0.1297 0.0810 -0.1232 0.0884 0.1241 0.0758 -0.1167 0.0842 0.0260 0.1236 -0.0255 0.1260 0.0236 0.3145 -0.0206 0.3174 0.0216 0.4963 -0.0084 0.4939 0.0182 0.5128 -0.0058 0.5094 0.0206 0.5618 -0.0065 0.5561
27: -0.0037 -0.2165 0.0022 -0.2295 0.0058 -0.2294 0.0083 -0.2295 -0.0088 -0.2299 -0.0126 -0.2300 -0.0156 -0.2300 0.0141 -0.2256 -0.0201 -0.2255 0.0035 -0.2004 -0.0106 -0.1997 0.0456 -0.1295 -0.0461 -0.1190 0.0627 -0.0041 -0.0601 0.0096 0.1047 0.0654 -0.1024 0.0792 0.1203 0.0843 -0.1178 0.0958 0.1237 0.0770 -0.1204 0.0895 0.1182 0.0713 -0.1141 0.0856 0.0259 0.1228 -0.0254 0.1256 0.0234 0.3133 -0.0196 0.3145 0.0227 0.4867 -0.0085 0.4866 0.0207 0.5010 -0.0058 0.4996 0.0207 0.5570 -0.0067 0.5515
28: -0.0037 -0.2143 0.0021 -0.2272 0.0056 -0.2272 0.0081 -0.2275 -0.0088 -0.2273 -0.0126 -0.2272 -0.0156 -0.2272 0.0138 -0.2241 -0.0202 -0.2226 0.0034 -0.1979 -0.0104 -0.1969 0.0454 -0.1285 -0.0462 -0.1179 0.0599 -0.0043 -0.0584 0.0087 0.1005 0.0663 -0.0987 0.0768 0.1159 0.0845 -0.1134 0.0940 0.1194 0.0771 -0.1159 0.0869 0.1138 0.0717 -0.1102 0.0825 0.0260 0.1222 -0.0252 0.1242 0.0229 0.3112 -0.0192 0.3113 0.0235 0.4822 -0.0088 0.4814 0.0217 0.4958 -0.0061 0.4957 0.0211 0.5475 -0.0073 0.5429
29: -0.0039 -0.2115 0.0019 -0.2249 0.0054 -0.2251 0.0079 -0.2253 -0.0090 -0.2245 -0.0127 -0.2242 -0.0157 -0.2240 0.0136 -0.2216 -0.0203 -0.2193 0.0032 -0.1948 -0.0106 -0.1934 0.0453 -0.1268 -0.0458 -0.1192 0.0570 -0.0077 -0.0567 0.0058 0.0955 0.0610 -0.0963 0.0760 0.1104 0.0817 -0.1097 0.0923 0.1133 0.0757 -0.1117 0.0852 0.1082 0.0692 -0.1069 0.0812 0.0257 0.1222 -0.0251 0.1239 0.0220 0.3105 -0.0178 0.3104 0.0237 0.4760 -0.0089 0.4728 0.0224 0.4891 -0.0059 0.4872 0.0205 0.5403 -0.0080 0.5330
30: -0.0040 -0.2096 0.0019 -0.2252 0.0053 -0.2254 0.0078 -0.2253 -0.0088 -0.2248 -0.0126 -0.2245 -0.0156 -0.2238 0.0136 -0.2209 -0.0204 -0.2179 0.0032 -0.1926 -0.0105 -0.1914 0.0453 -0.1270 -0.0457 -0.1192 0.0562 -0.0088 -0.0555 0.0056 0.0935 0.0648 -0.0930 0.0746 0.1073 0.0850 -0.1059 0.0921 0.1093 0.0790 -0.1073 0.0853 0.1044 0.0727 -0.1030 0.0811 0.0255 0.1227 -0.0250 0.1237 0.0216 0.3110 -0.0157 0.3074 0.0224 0.4771 -0.0089 0.4676 0.0213 0.4924 -0.0060 0.4833 0.0174 0.5332 -0.0091 0.5230
31: -0.0040 -0.2083 0.0020 -0.2234 0.0052 -0.2234 0.0078 -0.2232 -0.0088 -0.2237 -0.0126 -0.2237 -0.0157 -0.2236 0.0138 -0.2186 -0.0204 -0.2178 0.0032 -0.1915 -0.0104 -0.1919 0.0453 -0.1272 -0.0456 -0.1196 0.0565 -0.0074 -0.0545 0.0019 0.0928 0.0645 -0.0885 0.0716 0.1065 0.0855 -0.1016 0.0926 0.1077 0.0806 -0.1021 0.0866 0.1028 0.0738 -0.0981 0.0811 0.0253 0.1233 -0.0251 0.1236 0.0206 0.3082 -0.0143 0.3068 0.0221 0.4699 -0.0076 0.4638 0.0211 0.4869 -0.0042 0.4810 0.0169 0.5248 -0.0097 0.5154
32: -0.0034 -0.2078 0.0021 -0.2233 0.0052 -0.2235 0.0078 -0.2236 -0.0085 -0.2238 -0.0122 -0.2240 -0.0154 -0.2239 0.0137 -0.2184 -0.0204 -0.2175 0.0037 -0.1917 -0.0098 -0.1920 0.0451 -0.1274 -0.0458 -0.1203 0.0560 -0.0070 -0.0544 0.0026 0.0902 0.0638 -0.0871 0.0745 0.1040 0.0873 -0.1003 0.0954 0.1055 0.0827 -0.1007 0.0906 0.1006 0.0753 -0.0968 0.0857 0.0253 0.1232 -0.0246 0.1246 0.0202 0.3089 -0.0126 0.3104 0.0207 0.4645 -0.0074 0.4600 0.0197 0.4812 -0.0043 0.4765 0.0166 0.5183 -0.0096 0.5107
33: -0.0032 -0.2079 0.0022 -0.2239 0.0052 -0.2240 0.0078 -0.2238 -0.0083 -0.2239 -0.0119 -0.2241 -0.0151 -0.2240 0.0138 -0.2168 -0.0202 -0.2166 0.0038 -0.1918 -0.0095 -0.1921 0.0450 -0.1255 -0.0458 -0.1200 0.0560 -0.0071 -0.0540 0.0023 0.0887 0.0646 -0.0862 0.0769 0.1023 0.0910 -0.0994 0.0992 0.1033 0.0881 -0.0999 0.0946 0.0984 0.0792 -0.0960 0.0893 0.0252 0.1217 -0.0243 0.1237 0.0200 0.3063 -0.0111 0.3092 0.0195 0.4613 -0.0070 0.4573 0.0184 0.4780 -0.0042 0.4745 0.0167 0.5154 -0.0095 0.5080
34: -0.0032 -0.2110 0.0022 -0.2256 0.0053 -0.2254 0.0080 -0.2254 -0.0083 -0.2255 -0.0119 -0.2254 -0.0151 -0.2256 0.0139 -0.2184 -0.0202 -0.2180 0.0039 -0.1943 -0.0095 -0.1946 0.0450 -0.1275 -0.0457 -0.1207 0.0558 -0.0092 -0.0544 0.0007 0.0877 0.0663 -0.0859 0.0783 0.1016 0.0934 -0.0986 0.1005 0.1025 0.0909 -0.0990 0.0964 0.0973 0.0819 -0.0951 0.0909 0.0251 0.1226 -0.0243 0.1256 0.0196 0.3066 -0.0101 0.3113 0.0195 0.4585 -0.0063 0.4549 0.0185 0.4753 -0.0035 0.4712 0.0168 0.5122 -0.0087 0.5065
35: -0.0034 -0.2121 0.0021 -0.2267 0.0051 -0.2264 0.0079 -0.2261 -0.0086 -0.2264 -0.0121 -0.2261 -0.0154 -0.2254 0.0138 -0.2187 -0.0204 -0.2177 0.0037 -0.1950 -0.0097 -0.1949 0.0447 -0.1271 -0.0459 -0.1205 0.0552 -0.0101 -0.0549 0.0023 0.0860 0.0668 -0.0859 0.0796 0.1004 0.0937 -0.0991 0.1034 0.1009 0.0923 -0.0996 0.1002 0.0954 0.0836 -0.0954 0.0941 0.0251 0.1221 -0.0240 0.1255 0.0194 0.3087 -0.0102 0.3108 0.0190 0.4601 -0.0061 0.4562 0.0181 0.4763 -0.0035 0.4726 0.0166 0.5137 -0.0087 0.5086
36: -0.0028 -0.2117 0.0027 -0.2260 0.0055 -0.2257 0.0084 -0.2255 -0.0082 -0.2263 -0.0119 -0.2261 -0.0153 -0.2257 0.0141 -0.2178 -0.0204 -0.2179 0.0039 -0.1935 -0.0096 -0.1933 0.0445 -0.1260 -0.0455 -0.1198 0.0551 -0.0094 -0.0551 0.0043 0.0858 0.0699 -0.0857 0.0822 0.1001 0.0975 -0.0992 0.1077 0.1005 0.0971 -0.1000 0.1054 0.0952 0.0882 -0.0956 0.0985 0.0251 0.1215 -0.0240 0.1245 0.0194 0.3087 -0.0105 0.3104 0.0189 0.4641 -0.0061 0.4602 0.0177 0.4796 -0.0035 0.4770 0.0166 0.5181 -0.0084 0.5128
37: -0.0029 -0.2100 0.0026 -0.2244 0.0054 -0.2242 0.0084 -0.2240 -0.0083 -0.2247 -0.0120 -0.2245 -0.0154 -0.2242 0.0141 -0.2169 -0.0204 -0.2168 0.0038 -0.1922 -0.0097 -0.1918 0.0443 -0.1247 -0.0449 -0.1180 0.0551 -0.0071 -0.0552 0.0059 0.0864 0.0736 -0.0861 0.0830 0.1005 0.1021 -0.0996 0.1099 0.1009 0.1022 -0.1003 0.1075 0.0957 0.0929 -0.0959 0.0996 0.0248 0.1195 -0.0241 0.1230 0.0193 0.3089 -0.0109 0.3103 0.0186 0.4637 -0.0062 0.4606 0.0172 0.4777 -0.0036 0.4765 0.0163 0.5209 -0.0085 0.5159
38: -0.0023 -0.2105 0.0031 -0.2235 0.0058 -0.2234 0.0090 -0.2231 -0.0077 -0.2236 -0.0116 -0.2233 -0.0149 -0.2229 0.0146 -0.2165 -0.0199 -0.2164 0.0043 -0.1914 -0.0088 -0.1899 0.0442 -0.1210 -0.0447 -0.1173 0.0555 -0.0055 -0.0555 0.0088 0.0871 0.0780 -0.0867 0.0883 0.1010 0.1058 -0.1003 0.1135 0.1013 0.1054 -0.1010 0.1110 0.0962 0.0959 -0.0966 0.1032 0.0247 0.1174 -0.0241 0.1207 0.0195 0.3077 -0.0112 0.3065 0.0184 0.4661 -0.0064 0.4631 0.0166 0.4801 -0.0043 0.4803 0.0163 0.5264 -0.0080 0.5209
39: -0.0020 -0.2070 0.0034 -0.2205 0.0061 -0.2207 0.0093 -0.2205 -0.0075 -0.2197 -0.0113 -0.2192 -0.0147 -0.2186 0.0150 -0.2149 -0.0195 -0.2130 0.0047 -0.1889 -0.0084 -0.1869 0.0444 -0.1210 -0.0442 -0.1166 0.0569 -0.0022 -0.0554 0.0106 0.0876 0.0896 -0.0869 0.0967 0.1015 0.1168 -0.1005 0.1243 0.1022 0.1154 -0.1011 0.1232 0.0970 0.1062 -0.0966 0.1149 0.0241 0.1168 -0.0243 0.1206 0.0202 0.3072 -0.0128 0.3048 0.0182 0.4769 -0.0064 0.4725 0.0163 0.4917 -0.0042 0.4905 0.0165 0.5372 -0.0081 0.5313
40: -0.0018 -0.2060 0.0036 -0.2206 0.0063 -0.2206 0.0095 -0.2202 -0.0074 -0.2199 -0.0112 -0.2194 -0.0145 -0.2184 0.0152 -0.2140 -0.0193 -0.2116 0.0050 -0.1883 -0.0082 -0.1871 0.0444 -0.1224 -0.0440 -0.1161 0.0580 -0.0036 -0.0553 0.0081 0.0894 0.0958 -0.0868 0.1008 0.1034 0.1238 -0.1004 0.1291 0.1035 0.1246 -0.1011 0.1294 0.0980 0.1154 -0.0966 0.1212 0.0240 0.1170 -0.0244 0.1216 0.0207 0.3052 -0.0141 0.3065 0.0186 0.4859 -0.0068 0.4843 0.0167 0.5005 -0.0046 0.5017 0.0167 0.5508 -0.0081 0.5447
