1: 0.0178 -0.2405 0.0179 -0.2574 0.0195 -0.2577 0.0212 -0.2580 0.0102 -0.2575 0.0065 -0.2576 0.0018 -0.2576 0.0185 -0.2523 -0.0088 -0.2510 0.0198 -0.2227 0.0108 -0.2224 0.0427 -0.1336 -0.0445 -0.1292 0.0684 -0.0289 -0.0918 -0.0335 0.1228 -0.0171 -0.1473 -0.0275 0.1386 -0.0199 -0.1698 -0.0302 0.1398 -0.0293 -0.1698 -0.0418 0.1338 -0.0288 -0.1623 -0.0409 0.0251 0.1309 -0.0232 0.1320 0.0241 0.3332 -0.0126 0.3351 0.0008 0.4885 -0.0282 0.4967 -0.0100 0.5086 -0.0340 0.5238 0.0173 0.5471 -0.0051 0.5504
2: 0.0179 -0.2375 0.0183 -0.2537 0.0200 -0.2537 0.0219 -0.2537 0.0105 -0.2545 0.0068 -0.2547 0.0023 -0.2554 0.0188 -0.2474 -0.0082 -0.2490 0.0202 -0.2181 0.0112 -0.2193 0.0428 -0.1330 -0.0446 -0.1307 0.0716 -0.0350 -0.0929 -0.0355 0.1256 -0.0282 -0.1469 -0.0362 0.1422 -0.0300 -0.1692 -0.0420 0.1430 -0.0414 -0.1694 -0.0521 0.1367 -0.0413 -0.1617 -0.0504 0.0250 0.1332 -0.0233 0.1307 0.0255 0.3312 -0.0127 0.3303 0.0003 0.4813 -0.0270 0.4897 -0.0130 0.5022 -0.0328 0.5163 0.0166 0.5409 -0.0067 0.5432
3: 0.0188 -0.2356 0.0196 -0.2511 0.0215 -0.2506 0.0232 -0.2501 0.0123 -0.2525 0.0083 -0.2528 0.0041 -0.2532 0.0196 -0.2428 -0.0072 -0.2460 0.0214 -0.2155 0.0121 -0.2184 0.0428 -0.1327 -0.0446 -0.1291 0.0737 -0.0414 -0.0929 -0.0370 0.1283 -0.0380 -0.1404 -0.0435 0.1462 -0.0400 -0.1618 -0.0510 0.1471 -0.0520 -0.1619 -0.0609 0.1406 -0.0515 -0.1535 -0.0591 0.0252 0.1329 -0.0233 0.1289 0.0258 0.3280 -0.0127 0.3260 -0.0002 0.4742 -0.0256 0.4833 -0.0145 0.4965 -0.0317 0.5102 0.0166 0.5333 -0.0080 0.5352
4: 0.0195 -0.2333 0.0204 -0.2486 0.0223 -0.2482 0.0240 -0.2476 0.0133 -0.2496 0.0094 -0.2498 0.0054 -0.2499 0.0199 -0.2404 -0.0060 -0.2433 0.0221 -0.2140 0.0129 -0.2163 0.0428 -0.1321 -0.0444 -0.1289 0.0762 -0.0417 -0.0915 -0.0366 0.1312 -0.0408 -0.1349 -0.0420 0.1495 -0.0430 -0.1525 -0.0539 0.1506 -0.0548 -0.1534 -0.0635 0.1442 -0.0543 -0.1467 -0.0608 0.0253 0.1326 -0.0235 0.1285 0.0261 0.3269 -0.0129 0.3249 -0.0006 0.4721 -0.0249 0.4814 -0.0150 0.4946 -0.0308 0.5082 0.0164 0.5307 -0.0089 0.5325
5: 0.0194 -0.2328 0.0203 -0.2485 0.0223 -0.2483 0.0239 -0.2480 0.0132 -0.2492 0.0093 -0.2493 0.0054 -0.2494 0.0198 -0.2408 -0.0056 -0.2424 0.0222 -0.2136 0.0131 -0.2149 0.0430 -0.1314 -0.0442 -0.1290 0.0786 -0.0388 -0.0881 -0.0356 0.1334 -0.0352 -0.1274 -0.0309 0.1516 -0.0377 -0.1434 -0.0415 0.1529 -0.0491 -0.1435 -0.0512 0.1468 -0.0479 -0.1375 -0.0479 0.0249 0.1319 -0.0237 0.1287 0.0247 0.3256 -0.0144 0.3246 -0.0012 0.4741 -0.0251 0.4830 -0.0155 0.4967 -0.0305 0.5098 0.0159 0.5335 -0.0099 0.5348
6: 0.0190 -0.2292 0.0198 -0.2453 0.0218 -0.2451 0.0235 -0.2448 0.0127 -0.2457 0.0089 -0.2458 0.0049 -0.2455 0.0195 -0.2367 -0.0061 -0.2377 0.0216 -0.2103 0.0126 -0.2116 0.0434 -0.1285 -0.0441 -0.1295 0.0793 -0.0345 -0.0839 -0.0315 0.1342 -0.0235 -0.1260 -0.0191 0.1523 -0.0237 -0.1407 -0.0189 0.1537 -0.0342 -0.1412 -0.0319 0.1478 -0.0327 -0.1357 -0.0311 0.0246 0.1298 -0.0238 0.1281 0.0225 0.3188 -0.0160 0.3202 -0.0010 0.4779 -0.0255 0.4877 -0.0143 0.5002 -0.0302 0.5142 0.0154 0.5385 -0.0110 0.5408
7: 0.0192 -0.2303 0.0202 -0.2449 0.0222 -0.2446 0.0238 -0.2442 0.0130 -0.2458 0.0091 -0.2462 0.0052 -0.2462 0.0200 -0.2371 -0.0055 -0.2398 0.0214 -0.2125 0.0127 -0.2136 0.0436 -0.1276 -0.0442 -0.1293 0.0784 -0.0267 -0.0795 -0.0283 0.1329 -0.0004 -0.1196 0.0066 0.1510 0.0063 -0.1343 0.0167 0.1525 -0.0023 -0.1348 0.0065 0.1461 -0.0023 -0.1288 0.0042 0.0243 0.1288 -0.0239 0.1279 0.0213 0.3203 -0.0172 0.3228 0.0011 0.4910 -0.0258 0.4996 -0.0107 0.5137 -0.0298 0.5243 0.0154 0.5536 -0.0129 0.5552
8: 0.0190 -0.2342 0.0202 -0.2488 0.0222 -0.2484 0.0240 -0.2480 0.0129 -0.2507 0.0091 -0.2517 0.0052 -0.2523 0.0206 -0.2417 -0.0055 -0.2445 0.0212 -0.2171 0.0125 -0.2181 0.0438 -0.1297 -0.0437 -0.1302 0.0777 -0.0235 -0.0780 -0.0273 0.1302 0.0226 -0.1161 0.0274 0.1491 0.0364 -0.1300 0.0473 0.1513 0.0306 -0.1292 0.0425 0.1440 0.0282 -0.1233 0.0372 0.0239 0.1308 -0.0240 0.1292 0.0205 0.3297 -0.0196 0.3283 0.0057 0.4994 -0.0260 0.5054 -0.0042 0.5205 -0.0288 0.5271 0.0166 0.5677 -0.0142 0.5673
9: 0.0194 -0.2344 0.0205 -0.2502 0.0225 -0.2499 0.0241 -0.2495 0.0134 -0.2518 0.0097 -0.2525 0.0058 -0.2531 0.0204 -0.2431 -0.0052 -0.2458 0.0213 -0.2172 0.0129 -0.2181 0.0437 -0.1296 -0.0430 -0.1293 0.0761 -0.0182 -0.0766 -0.0226 0.1252 0.0447 -0.1135 0.0508 0.1420 0.0624 -0.1271 0.0792 0.1440 0.0593 -0.1249 0.0771 0.1377 0.0548 -0.1187 0.0694 0.0235 0.1304 -0.0242 0.1283 0.0202 0.3322 -0.0204 0.3274 0.0083 0.5005 -0.0262 0.5051 -0.0010 0.5209 -0.0279 0.5257 0.0211 0.5725 -0.0150 0.5697
10: 0.0195 -0.2359 0.0205 -0.2521 0.0224 -0.2518 0.0240 -0.2515 0.0133 -0.2531 0.0096 -0.2536 0.0056 -0.2540 0.0202 -0.2443 -0.0056 -0.2462 0.0213 -0.2184 0.0129 -0.2186 0.0437 -0.1288 -0.0426 -0.1280 0.0735 -0.0146 -0.0760 -0.0184 0.1180 0.0608 -0.1100 0.0677 0.1337 0.0796 -0.1223 0.0977 0.1345 0.0779 -0.1190 0.0966 0.1297 0.0733 -0.1133 0.0884 0.0230 0.1300 -0.0243 0.1270 0.0204 0.3287 -0.0207 0.3282 0.0086 0.4971 -0.0266 0.5026 -0.0005 0.5172 -0.0280 0.5233 0.0237 0.5683 -0.0161 0.5661
11: 0.0199 -0.2379 0.0209 -0.2544 0.0227 -0.2543 0.0242 -0.2542 0.0136 -0.2553 0.0097 -0.2557 0.0056 -0.2559 0.0203 -0.2468 -0.0057 -0.2474 0.0216 -0.2203 0.0133 -0.2199 0.0436 -0.1291 -0.0421 -0.1267 0.0715 -0.0097 -0.0759 -0.0114 0.1117 0.0688 -0.1102 0.0828 0.1254 0.0905 -0.1231 0.1138 0.1257 0.0897 -0.1210 0.1131 0.1210 0.0840 -0.1151 0.1043 0.0228 0.1290 -0.0243 0.1268 0.0218 0.3269 -0.0203 0.3264 0.0082 0.4907 -0.0265 0.4987 -0.0017 0.5106 -0.0280 0.5194 0.0246 0.5632 -0.0161 0.5624
12: 0.0201 -0.2385 0.0209 -0.2548 0.0227 -0.2549 0.0242 -0.2550 0.0135 -0.2555 0.0095 -0.2559 0.0053 -0.2562 0.0203 -0.2483 -0.0058 -0.2483 0.0218 -0.2207 0.0134 -0.2195 0.0433 -0.1287 -0.0413 -0.1275 0.0679 -0.0068 -0.0734 -0.0081 0.1040 0.0763 -0.1100 0.0865 0.1180 0.0991 -0.1237 0.1174 0.1185 0.0981 -0.1219 0.1167 0.1133 0.0928 -0.1156 0.1076 0.0223 0.1289 -0.0242 0.1273 0.0230 0.3273 -0.0195 0.3274 0.0075 0.4874 -0.0269 0.4943 -0.0029 0.5062 -0.0286 0.5137 0.0237 0.5605 -0.0166 0.5594
13: 0.0205 -0.2387 0.0210 -0.2552 0.0227 -0.2551 0.0241 -0.2551 0.0136 -0.2560 0.0098 -0.2564 0.0056 -0.2566 0.0199 -0.2489 -0.0054 -0.2494 0.0219 -0.2204 0.0136 -0.2202 0.0431 -0.1268 -0.0409 -0.1273 0.0653 -0.0038 -0.0732 -0.0081 0.0988 0.0824 -0.1104 0.0897 0.1125 0.1057 -0.1249 0.1227 0.1137 0.1047 -0.1225 0.1224 0.1084 0.0983 -0.1159 0.1117 0.0221 0.1277 -0.0241 0.1265 0.0232 0.3279 -0.0190 0.3280 0.0069 0.4875 -0.0279 0.4915 -0.0035 0.5057 -0.0297 0.5099 0.0223 0.5597 -0.0164 0.5565
14: 0.0207 -0.2385 0.0211 -0.2550 0.0228 -0.2549 0.0242 -0.2548 0.0138 -0.2556 0.0100 -0.2560 0.0057 -0.2560 0.0199 -0.2481 -0.0051 -0.2483 0.0219 -0.2192 0.0137 -0.2193 0.0434 -0.1277 -0.0411 -0.1280 0.0628 -0.0042 -0.0736 -0.0072 0.0951 0.0839 -0.1122 0.0894 0.1087 0.1080 -0.1268 0.1245 0.1099 0.1069 -0.1251 0.1246 0.1048 0.0999 -0.1185 0.1121 0.0222 0.1292 -0.0242 0.1266 0.0238 0.3291 -0.0175 0.3278 0.0067 0.4862 -0.0283 0.4914 -0.0040 0.5048 -0.0302 0.5103 0.0217 0.5594 -0.0140 0.5581
15: 0.0197 -0.2400 0.0205 -0.2558 0.0223 -0.2556 0.0238 -0.2554 0.0129 -0.2566 0.0089 -0.2570 0.0047 -0.2570 0.0202 -0.2483 -0.0058 -0.2492 0.0211 -0.2194 0.0127 -0.2192 0.0436 -0.1281 -0.0419 -0.1290 0.0601 -0.0052 -0.0751 -0.0071 0.0924 0.0827 -0.1145 0.0874 0.1059 0.1069 -0.1293 0.1204 0.1073 0.1055 -0.1275 0.1207 0.1022 0.0983 -0.1210 0.1094 0.0223 0.1299 -0.0239 0.1272 0.0237 0.3279 -0.0164 0.3270 0.0078 0.4888 -0.0288 0.4932 -0.0025 0.5078 -0.0312 0.5132 0.0208 0.5605 -0.0118 0.5588
16: 0.0187 -0.2426 0.0198 -0.2581 0.0218 -0.2580 0.0235 -0.2577 0.0118 -0.2589 0.0078 -0.2590 0.0035 -0.2587 0.0205 -0.2503 -0.0066 -0.2514 0.0205 -0.2215 0.0116 -0.2213 0.0436 -0.1290 -0.0429 -0.1301 0.0577 -0.0074 -0.0769 -0.0074 0.0913 0.0794 -0.1198 0.0840 0.1050 0.1022 -0.1354 0.1145 0.1064 0.1003 -0.1361 0.1141 0.1015 0.0936 -0.1303 0.1040 0.0225 0.1309 -0.0233 0.1284 0.0229 0.3300 -0.0161 0.3289 0.0082 0.4920 -0.0273 0.4971 -0.0017 0.5114 -0.0305 0.5179 0.0202 0.5624 -0.0099 0.5604
17: 0.0187 -0.2441 0.0198 -0.2598 0.0217 -0.2597 0.0235 -0.2595 0.0115 -0.2603 0.0074 -0.2603 0.0030 -0.2599 0.0203 -0.2521 -0.0068 -0.2528 0.0209 -0.2231 0.0113 -0.2228 0.0432 -0.1306 -0.0436 -0.1301 0.0558 -0.0088 -0.0787 -0.0087 0.0919 0.0761 -0.1289 0.0812 0.1054 0.0977 -0.1460 0.1091 0.1073 0.0954 -0.1480 0.1106 0.1023 0.0893 -0.1420 0.1003 0.0232 0.1313 -0.0229 0.1292 0.0223 0.3306 -0.0168 0.3296 0.0088 0.4903 -0.0263 0.4950 -0.0004 0.5093 -0.0292 0.5157 0.0200 0.5607 -0.0111 0.5595
18: 0.0187 -0.2422 0.0198 -0.2583 0.0217 -0.2581 0.0235 -0.2579 0.0114 -0.2588 0.0072 -0.2589 0.0028 -0.2586 0.0202 -0.2505 -0.0070 -0.2513 0.0213 -0.2217 0.0112 -0.2216 0.0428 -0.1298 -0.0439 -0.1299 0.0552 -0.0094 -0.0822 -0.0088 0.0930 0.0737 -0.1360 0.0786 0.1070 0.0936 -0.1545 0.1019 0.1085 0.0908 -0.1566 0.1032 0.1034 0.0851 -0.1496 0.0956 0.0240 0.1311 -0.0231 0.1287 0.0230 0.3349 -0.0170 0.3313 0.0100 0.4994 -0.0246 0.5074 0.0010 0.5198 -0.0268 0.5267 0.0211 0.5712 -0.0121 0.5679
19: 0.0191 -0.2431 0.0203 -0.2600 0.0222 -0.2596 0.0240 -0.2593 0.0118 -0.2603 0.0077 -0.2602 0.0034 -0.2599 0.0207 -0.2514 -0.0065 -0.2537 0.0223 -0.2221 0.0118 -0.2231 0.0426 -0.1327 -0.0434 -0.1285 0.0551 -0.0126 -0.0845 -0.0126 0.0930 0.0630 -0.1390 0.0683 0.1077 0.0772 -0.1589 0.0877 0.1105 0.0728 -0.1604 0.0872 0.1055 0.0693 -0.1527 0.0813 0.0242 0.1326 -0.0233 0.1288 0.0243 0.3405 -0.0157 0.3350 0.0097 0.5050 -0.0239 0.5212 0.0003 0.5272 -0.0269 0.5433 0.0220 0.5787 -0.0105 0.5786
20: 0.0190 -0.2449 0.0202 -0.2617 0.0221 -0.2611 0.0239 -0.2604 0.0118 -0.2627 0.0078 -0.2628 0.0035 -0.2627 0.0207 -0.2527 -0.0067 -0.2560 0.0223 -0.2248 0.0117 -0.2265 0.0423 -0.1343 -0.0435 -0.1276 0.0548 -0.0142 -0.0861 -0.0185 0.0999 0.0472 -0.1426 0.0489 0.1148 0.0568 -0.1632 0.0637 0.1171 0.0501 -0.1649 0.0588 0.1123 0.0478 -0.1563 0.0543 0.0247 0.1332 -0.0236 0.1287 0.0255 0.3422 -0.0152 0.3385 0.0094 0.5051 -0.0225 0.5241 0.0002 0.5270 -0.0260 0.5471 0.0218 0.5857 -0.0074 0.5868
21: 0.0185 -0.2448 0.0195 -0.2617 0.0214 -0.2613 0.0232 -0.2609 0.0114 -0.2623 0.0076 -0.2624 0.0034 -0.2623 0.0197 -0.2536 -0.0072 -0.2554 0.0214 -0.2260 0.0112 -0.2261 0.0415 -0.1363 -0.0443 -0.1282 0.0576 -0.0180 -0.0881 -0.0227 0.1087 0.0274 -0.1465 0.0220 0.1240 0.0329 -0.1678 0.0328 0.1253 0.0248 -0.1702 0.0223 0.1206 0.0235 -0.1617 0.0200 0.0259 0.1334 -0.0230 0.1309 0.0264 0.3422 -0.0147 0.3410 0.0088 0.5038 -0.0218 0.5230 -0.0003 0.5255 -0.0257 0.5457 0.0204 0.5811 -0.0077 0.5850
22: 0.0178 -0.2410 0.0190 -0.2575 0.0209 -0.2573 0.0227 -0.2571 0.0109 -0.2584 0.0072 -0.2589 0.0031 -0.2592 0.0192 -0.2518 -0.0072 -0.2531 0.0205 -0.2228 0.0106 -0.2227 0.0412 -0.1385 -0.0450 -0.1296 0.0597 -0.0255 -0.0912 -0.0293 0.1141 0.0076 -0.1502 -0.0004 0.1294 0.0098 -0.1716 0.0046 0.1307 0.0011 -0.1742 -0.0066 0.1259 0.0009 -0.1652 -0.0068 0.0266 0.1337 -0.0227 0.1345 0.0268 0.3397 -0.0131 0.3415 0.0076 0.4923 -0.0225 0.5158 -0.0033 0.5167 -0.0269 0.5390 0.0199 0.5647 -0.0053 0.5702
23: 0.0189 -0.2388 0.0195 -0.2555 0.0211 -0.2554 0.0226 -0.2553 0.0117 -0.2565 0.0083 -0.2570 0.0043 -0.2572 0.0184 -0.2507 -0.0063 -0.2516 0.0206 -0.2201 0.0113 -0.2200 0.0409 -0.1391 -0.0455 -0.1295 0.0633 -0.0337 -0.0925 -0.0360 0.1201 -0.0106 -0.1489 -0.0205 0.1354 -0.0112 -0.1704 -0.0181 0.1364 -0.0215 -0.1728 -0.0298 0.1309 -0.0211 -0.1633 -0.0297 0.0272 0.1336 -0.0229 0.1350 0.0269 0.3371 -0.0127 0.3367 0.0066 0.4818 -0.0237 0.5043 -0.0071 0.5051 -0.0281 0.5284 0.0189 0.5533 -0.0049 0.5567
24: 0.0194 -0.2331 0.0199 -0.2496 0.0214 -0.2495 0.0229 -0.2493 0.0122 -0.2507 0.0090 -0.2513 0.0050 -0.2516 0.0182 -0.2449 -0.0057 -0.2464 0.0207 -0.2144 0.0117 -0.2144 0.0410 -0.1369 -0.0450 -0.1278 0.0721 -0.0366 -0.0934 -0.0378 0.1267 -0.0273 -0.1479 -0.0349 0.1435 -0.0298 -0.1691 -0.0354 0.1443 -0.0411 -0.1717 -0.0496 0.1378 -0.0399 -0.1624 -0.0492 0.0272 0.1327 -0.0231 0.1322 0.0281 0.3308 -0.0115 0.3304 0.0052 0.4762 -0.0228 0.4924 -0.0095 0.4990 -0.0280 0.5188 0.0186 0.5418 -0.0043 0.5431
25: 0.0202 -0.2349 0.0204 -0.2518 0.0219 -0.2516 0.0232 -0.2513 0.0132 -0.2531 0.0100 -0.2536 0.0063 -0.2536 0.0181 -0.2459 -0.0046 -0.2462 0.0215 -0.2178 0.0127 -0.2179 0.0414 -0.1355 -0.0451 -0.1276 0.0762 -0.0402 -0.0945 -0.0398 0.1312 -0.0402 -0.1467 -0.0448 0.1485 -0.0445 -0.1691 -0.0493 0.1490 -0.0566 -0.1701 -0.0617 0.1426 -0.0550 -0.1612 -0.0601 0.0271 0.1315 -0.0234 0.1316 0.0283 0.3241 -0.0113 0.3241 0.0028 0.4702 -0.0203 0.4810 -0.0119 0.4944 -0.0259 0.5084 0.0185 0.5317 -0.0044 0.5310
26: 0.0200 -0.2351 0.0203 -0.2510 0.0217 -0.2504 0.0230 -0.2497 0.0131 -0.2523 0.0099 -0.2526 0.0062 -0.2526 0.0181 -0.2424 -0.0049 -0.2450 0.0219 -0.2162 0.0129 -0.2178 0.0415 -0.1333 -0.0447 -0.1287 0.0783 -0.0407 -0.0947 -0.0378 0.1335 -0.0413 -0.1422 -0.0453 0.1511 -0.0455 -0.1625 -0.0542 0.1517 -0.0569 -0.1630 -0.0646 0.1457 -0.0551 -0.1560 -0.0620 0.0268 0.1311 -0.0236 0.1308 0.0279 0.3219 -0.0119 0.3237 0.0008 0.4704 -0.0198 0.4794 -0.0138 0.4954 -0.0253 0.5073 0.0185 0.5283 -0.0051 0.5271
27: 0.0201 -0.2305 0.0200 -0.2474 0.0213 -0.2472 0.0226 -0.2469 0.0130 -0.2481 0.0100 -0.2483 0.0063 -0.2484 0.0177 -0.2401 -0.0046 -0.2419 0.0220 -0.2116 0.0133 -0.2125 0.0416 -0.1316 -0.0444 -0.1277 0.0801 -0.0361 -0.0921 -0.0346 0.1376 -0.0358 -0.1359 -0.0367 0.1551 -0.0380 -0.1524 -0.0443 0.1557 -0.0485 -0.1521 -0.0542 0.1512 -0.0472 -0.1467 -0.0524 0.0263 0.1290 -0.0235 0.1305 0.0269 0.3218 -0.0126 0.3256 -0.0011 0.4760 -0.0205 0.4851 -0.0151 0.5011 -0.0255 0.5123 0.0180 0.5322 -0.0054 0.5323
28: 0.0198 -0.2333 0.0197 -0.2496 0.0211 -0.2494 0.0224 -0.2491 0.0127 -0.2507 0.0096 -0.2512 0.0059 -0.2513 0.0176 -0.2427 -0.0050 -0.2443 0.0217 -0.2145 0.0129 -0.2153 0.0418 -0.1317 -0.0444 -0.1281 0.0794 -0.0331 -0.0883 -0.0326 0.1372 -0.0231 -0.1283 -0.0239 0.1552 -0.0258 -0.1436 -0.0280 0.1561 -0.0372 -0.1425 -0.0418 0.1513 -0.0344 -0.1368 -0.0399 0.0260 0.1294 -0.0232 0.1305 0.0248 0.3252 -0.0130 0.3269 -0.0013 0.4791 -0.0211 0.4907 -0.0147 0.5031 -0.0254 0.5173 0.0178 0.5387 -0.0059 0.5416
29: 0.0198 -0.2293 0.0197 -0.2453 0.0210 -0.2452 0.0223 -0.2452 0.0127 -0.2471 0.0096 -0.2481 0.0060 -0.2491 0.0175 -0.2393 -0.0050 -0.2413 0.0214 -0.2116 0.0127 -0.2116 0.0416 -0.1310 -0.0445 -0.1284 0.0781 -0.0294 -0.0845 -0.0274 0.1348 -0.0087 -0.1235 -0.0069 0.1534 -0.0051 -0.1388 0.0004 0.1547 -0.0147 -0.1387 -0.0119 0.1493 -0.0130 -0.1326 -0.0130 0.0257 0.1272 -0.0230 0.1322 0.0242 0.3209 -0.0136 0.3272 0.0002 0.4821 -0.0215 0.4944 -0.0121 0.5060 -0.0251 0.5204 0.0179 0.5434 -0.0055 0.5476
30: 0.0198 -0.2334 0.0197 -0.2491 0.0210 -0.2488 0.0222 -0.2486 0.0127 -0.2503 0.0097 -0.2508 0.0060 -0.2514 0.0174 -0.2421 -0.0051 -0.2433 0.0215 -0.2168 0.0127 -0.2164 0.0416 -0.1332 -0.0436 -0.1282 0.0766 -0.0207 -0.0785 -0.0243 0.1329 0.0178 -0.1210 0.0207 0.1502 0.0289 -0.1353 0.0395 0.1513 0.0221 -0.1353 0.0325 0.1461 0.0209 -0.1292 0.0272 0.0248 0.1299 -0.0227 0.1315 0.0232 0.3277 -0.0164 0.3319 0.0044 0.4967 -0.0216 0.5105 -0.0059 0.5173 -0.0240 0.5324 0.0191 0.5628 -0.0057 0.5664
31: 0.0196 -0.2359 0.0196 -0.2512 0.0209 -0.2507 0.0222 -0.2503 0.0126 -0.2523 0.0095 -0.2525 0.0058 -0.2526 0.0177 -0.2431 -0.0053 -0.2444 0.0214 -0.2180 0.0125 -0.2182 0.0415 -0.1335 -0.0422 -0.1279 0.0750 -0.0182 -0.0751 -0.0218 0.1262 0.0406 -0.1150 0.0418 0.1434 0.0575 -0.1290 0.0683 0.1460 0.0527 -0.1280 0.0654 0.1392 0.0489 -0.1221 0.0579 0.0234 0.1302 -0.0228 0.1312 0.0227 0.3315 -0.0187 0.3314 0.0065 0.5001 -0.0218 0.5130 -0.0039 0.5200 -0.0242 0.5342 0.0230 0.5729 -0.0081 0.5747
32: 0.0193 -0.2379 0.0193 -0.2538 0.0207 -0.2533 0.0221 -0.2529 0.0122 -0.2545 0.0091 -0.2544 0.0055 -0.2543 0.0181 -0.2452 -0.0056 -0.2460 0.0214 -0.2194 0.0122 -0.2191 0.0415 -0.1327 -0.0415 -0.1295 0.0718 -0.0154 -0.0741 -0.0181 0.1182 0.0576 -0.1119 0.0617 0.1348 0.0779 -0.1254 0.0892 0.1370 0.0746 -0.1230 0.0885 0.1311 0.0698 -0.1169 0.0814 0.0229 0.1322 -0.0230 0.1300 0.0224 0.3308 -0.0195 0.3288 0.0065 0.4968 -0.0229 0.5091 -0.0042 0.5162 -0.0246 0.5294 0.0249 0.5710 -0.0106 0.5757
33: 0.0195 -0.2423 0.0193 -0.2584 0.0207 -0.2580 0.0220 -0.2578 0.0122 -0.2586 0.0090 -0.2583 0.0052 -0.2579 0.0176 -0.2501 -0.0061 -0.2494 0.0216 -0.2235 0.0123 -0.2230 0.0414 -0.1328 -0.0408 -0.1301 0.0694 -0.0158 -0.0741 -0.0168 0.1108 0.0649 -0.1110 0.0690 0.1264 0.0872 -0.1256 0.0970 0.1271 0.0858 -0.1230 0.0963 0.1222 0.0798 -0.1163 0.0886 0.0224 0.1324 -0.0231 0.1304 0.0228 0.3294 -0.0200 0.3274 0.0061 0.4911 -0.0249 0.5054 -0.0048 0.5106 -0.0265 0.5255 0.0248 0.5651 -0.0128 0.5707
34: 0.0201 -0.2441 0.0195 -0.2606 0.0209 -0.2604 0.0221 -0.2604 0.0126 -0.2604 0.0094 -0.2600 0.0055 -0.2595 0.0172 -0.2523 -0.0061 -0.2502 0.0221 -0.2253 0.0131 -0.2245 0.0413 -0.1311 -0.0395 -0.1312 0.0662 -0.0121 -0.0729 -0.0175 0.1040 0.0717 -0.1107 0.0745 0.1185 0.0960 -0.1262 0.1025 0.1192 0.0957 -0.1236 0.1027 0.1139 0.0887 -0.1166 0.0947 0.0217 0.1329 -0.0235 0.1295 0.0233 0.3302 -0.0203 0.3289 0.0056 0.4889 -0.0264 0.5028 -0.0054 0.5082 -0.0288 0.5217 0.0238 0.5631 -0.0131 0.5681
35: 0.0210 -0.2443 0.0200 -0.2611 0.0212 -0.2611 0.0223 -0.2612 0.0133 -0.2609 0.0101 -0.2608 0.0062 -0.2604 0.0169 -0.2529 -0.0057 -0.2500 0.0226 -0.2262 0.0139 -0.2248 0.0413 -0.1303 -0.0394 -0.1300 0.0640 -0.0071 -0.0738 -0.0142 0.0987 0.0771 -0.1134 0.0798 0.1128 0.1026 -0.1290 0.1088 0.1135 0.1021 -0.1268 0.1094 0.1084 0.0959 -0.1198 0.1011 0.0213 0.1312 -0.0234 0.1291 0.0231 0.3265 -0.0195 0.3260 0.0054 0.4904 -0.0273 0.5004 -0.0054 0.5115 -0.0303 0.5213 0.0222 0.5625 -0.0134 0.5641
36: 0.0215 -0.2421 0.0206 -0.2589 0.0218 -0.2590 0.0229 -0.2592 0.0138 -0.2593 0.0107 -0.2596 0.0067 -0.2595 0.0174 -0.2528 -0.0049 -0.2514 0.0227 -0.2241 0.0142 -0.2227 0.0416 -0.1302 -0.0396 -0.1304 0.0624 -0.0066 -0.0745 -0.0116 0.0955 0.0798 -0.1155 0.0821 0.1091 0.1049 -0.1313 0.1108 0.1100 0.1039 -0.1293 0.1120 0.1049 0.0974 -0.1221 0.1041 0.0212 0.1313 -0.0230 0.1294 0.0223 0.3277 -0.0197 0.3280 0.0053 0.4938 -0.0286 0.5012 -0.0055 0.5149 -0.0322 0.5220 0.0208 0.5669 -0.0136 0.5648
37: 0.0213 -0.2413 0.0207 -0.2578 0.0220 -0.2578 0.0232 -0.2577 0.0137 -0.2583 0.0104 -0.2585 0.0063 -0.2583 0.0182 -0.2510 -0.0050 -0.2500 0.0225 -0.2220 0.0140 -0.2213 0.0415 -0.1311 -0.0401 -0.1300 0.0599 -0.0068 -0.0758 -0.0093 0.0928 0.0802 -0.1189 0.0832 0.1065 0.1046 -0.1353 0.1107 0.1073 0.1033 -0.1346 0.1117 0.1022 0.0967 -0.1274 0.1038 0.0210 0.1314 -0.0225 0.1298 0.0217 0.3311 -0.0196 0.3314 0.0047 0.4969 -0.0299 0.5038 -0.0061 0.5174 -0.0336 0.5248 0.0174 0.5702 -0.0138 0.5667
38: 0.0206 -0.2404 0.0204 -0.2567 0.0218 -0.2567 0.0231 -0.2566 0.0130 -0.2573 0.0096 -0.2574 0.0054 -0.2571 0.0188 -0.2499 -0.0056 -0.2490 0.0219 -0.2206 0.0132 -0.2195 0.0411 -0.1311 -0.0406 -0.1298 0.0573 -0.0073 -0.0770 -0.0107 0.0915 0.0793 -0.1258 0.0828 0.1052 0.1032 -0.1436 0.1083 0.1064 0.1017 -0.1434 0.1084 0.1015 0.0950 -0.1367 0.1010 0.0214 0.1309 -0.0220 0.1299 0.0208 0.3320 -0.0195 0.3308 0.0042 0.4997 -0.0311 0.5047 -0.0067 0.5205 -0.0349 0.5262 0.0163 0.5727 -0.0142 0.5691
39: 0.0205 -0.2404 0.0204 -0.2567 0.0219 -0.2567 0.0234 -0.2567 0.0127 -0.2571 0.0092 -0.2570 0.0048 -0.2566 0.0190 -0.2502 -0.0058 -0.2490 0.0223 -0.2204 0.0130 -0.2195 0.0408 -0.1309 -0.0408 -0.1303 0.0547 -0.0079 -0.0785 -0.0112 0.0915 0.0773 -0.1322 0.0800 0.1057 0.1010 -0.1505 0.1061 0.1075 0.0993 -0.1511 0.1050 0.1024 0.0930 -0.1443 0.0980 0.0216 0.1310 -0.0215 0.1302 0.0200 0.3325 -0.0192 0.3319 0.0041 0.4994 -0.0319 0.5064 -0.0068 0.5206 -0.0356 0.5280 0.0157 0.5749 -0.0148 0.5680
40: 0.0205 -0.2404 0.0203 -0.2569 0.0217 -0.2569 0.0232 -0.2568 0.0126 -0.2572 0.0090 -0.2571 0.0045 -0.2567 0.0187 -0.2500 -0.0059 -0.2489 0.0225 -0.2205 0.0131 -0.2199 0.0401 -0.1311 -0.0411 -0.1302 0.0530 -0.0092 -0.0807 -0.0127 0.0923 0.0731 -0.1356 0.0739 0.1070 0.0947 -0.1548 0.0982 0.1087 0.0923 -0.1554 0.0983 0.1035 0.0868 -0.1482 0.0910 0.0223 0.1312 -0.0212 0.1302 0.0193 0.3313 -0.0190 0.3312 0.0038 0.5056 -0.0322 0.5127 -0.0070 0.5273 -0.0354 0.5345 0.0155 0.5810 -0.0152 0.5752
