1: 0.0135 -0.1946 0.0150 -0.2082 0.0170 -0.2079 0.0188 -0.2078 0.0076 -0.2094 0.0039 -0.2098 -0.0001 -0.2104 0.0167 -0.2025 -0.0110 -0.2057 0.0157 -0.1782 0.0068 -0.1791 0.0346 -0.1023 -0.0426 -0.1067 0.0501 0.0050 -0.0579 0.0047 0.0771 0.0829 -0.0478 0.0830 0.0862 0.1080 -0.0490 0.1181 0.0885 0.1029 -0.0416 0.1101 0.0838 0.0958 -0.0387 0.0978 0.0256 0.1027 -0.0177 0.1064 0.0232 0.2898 -0.0247 0.2869 0.0158 0.4556 -0.0323 0.4579 0.0065 0.4844 -0.0354 0.4813 0.0496 0.5008 -0.0189 0.5133
2: 0.0138 -0.1954 0.0154 -0.2091 0.0174 -0.2089 0.0191 -0.2088 0.0080 -0.2102 0.0043 -0.2108 0.0005 -0.2114 0.0169 -0.2036 -0.0100 -0.2069 0.0159 -0.1792 0.0072 -0.1801 0.0349 -0.1022 -0.0427 -0.1083 0.0503 0.0041 -0.0580 0.0021 0.0771 0.0823 -0.0489 0.0804 0.0877 0.1093 -0.0499 0.1125 0.0885 0.1048 -0.0421 0.1056 0.0837 0.0974 -0.0391 0.0953 0.0255 0.1041 -0.0178 0.1062 0.0229 0.2909 -0.0250 0.2880 0.0162 0.4534 -0.0324 0.4553 0.0047 0.4809 -0.0355 0.4796 0.0495 0.4995 -0.0189 0.5104
3: 0.0140 -0.1955 0.0158 -0.2093 0.0177 -0.2091 0.0193 -0.2090 0.0083 -0.2104 0.0046 -0.2112 0.0008 -0.2119 0.0176 -0.2039 -0.0094 -0.2075 0.0159 -0.1795 0.0073 -0.1806 0.0358 -0.1010 -0.0430 -0.1091 0.0501 0.0046 -0.0583 0.0007 0.0762 0.0851 -0.0533 0.0806 0.0874 0.1138 -0.0570 0.1120 0.0881 0.1094 -0.0497 0.1062 0.0826 0.1017 -0.0463 0.0964 0.0255 0.1044 -0.0182 0.1057 0.0225 0.2922 -0.0253 0.2894 0.0163 0.4525 -0.0328 0.4545 0.0041 0.4796 -0.0358 0.4790 0.0493 0.4994 -0.0191 0.5096
4: 0.0143 -0.1955 0.0162 -0.2092 0.0181 -0.2090 0.0198 -0.2090 0.0086 -0.2105 0.0050 -0.2114 0.0011 -0.2122 0.0184 -0.2040 -0.0088 -0.2078 0.0160 -0.1798 0.0075 -0.1809 0.0368 -0.1004 -0.0432 -0.1097 0.0500 0.0055 -0.0584 0.0002 0.0727 0.0913 -0.0581 0.0842 0.0843 0.1213 -0.0638 0.1150 0.0840 0.1183 -0.0560 0.1131 0.0776 0.1105 -0.0519 0.1026 0.0254 0.1046 -0.0190 0.1053 0.0224 0.2928 -0.0255 0.2915 0.0162 0.4515 -0.0328 0.4542 0.0036 0.4792 -0.0351 0.4794 0.0492 0.4993 -0.0192 0.5093
5: 0.0148 -0.1947 0.0168 -0.2083 0.0186 -0.2081 0.0204 -0.2080 0.0091 -0.2097 0.0056 -0.2107 0.0016 -0.2115 0.0193 -0.2030 -0.0082 -0.2071 0.0164 -0.1791 0.0078 -0.1802 0.0376 -0.0985 -0.0431 -0.1097 0.0507 0.0082 -0.0584 0.0009 0.0724 0.0994 -0.0617 0.0898 0.0842 0.1289 -0.0684 0.1213 0.0837 0.1268 -0.0598 0.1207 0.0773 0.1190 -0.0555 0.1103 0.0254 0.1047 -0.0197 0.1035 0.0225 0.2907 -0.0255 0.2921 0.0162 0.4522 -0.0324 0.4550 0.0022 0.4812 -0.0335 0.4811 0.0492 0.5007 -0.0196 0.5098
6: 0.0153 -0.1934 0.0173 -0.2071 0.0191 -0.2070 0.0209 -0.2069 0.0096 -0.2087 0.0062 -0.2097 0.0021 -0.2106 0.0198 -0.2019 -0.0077 -0.2062 0.0168 -0.1780 0.0082 -0.1792 0.0375 -0.0968 -0.0427 -0.1091 0.0504 0.0109 -0.0587 0.0020 0.0710 0.1060 -0.0660 0.0958 0.0825 0.1352 -0.0761 0.1259 0.0821 0.1344 -0.0687 0.1285 0.0762 0.1260 -0.0619 0.1199 0.0251 0.1046 -0.0200 0.1014 0.0223 0.2873 -0.0258 0.2911 0.0158 0.4533 -0.0324 0.4565 0.0007 0.4836 -0.0328 0.4832 0.0489 0.5024 -0.0204 0.5105
7: 0.0161 -0.1927 0.0180 -0.2065 0.0197 -0.2063 0.0216 -0.2063 0.0103 -0.2080 0.0071 -0.2091 0.0030 -0.2100 0.0203 -0.2012 -0.0069 -0.2057 0.0175 -0.1772 0.0088 -0.1785 0.0378 -0.0958 -0.0423 -0.1091 0.0504 0.0127 -0.0591 0.0040 0.0703 0.1100 -0.0700 0.0988 0.0811 0.1401 -0.0808 0.1268 0.0805 0.1395 -0.0734 0.1293 0.0751 0.1304 -0.0661 0.1218 0.0248 0.1044 -0.0203 0.1002 0.0221 0.2838 -0.0259 0.2865 0.0155 0.4538 -0.0324 0.4569 -0.0002 0.4848 -0.0327 0.4836 0.0487 0.5031 -0.0206 0.5101
8: 0.0169 -0.1929 0.0186 -0.2067 0.0204 -0.2066 0.0222 -0.2065 0.0110 -0.2082 0.0078 -0.2093 0.0037 -0.2103 0.0207 -0.2015 -0.0063 -0.2060 0.0183 -0.1773 0.0095 -0.1785 0.0380 -0.0956 -0.0419 -0.1096 0.0502 0.0133 -0.0604 0.0044 0.0687 0.1104 -0.0773 0.1010 0.0783 0.1418 -0.0881 0.1278 0.0782 0.1410 -0.0810 0.1305 0.0726 0.1311 -0.0741 0.1235 0.0245 0.1049 -0.0205 0.1002 0.0219 0.2834 -0.0261 0.2869 0.0153 0.4536 -0.0322 0.4581 -0.0003 0.4846 -0.0323 0.4863 0.0485 0.5028 -0.0204 0.5102
9: 0.0175 -0.1938 0.0192 -0.2077 0.0209 -0.2076 0.0228 -0.2076 0.0115 -0.2092 0.0083 -0.2103 0.0042 -0.2113 0.0211 -0.2025 -0.0058 -0.2070 0.0190 -0.1781 0.0101 -0.1794 0.0381 -0.0967 -0.0418 -0.1109 0.0502 0.0124 -0.0622 0.0036 0.0685 0.1099 -0.0843 0.0987 0.0780 0.1419 -0.0944 0.1262 0.0778 0.1410 -0.0873 0.1277 0.0725 0.1309 -0.0807 0.1200 0.0244 0.1063 -0.0206 0.1014 0.0217 0.2831 -0.0260 0.2877 0.0151 0.4529 -0.0322 0.4569 -0.0007 0.4844 -0.0324 0.4849 0.0484 0.5018 -0.0205 0.5090
10: 0.0181 -0.1939 0.0197 -0.2079 0.0216 -0.2078 0.0235 -0.2078 0.0119 -0.2094 0.0088 -0.2105 0.0047 -0.2115 0.0217 -0.2028 -0.0051 -0.2072 0.0195 -0.1783 0.0105 -0.1796 0.0385 -0.0971 -0.0418 -0.1114 0.0505 0.0122 -0.0634 0.0033 0.0684 0.1090 -0.0850 0.0973 0.0773 0.1413 -0.0967 0.1253 0.0768 0.1405 -0.0912 0.1266 0.0721 0.1302 -0.0844 0.1184 0.0242 0.1067 -0.0208 0.1018 0.0214 0.2830 -0.0257 0.2882 0.0147 0.4532 -0.0320 0.4570 -0.0013 0.4853 -0.0324 0.4854 0.0483 0.5022 -0.0203 0.5086
11: 0.0185 -0.1939 0.0202 -0.2079 0.0221 -0.2079 0.0240 -0.2079 0.0124 -0.2095 0.0092 -0.2106 0.0052 -0.2116 0.0222 -0.2028 -0.0046 -0.2073 0.0201 -0.1783 0.0110 -0.1797 0.0387 -0.0972 -0.0417 -0.1115 0.0501 0.0121 -0.0643 0.0029 0.0673 0.1077 -0.0879 0.0894 0.0750 0.1392 -0.1012 0.1165 0.0747 0.1381 -0.0968 0.1160 0.0701 0.1282 -0.0867 0.1068 0.0241 0.1067 -0.0210 0.1020 0.0211 0.2846 -0.0255 0.2889 0.0139 0.4533 -0.0324 0.4566 -0.0022 0.4855 -0.0328 0.4849 0.0474 0.5024 -0.0206 0.5084
12: 0.0190 -0.1938 0.0205 -0.2079 0.0224 -0.2079 0.0243 -0.2079 0.0129 -0.2095 0.0098 -0.2106 0.0060 -0.2116 0.0221 -0.2029 -0.0038 -0.2074 0.0204 -0.1783 0.0115 -0.1797 0.0382 -0.0975 -0.0410 -0.1119 0.0484 0.0108 -0.0657 0.0017 0.0659 0.1069 -0.0995 0.0779 0.0730 0.1380 -0.1138 0.1036 0.0731 0.1367 -0.1115 0.1010 0.0685 0.1269 -0.1043 0.0928 0.0236 0.1071 -0.0210 0.1024 0.0205 0.2854 -0.0251 0.2889 0.0134 0.4540 -0.0328 0.4560 -0.0030 0.4865 -0.0334 0.4841 0.0467 0.5027 -0.0206 0.5079
13: 0.0194 -0.1945 0.0211 -0.2086 0.0231 -0.2086 0.0250 -0.2086 0.0136 -0.2102 0.0102 -0.2113 0.0067 -0.2124 0.0228 -0.2037 -0.0028 -0.2081 0.0210 -0.1789 0.0121 -0.1804 0.0383 -0.0984 -0.0399 -0.1129 0.0463 0.0083 -0.0672 -0.0009 0.0638 0.1026 -0.1099 0.0664 0.0704 0.1337 -0.1246 0.0927 0.0700 0.1323 -0.1246 0.0892 0.0653 0.1220 -0.1182 0.0803 0.0229 0.1081 -0.0211 0.1031 0.0198 0.2858 -0.0250 0.2884 0.0128 0.4537 -0.0334 0.4539 -0.0039 0.4863 -0.0340 0.4820 0.0461 0.5023 -0.0197 0.5066
14: 0.0191 -0.1941 0.0211 -0.2082 0.0231 -0.2082 0.0250 -0.2082 0.0134 -0.2098 0.0100 -0.2109 0.0065 -0.2120 0.0231 -0.2033 -0.0025 -0.2077 0.0209 -0.1785 0.0118 -0.1800 0.0381 -0.0981 -0.0382 -0.1143 0.0448 0.0059 -0.0679 -0.0079 0.0643 0.0885 -0.1069 0.0566 0.0699 0.1168 -0.1238 0.0752 0.0702 0.1138 -0.1249 0.0719 0.0658 0.1042 -0.1179 0.0671 0.0217 0.1087 -0.0215 0.1037 0.0187 0.2864 -0.0253 0.2888 0.0117 0.4541 -0.0344 0.4533 -0.0053 0.4870 -0.0353 0.4814 0.0450 0.5025 -0.0198 0.5054
15: 0.0198 -0.1936 0.0218 -0.2076 0.0238 -0.2076 0.0257 -0.2076 0.0143 -0.2093 0.0109 -0.2104 0.0074 -0.2115 0.0237 -0.2028 -0.0017 -0.2072 0.0214 -0.1779 0.0126 -0.1795 0.0382 -0.0976 -0.0376 -0.1157 0.0435 0.0033 -0.0693 -0.0132 0.0668 0.0713 -0.1147 0.0517 0.0745 0.0914 -0.1326 0.0710 0.0760 0.0866 -0.1338 0.0669 0.0699 0.0820 -0.1265 0.0613 0.0208 0.1092 -0.0215 0.1042 0.0176 0.2870 -0.0254 0.2880 0.0111 0.4548 -0.0349 0.4506 -0.0060 0.4877 -0.0363 0.4786 0.0443 0.5030 -0.0202 0.5039
16: 0.0206 -0.1931 0.0227 -0.2071 0.0246 -0.2071 0.0264 -0.2070 0.0153 -0.2088 0.0119 -0.2100 0.0085 -0.2111 0.0241 -0.2023 -0.0009 -0.2067 0.0220 -0.1774 0.0134 -0.1790 0.0376 -0.0974 -0.0368 -0.1168 0.0419 0.0008 -0.0736 -0.0177 0.0705 0.0582 -0.1267 0.0411 0.0812 0.0762 -0.1431 0.0575 0.0834 0.0690 -0.1432 0.0540 0.0768 0.0647 -0.1364 0.0504 0.0202 0.1096 -0.0212 0.1046 0.0170 0.2874 -0.0256 0.2865 0.0106 0.4558 -0.0355 0.4496 -0.0063 0.4887 -0.0372 0.4779 0.0442 0.5035 -0.0208 0.5036
17: 0.0214 -0.1943 0.0234 -0.2084 0.0253 -0.2084 0.0270 -0.2083 0.0160 -0.2101 0.0126 -0.2113 0.0091 -0.2124 0.0248 -0.2036 -0.0004 -0.2081 0.0227 -0.1787 0.0140 -0.1803 0.0374 -0.1002 -0.0366 -0.1186 0.0406 -0.0038 -0.0798 -0.0216 0.0730 0.0376 -0.1378 0.0237 0.0850 0.0444 -0.1569 0.0388 0.0875 0.0358 -0.1575 0.0346 0.0810 0.0337 -0.1503 0.0310 0.0199 0.1117 -0.0208 0.1071 0.0164 0.2892 -0.0260 0.2863 0.0103 0.4547 -0.0362 0.4482 -0.0062 0.4874 -0.0384 0.4761 0.0443 0.5018 -0.0211 0.5024
18: 0.0218 -0.1950 0.0239 -0.2091 0.0257 -0.2090 0.0275 -0.2090 0.0164 -0.2108 0.0130 -0.2120 0.0095 -0.2131 0.0254 -0.2043 -0.0001 -0.2088 0.0233 -0.1794 0.0146 -0.1810 0.0373 -0.1012 -0.0362 -0.1199 0.0405 -0.0067 -0.0818 -0.0260 0.0807 0.0156 -0.1398 0.0038 0.0917 0.0254 -0.1602 0.0161 0.0930 0.0115 -0.1621 0.0104 0.0882 0.0091 -0.1543 0.0085 0.0196 0.1126 -0.0207 0.1085 0.0167 0.2889 -0.0263 0.2859 0.0103 0.4536 -0.0370 0.4470 -0.0033 0.4836 -0.0393 0.4739 0.0441 0.5011 -0.0218 0.5021
19: 0.0231 -0.1953 0.0250 -0.2094 0.0267 -0.2094 0.0284 -0.2093 0.0176 -0.2113 0.0142 -0.2124 0.0107 -0.2136 0.0260 -0.2048 0.0010 -0.2092 0.0246 -0.1797 0.0161 -0.1813 0.0372 -0.1023 -0.0359 -0.1207 0.0410 -0.0128 -0.0842 -0.0300 0.0830 0.0139 -0.1435 -0.0080 0.0937 0.0247 -0.1638 0.0022 0.0949 0.0146 -0.1645 -0.0046 0.0905 0.0116 -0.1576 -0.0072 0.0189 0.1130 -0.0204 0.1099 0.0165 0.2881 -0.0255 0.2853 0.0101 0.4515 -0.0372 0.4463 -0.0020 0.4790 -0.0397 0.4725 0.0442 0.4997 -0.0223 0.5012
20: 0.0245 -0.1944 0.0261 -0.2088 0.0277 -0.2086 0.0293 -0.2086 0.0189 -0.2106 0.0156 -0.2118 0.0121 -0.2130 0.0264 -0.2044 0.0021 -0.2088 0.0256 -0.1788 0.0174 -0.1803 0.0373 -0.1031 -0.0358 -0.1210 0.0432 -0.0162 -0.0854 -0.0333 0.0866 0.0094 -0.1437 -0.0210 0.0979 0.0198 -0.1626 -0.0123 0.0995 0.0089 -0.1629 -0.0222 0.0950 0.0065 -0.1565 -0.0241 0.0186 0.1134 -0.0202 0.1106 0.0169 0.2882 -0.0250 0.2854 0.0100 0.4514 -0.0375 0.4463 -0.0016 0.4789 -0.0402 0.4721 0.0440 0.4993 -0.0230 0.5011
21: 0.0253 -0.1937 0.0267 -0.2081 0.0283 -0.2079 0.0298 -0.2078 0.0197 -0.2100 0.0164 -0.2112 0.0129 -0.2124 0.0265 -0.2039 0.0029 -0.2083 0.0262 -0.1782 0.0181 -0.1798 0.0374 -0.1036 -0.0357 -0.1214 0.0462 -0.0188 -0.0861 -0.0373 0.0918 0.0037 -0.1438 -0.0295 0.1022 0.0165 -0.1609 -0.0229 0.1032 0.0054 -0.1608 -0.0360 0.0991 0.0016 -0.1549 -0.0364 0.0184 0.1137 -0.0203 0.1113 0.0172 0.2881 -0.0240 0.2853 0.0099 0.4514 -0.0380 0.4450 -0.0010 0.4788 -0.0415 0.4685 0.0439 0.4990 -0.0234 0.5006
22: 0.0261 -0.1934 0.0273 -0.2077 0.0289 -0.2075 0.0303 -0.2074 0.0204 -0.2097 0.0171 -0.2109 0.0136 -0.2120 0.0268 -0.2037 0.0036 -0.2078 0.0269 -0.1782 0.0188 -0.1797 0.0378 -0.1043 -0.0358 -0.1220 0.0494 -0.0195 -0.0873 -0.0388 0.0956 -0.0084 -0.1422 -0.0420 0.1060 0.0001 -0.1588 -0.0431 0.1066 -0.0104 -0.1587 -0.0551 0.1025 -0.0129 -0.1530 -0.0532 0.0184 0.1147 -0.0204 0.1117 0.0186 0.2897 -0.0233 0.2858 0.0099 0.4511 -0.0378 0.4427 -0.0001 0.4783 -0.0414 0.4656 0.0439 0.4985 -0.0234 0.4995
23: 0.0265 -0.1926 0.0277 -0.2069 0.0292 -0.2067 0.0306 -0.2067 0.0207 -0.2089 0.0175 -0.2099 0.0139 -0.2110 0.0270 -0.2031 0.0039 -0.2067 0.0274 -0.1775 0.0193 -0.1789 0.0388 -0.1035 -0.0358 -0.1223 0.0550 -0.0216 -0.0886 -0.0389 0.1032 -0.0147 -0.1393 -0.0577 0.1139 -0.0088 -0.1559 -0.0617 0.1131 -0.0211 -0.1551 -0.0720 0.1091 -0.0225 -0.1491 -0.0696 0.0184 0.1146 -0.0214 0.1111 0.0215 0.2904 -0.0221 0.2857 0.0102 0.4511 -0.0377 0.4421 0.0007 0.4780 -0.0413 0.4652 0.0440 0.4985 -0.0226 0.4991
24: 0.0269 -0.1910 0.0281 -0.2056 0.0297 -0.2055 0.0311 -0.2054 0.0211 -0.2074 0.0178 -0.2084 0.0143 -0.2093 0.0272 -0.2026 0.0042 -0.2058 0.0277 -0.1753 0.0196 -0.1773 0.0397 -0.1013 -0.0360 -0.1234 0.0630 -0.0232 -0.0889 -0.0403 0.1104 -0.0259 -0.1377 -0.0671 0.1222 -0.0235 -0.1541 -0.0752 0.1199 -0.0368 -0.1542 -0.0860 0.1152 -0.0373 -0.1488 -0.0826 0.0180 0.1147 -0.0218 0.1100 0.0226 0.2925 -0.0206 0.2860 0.0102 0.4494 -0.0366 0.4405 0.0006 0.4763 -0.0407 0.4635 0.0433 0.4971 -0.0197 0.4984
25: 0.0277 -0.1897 0.0289 -0.2045 0.0305 -0.2044 0.0319 -0.2043 0.0218 -0.2061 0.0184 -0.2069 0.0149 -0.2076 0.0277 -0.2015 0.0047 -0.2046 0.0284 -0.1732 0.0202 -0.1754 0.0406 -0.0993 -0.0357 -0.1225 0.0693 -0.0247 -0.0891 -0.0415 0.1165 -0.0381 -0.1328 -0.0782 0.1301 -0.0375 -0.1508 -0.0885 0.1256 -0.0500 -0.1463 -0.0993 0.1203 -0.0502 -0.1394 -0.0966 0.0179 0.1138 -0.0227 0.1081 0.0239 0.2910 -0.0186 0.2851 0.0105 0.4470 -0.0339 0.4402 0.0009 0.4731 -0.0394 0.4617 0.0435 0.4949 -0.0183 0.4980
26: 0.0287 -0.1866 0.0297 -0.2015 0.0312 -0.2013 0.0326 -0.2011 0.0226 -0.2032 0.0191 -0.2040 0.0156 -0.2045 0.0282 -0.1982 0.0053 -0.2015 0.0293 -0.1698 0.0213 -0.1719 0.0415 -0.0993 -0.0354 -0.1209 0.0689 -0.0263 -0.0890 -0.0427 0.1180 -0.0452 -0.1249 -0.0822 0.1341 -0.0448 -0.1410 -0.0941 0.1302 -0.0570 -0.1359 -0.1049 0.1236 -0.0579 -0.1289 -0.1027 0.0176 0.1128 -0.0235 0.1073 0.0262 0.2887 -0.0166 0.2844 0.0116 0.4450 -0.0321 0.4393 0.0020 0.4710 -0.0386 0.4604 0.0435 0.4934 -0.0166 0.4969
27: 0.0286 -0.1873 0.0296 -0.2019 0.0311 -0.2016 0.0326 -0.2013 0.0225 -0.2039 0.0189 -0.2046 0.0154 -0.2049 0.0282 -0.1977 0.0051 -0.2011 0.0293 -0.1701 0.0213 -0.1720 0.0421 -0.1009 -0.0356 -0.1198 0.0743 -0.0337 -0.0893 -0.0431 0.1226 -0.0534 -0.1184 -0.0889 0.1407 -0.0508 -0.1312 -0.1005 0.1378 -0.0615 -0.1267 -0.1113 0.1302 -0.0628 -0.1212 -0.1091 0.0174 0.1129 -0.0239 0.1077 0.0272 0.2830 -0.0146 0.2800 0.0122 0.4401 -0.0318 0.4340 0.0027 0.4663 -0.0385 0.4553 0.0431 0.4884 -0.0169 0.4915
28: 0.0284 -0.1880 0.0295 -0.2025 0.0311 -0.2023 0.0325 -0.2021 0.0224 -0.2043 0.0188 -0.2052 0.0153 -0.2059 0.0283 -0.1987 0.0050 -0.2030 0.0292 -0.1718 0.0211 -0.1733 0.0430 -0.1054 -0.0354 -0.1195 0.0800 -0.0460 -0.0893 -0.0454 0.1264 -0.0614 -0.1112 -0.0928 0.1445 -0.0586 -0.1219 -0.1072 0.1423 -0.0689 -0.1173 -0.1179 0.1344 -0.0698 -0.1126 -0.1139 0.0172 0.1148 -0.0246 0.1101 0.0299 0.2748 -0.0129 0.2742 0.0137 0.4309 -0.0314 0.4251 0.0038 0.4569 -0.0385 0.4464 0.0425 0.4792 -0.0162 0.4823
29: 0.0288 -0.1887 0.0296 -0.2034 0.0312 -0.2031 0.0327 -0.2029 0.0226 -0.2051 0.0191 -0.2058 0.0155 -0.2062 0.0286 -0.1991 0.0051 -0.2022 0.0298 -0.1722 0.0217 -0.1731 0.0439 -0.1081 -0.0353 -0.1180 0.0839 -0.0528 -0.0890 -0.0458 0.1313 -0.0672 -0.1044 -0.0961 0.1487 -0.0680 -0.1136 -0.1110 0.1458 -0.0778 -0.1077 -0.1224 0.1390 -0.0776 -0.1035 -0.1177 0.0165 0.1155 -0.0251 0.1106 0.0326 0.2711 -0.0111 0.2726 0.0140 0.4234 -0.0314 0.4181 0.0038 0.4495 -0.0386 0.4390 0.0421 0.4719 -0.0162 0.4749
30: 0.0289 -0.1889 0.0296 -0.2037 0.0313 -0.2035 0.0328 -0.2032 0.0226 -0.2049 0.0191 -0.2054 0.0156 -0.2055 0.0284 -0.1990 0.0052 -0.2008 0.0299 -0.1722 0.0219 -0.1728 0.0438 -0.1075 -0.0347 -0.1160 0.0853 -0.0534 -0.0881 -0.0459 0.1340 -0.0693 -0.0934 -0.0975 0.1512 -0.0697 -0.1011 -0.1097 0.1486 -0.0788 -0.0948 -0.1204 0.1423 -0.0788 -0.0909 -0.1165 0.0159 0.1141 -0.0251 0.1095 0.0341 0.2676 -0.0088 0.2737 0.0144 0.4185 -0.0311 0.4132 0.0040 0.4441 -0.0385 0.4332 0.0418 0.4673 -0.0163 0.4699
31: 0.0290 -0.1875 0.0297 -0.2022 0.0313 -0.2020 0.0328 -0.2017 0.0226 -0.2033 0.0192 -0.2035 0.0155 -0.2036 0.0283 -0.1978 0.0050 -0.1989 0.0300 -0.1709 0.0220 -0.1713 0.0439 -0.1070 -0.0341 -0.1161 0.0863 -0.0516 -0.0857 -0.0469 0.1366 -0.0707 -0.0848 -0.1002 0.1529 -0.0704 -0.0904 -0.1125 0.1505 -0.0796 -0.0838 -0.1218 0.1448 -0.0795 -0.0794 -0.1188 0.0151 0.1136 -0.0250 0.1097 0.0356 0.2668 -0.0063 0.2732 0.0148 0.4168 -0.0308 0.4097 0.0042 0.4419 -0.0385 0.4289 0.0425 0.4641 -0.0161 0.4661
32: 0.0282 -0.1885 0.0287 -0.2026 0.0304 -0.2025 0.0319 -0.2025 0.0215 -0.2030 0.0180 -0.2031 0.0142 -0.2029 0.0273 -0.1988 0.0041 -0.1982 0.0294 -0.1729 0.0215 -0.1722 0.0438 -0.1080 -0.0340 -0.1142 0.0872 -0.0465 -0.0796 -0.0433 0.1399 -0.0737 -0.0777 -0.0935 0.1551 -0.0740 -0.0836 -0.0896 0.1523 -0.0838 -0.0750 -0.1047 0.1469 -0.0844 -0.0723 -0.1046 0.0151 0.1128 -0.0250 0.1096 0.0373 0.2655 -0.0043 0.2716 0.0149 0.4126 -0.0298 0.4049 0.0042 0.4370 -0.0380 0.4236 0.0426 0.4596 -0.0161 0.4608
33: 0.0271 -0.1885 0.0274 -0.2021 0.0291 -0.2021 0.0306 -0.2022 0.0204 -0.2024 0.0169 -0.2025 0.0130 -0.2023 0.0260 -0.1982 0.0028 -0.1971 0.0286 -0.1740 0.0206 -0.1726 0.0432 -0.1073 -0.0334 -0.1154 0.0850 -0.0438 -0.0749 -0.0472 0.1417 -0.0679 -0.0732 -0.0786 0.1560 -0.0693 -0.0771 -0.0756 0.1540 -0.0781 -0.0685 -0.0893 0.1493 -0.0778 -0.0659 -0.0891 0.0150 0.1123 -0.0246 0.1105 0.0379 0.2635 -0.0036 0.2699 0.0147 0.4100 -0.0295 0.4034 0.0039 0.4338 -0.0380 0.4218 0.0429 0.4567 -0.0163 0.4575
34: 0.0251 -0.1907 0.0257 -0.2049 0.0275 -0.2048 0.0290 -0.2048 0.0188 -0.2054 0.0151 -0.2055 0.0114 -0.2054 0.0253 -0.1988 0.0012 -0.1983 0.0271 -0.1757 0.0192 -0.1749 0.0429 -0.1062 -0.0334 -0.1175 0.0835 -0.0408 -0.0685 -0.0442 0.1408 -0.0587 -0.0704 -0.0625 0.1557 -0.0576 -0.0754 -0.0613 0.1542 -0.0676 -0.0676 -0.0756 0.1494 -0.0682 -0.0646 -0.0746 0.0150 0.1128 -0.0245 0.1108 0.0383 0.2623 -0.0033 0.2690 0.0147 0.4092 -0.0287 0.4026 0.0039 0.4329 -0.0372 0.4208 0.0442 0.4555 -0.0164 0.4554
35: 0.0249 -0.1912 0.0250 -0.2054 0.0266 -0.2054 0.0280 -0.2053 0.0186 -0.2058 0.0149 -0.2060 0.0112 -0.2060 0.0239 -0.1991 0.0004 -0.1984 0.0269 -0.1758 0.0192 -0.1753 0.0425 -0.1052 -0.0337 -0.1182 0.0829 -0.0355 -0.0658 -0.0386 0.1407 -0.0447 -0.0670 -0.0472 0.1558 -0.0432 -0.0716 -0.0461 0.1550 -0.0539 -0.0630 -0.0611 0.1501 -0.0549 -0.0600 -0.0606 0.0154 0.1131 -0.0242 0.1101 0.0387 0.2653 -0.0031 0.2705 0.0149 0.4130 -0.0284 0.4061 0.0041 0.4372 -0.0370 0.4247 0.0457 0.4588 -0.0162 0.4592
36: 0.0238 -0.1912 0.0238 -0.2055 0.0255 -0.2054 0.0269 -0.2054 0.0172 -0.2062 0.0134 -0.2064 0.0094 -0.2064 0.0229 -0.1997 -0.0014 -0.1994 0.0260 -0.1758 0.0182 -0.1755 0.0424 -0.1053 -0.0337 -0.1186 0.0823 -0.0328 -0.0630 -0.0331 0.1396 -0.0298 -0.0652 -0.0285 0.1549 -0.0258 -0.0699 -0.0226 0.1550 -0.0371 -0.0630 -0.0386 0.1498 -0.0383 -0.0602 -0.0398 0.0154 0.1127 -0.0241 0.1112 0.0385 0.2666 -0.0036 0.2711 0.0150 0.4153 -0.0285 0.4085 0.0041 0.4399 -0.0371 0.4274 0.0473 0.4614 -0.0161 0.4620
37: 0.0219 -0.1950 0.0222 -0.2084 0.0240 -0.2082 0.0256 -0.2081 0.0152 -0.2085 0.0114 -0.2084 0.0075 -0.2080 0.0222 -0.2013 -0.0025 -0.2000 0.0244 -0.1798 0.0164 -0.1792 0.0419 -0.1029 -0.0329 -0.1207 0.0811 -0.0275 -0.0619 -0.0302 0.1377 -0.0137 -0.0655 -0.0126 0.1529 -0.0091 -0.0692 0.0015 0.1530 -0.0191 -0.0622 -0.0082 0.1478 -0.0205 -0.0597 -0.0117 0.0151 0.1141 -0.0241 0.1097 0.0377 0.2700 -0.0057 0.2726 0.0146 0.4195 -0.0291 0.4126 0.0038 0.4444 -0.0367 0.4317 0.0476 0.4659 -0.0169 0.4663
38: 0.0204 -0.1999 0.0214 -0.2123 0.0233 -0.2120 0.0251 -0.2118 0.0139 -0.2137 0.0102 -0.2143 0.0062 -0.2147 0.0223 -0.2050 -0.0033 -0.2081 0.0227 -0.1835 0.0140 -0.1837 0.0413 -0.1035 -0.0338 -0.1231 0.0796 -0.0191 -0.0636 -0.0252 0.1372 0.0044 -0.0675 0.0093 0.1522 0.0148 -0.0706 0.0255 0.1527 0.0065 -0.0637 0.0142 0.1471 0.0028 -0.0615 0.0098 0.0162 0.1154 -0.0240 0.1110 0.0370 0.2740 -0.0111 0.2723 0.0146 0.4272 -0.0292 0.4203 0.0036 0.4521 -0.0360 0.4407 0.0477 0.4737 -0.0176 0.4742
39: 0.0211 -0.2061 0.0218 -0.2200 0.0235 -0.2199 0.0252 -0.2199 0.0143 -0.2207 0.0106 -0.2209 0.0066 -0.2208 0.0220 -0.2136 -0.0031 -0.2143 0.0231 -0.1894 0.0145 -0.1897 0.0412 -0.1066 -0.0361 -0.1238 0.0772 -0.0140 -0.0639 -0.0201 0.1314 0.0195 -0.0664 0.0354 0.1510 0.0334 -0.0718 0.0620 0.1525 0.0267 -0.0643 0.0516 0.1455 0.0221 -0.0587 0.0421 0.0178 0.1169 -0.0227 0.1133 0.0348 0.2768 -0.0140 0.2699 0.0152 0.4335 -0.0285 0.4256 0.0042 0.4584 -0.0340 0.4475 0.0476 0.4802 -0.0167 0.4801
40: 0.0212 -0.2094 0.0216 -0.2239 0.0232 -0.2238 0.0248 -0.2235 0.0144 -0.2243 0.0106 -0.2241 0.0064 -0.2239 0.0219 -0.2152 -0.0044 -0.2163 0.0236 -0.1932 0.0148 -0.1935 0.0402 -0.1013 -0.0370 -0.1231 0.0725 -0.0007 -0.0615 -0.0160 0.1226 0.0417 -0.0670 0.0536 0.1408 0.0586 -0.0710 0.0799 0.1429 0.0523 -0.0630 0.0746 0.1359 0.0473 -0.0596 0.0661 0.0187 0.1134 -0.0220 0.1109 0.0311 0.2807 -0.0153 0.2714 0.0149 0.4471 -0.0276 0.4406 0.0044 0.4708 -0.0327 0.4640 0.0428 0.4951 -0.0138 0.4951
